-437.,-364.7,-292.4,-231.,-160.1,-181.1,-308.7,-405.8,-518.4,-713.8,-864.3,-993.4,-1054.8,-1150.5,-1306.6,-1424.8,-1495.8,-1509.,-1410.8,-1294.8,-1217.3,-1075.5,-993.4,-988.6,-888.5,-733.2,-639.9,-606.6,-581.,-557.9,-469.7,-264.8,-150.6,189.4,912.,1495.7,1910.8,2124.8,2124.8,H
-31.2,-4.3,9.5,-3.6,1.6,110.,305.9,506.1,613.6,717.9,850.4,892.3,814.6,723.2,592.,315.9,-18.6,-212.3,-216.4,-236.8,-290.7,-357.,-545.4,-701.,-1340.4,-2562.1,-3352.7,-3326.6,-3092.2,-2242.4,-565.,725.4,1250.7,1313.2,1299.6,1249.3,1234.9,1323.6,1390.,H
661.,549.4,303.6,124.8,80.2,98.4,105.1,145.2,321.7,446.6,596.6,923.9,1195.7,1231.4,1172.6,1106.2,890.,637.,403.9,274.,169.4,-45.1,-253.1,-358.6,-366.,-392.1,-330.1,-118.,71.9,137.8,121.8,-4.6,-182.7,-60.8,128.8,400.2,933.1,1272.6,1350.6,H
-505.,-505.,-472.3,-422.6,-464.3,-571.6,-620.2,-718.6,-848.,-866.1,-857.7,-862.2,-844.5,-852.2,-892.8,-857.3,-806.6,-710.3,-545.8,-375.9,-197.5,-120.8,-75.,-143.9,-363.6,-352.,-235.4,-87.1,416.1,968.1,1118.9,1092.3,936.6,592.,348.2,190.2,97.7,88.6,88.6,H
778.2,1091.8,1600.8,1823.6,1766.,1681.,1536.5,1262.,956.2,550.6,320.8,103.3,-312.8,-592.1,-655.4,-638.,-542.6,-325.2,-80.5,185.7,329.2,491.2,808.,1112.8,1194.9,1127.,1019.5,981.6,1298.1,1934.3,2323.6,2641.8,3047.6,2968.4,2622.4,2443.2,2267.6,1942.9,1793.8,H
835.6,940.,1048.7,1048.,982.6,705.4,208.8,-209.5,-375.5,-477.7,-480.9,-307.6,-241.6,-411.5,-583.4,-625.8,-603.2,-562.,-531.9,-457.8,-436.,-443.8,-434.7,-515.7,-1008.,-1870.6,-2670.6,-3126.8,-3050.1,-2317.7,-1069.4,144.7,978.8,1372.2,1477.5,1427.3,1341.6,1181.5,1044.2,H
-93.8,-93.8,-72.6,-137.7,-373.3,-666.2,-809.8,-960.6,-1181.2,-1192.5,-1070.7,-1007.4,-983.8,-860.9,-678.3,-514.8,-434.6,-294.8,-74.5,71.2,235.2,334.,373.5,436.2,416.5,310.6,247.6,212.3,149.5,308.2,804.,1113.6,1410.9,1975.3,2285.2,2174.9,2021.8,1824.3,1626.8,H
-298.8,-117.3,129.4,323.5,507.1,561.8,529.8,472.3,520.6,812.9,1031.4,1230.9,1515.4,1661.3,1680.3,1638.4,1647.3,1691.,1610.1,1338.7,1183.,1041.,802.2,563.5,227.4,33.2,146.5,549.,1011.4,1304.,1423.4,1222.9,690.8,284.3,255.9,302.4,360.6,460.3,501.8,H
1638.,1555.9,1473.8,1461.,1400.1,1331.,1271.3,1232.6,1138.4,1022.6,868.7,711.7,687.,610.,379.,222.8,87.1,-46.4,-103.3,-145.7,-193.5,-333.4,-411.,-380.9,-694.8,-1016.5,-772.1,-550.,-495.3,29.5,630.9,731.8,701.4,689.1,603.8,416.4,262.5,223.,223.,H
54.8,0.2,-157.2,-320.3,-370.1,-359.6,-387.3,-467.6,-557.7,-648.1,-701.,-752.8,-756.5,-756.7,-802.6,-800.2,-749.3,-710.9,-607.8,-491.2,-490.2,-444.8,-338.2,-307.2,-536.8,-736.2,-799.2,-672.2,-41.5,1097.9,1796.6,2255.6,2868.1,2926.1,2650.4,2470.2,2278.,1940.7,1795.6,H
-143.2,-181.2,-281.9,-344.6,-459.5,-622.,-655.3,-542.1,-443.2,-358.4,-275.5,-333.9,-411.7,-433.,-490.4,-506.5,-448.1,-539.6,-648.2,-675.2,-1043.9,-1441.3,-1750.,-2003.,-1905.6,-1396.1,-685.2,191.1,768.6,992.7,1323.7,1411.,1351.2,1311.,1233.4,1130.7,1114.9,1072.5,1020.8,H
186.2,233.2,308.3,365.5,367.,339.4,130.2,-259.8,-505.9,-486.9,-402.6,-104.5,372.,599.8,574.8,500.4,410.4,282.4,185.4,119.6,112.8,91.,55.5,-260.8,-574.5,-585.6,-857.,-1074.8,-499.1,231.3,439.6,839.8,1328.8,1292.1,1012.4,858.2,772.,577.,468.2,H
-459.,-439.7,-412.9,-406.,-406.6,-398.5,-382.8,-389.7,-373.3,-342.4,-358.,-391.3,-536.1,-910.2,-1157.2,-1397.2,-1802.5,-1958.9,-1720.5,-1491.,-1171.6,-543.4,42.8,574.2,828.2,997.2,1285.4,1506.3,1791.1,1974.2,2269.9,2763.7,3020.5,2845.7,2612.2,2227.2,1496.3,981.9,813.4,H
-562.,-633.1,-704.2,-798.8,-978.9,-1177.,-1338.,-1386.4,-1394.2,-1372.2,-1266.8,-1095.,-998.8,-894.3,-729.8,-609.4,-484.6,-420.2,-373.7,-267.3,-175.6,-105.2,-66.6,14.3,153.5,265.3,397.9,477.,474.4,487.1,507.7,467.7,422.4,344.5,229.1,171.5,100.6,49.8,49.8,H
-69.4,-69.4,-32.2,69.,139.5,125.5,128.3,121.5,-9.5,-174.2,-238.,-347.2,-451.,-423.,-402.9,-464.6,-437.9,-389.1,-473.8,-502.5,-503.3,-523.,-561.3,-785.1,-1139.6,-1354.,-1399.4,-1305.6,-890.,-276.6,267.2,519.4,618.1,760.5,747.9,602.5,513.4,409.1,304.8,H
-1435.8,-1493.1,-1549.3,-1462.2,-1376.2,-1331.1,-1245.8,-1131.,-1005.9,-955.4,-904.4,-796.,-706.6,-636.3,-598.,-566.1,-536.3,-572.,-705.7,-805.8,-874.7,-1030.1,-1138.7,-993.5,-826.2,-530.9,104.2,830.2,1401.1,1585.8,1627.1,1691.,1643.8,1524.1,1474.2,1368.3,1191.7,1064.2,1007.4,H
-951.4,-839.9,-728.4,-643.5,-467.9,-374.4,-354.4,-337.2,-305.2,-228.2,-151.6,-115.8,-111.6,-76.9,-69.9,-129.6,-194.7,-227.8,-288.8,-347.,-271.9,-212.8,-226.,-428.3,-709.5,-777.4,-476.2,-186.,472.2,1673.6,2555.,2901.5,2909.8,2692.8,2137.4,1471.8,897.8,651.,651.,H
-467.6,-467.6,-452.6,-520.3,-714.9,-981.6,-1136.4,-1188.6,-1185.1,-924.4,-502.1,-284.8,-138.4,68.,81.9,51.5,67.2,-25.2,-157.,-182.5,-191.,-213.4,34.6,419.2,915.5,1744.4,2213.6,2504.,3132.4,3414.8,3032.9,2706.6,2280.5,1504.3,904.4,539.6,424.6,373.2,321.8,H
-110.4,-75.8,-14.7,48.9,136.1,186.2,197.4,213.,168.1,36.9,-45.,4.3,109.,223.1,348.7,415.6,435.3,426.7,367.1,319.4,303.,240.6,195.9,266.6,379.4,439.2,498.,586.8,315.3,-538.8,-1091.4,-1528.2,-2178.7,-2086.4,-1125.2,-470.,153.7,1204.1,1630.8,H
48.,-186.6,-544.,-666.8,-630.,-355.6,172.7,662.2,861.,902.5,938.6,863.2,804.4,815.6,860.3,864.,891.3,904.8,850.,828.1,822.3,812.2,774.5,763.,774.6,821.2,632.5,327.5,246.2,38.8,-209.6,-62.1,245.4,364.4,549.7,783.5,859.7,908.1,928.8,H
-113.8,-113.8,-181.9,-303.9,-266.6,-65.2,45.,248.,713.3,1058.8,1244.5,1526.6,1577.5,1363.5,1194.5,958.9,643.8,480.6,487.5,533.7,656.3,761.1,782.6,416.6,-384.3,-919.6,-941.4,-862.8,-450.,442.9,1063.7,1244.1,1283.8,1227.7,1051.6,786.2,511.7,382.6,382.6,H
-849.2,-976.9,-1063.9,-1023.2,-992.6,-909.8,-855.8,-968.1,-1082.2,-1151.2,-1331.3,-1562.3,-1590.7,-1499.2,-1376.7,-1125.5,-807.4,-558.5,-499.,-462.,-392.3,-315.8,-73.1,125.8,301.3,755.,1253.8,1485.9,1497.4,1483.2,1395.3,1287.2,1283.5,1314.2,1257.6,1159.7,995.8,699.7,526.2,H
-409.2,-408.,-327.1,-73.6,329.4,558.6,617.1,684.9,719.1,700.,656.,616.7,632.1,671.3,683.,710.2,675.9,512.3,286.1,104.8,20.4,-47.1,-351.,-800.5,-1259.9,-1506.2,-1555.2,-1399.1,-973.,-467.9,-183.8,-32.8,139.9,179.6,216.,234.4,207.,249.1,318.6,H
1070.,1070.,918.4,641.4,407.1,299.7,301.2,231.3,97.6,106.,319.6,461.,568.4,619.2,253.1,-503.6,-950.8,-1275.4,-1770.6,-1944.,-1866.9,-1787.,-1700.3,-1514.3,-1313.9,-1229.5,-1246.2,-1358.6,-1491.9,-1219.,-511.1,-97.,328.5,1011.4,1143.9,829.8,640.6,552.7,464.8,H
-549.8,-420.6,-290.5,-382.,-521.4,-568.4,-655.7,-754.9,-689.8,-540.5,-540.1,-572.1,-480.8,-371.8,-314.2,-224.3,-11.9,158.2,280.4,355.,424.4,531.7,656.9,762.1,780.,811.8,820.6,687.6,442.3,307.,299.8,469.3,1027.1,1844.5,2280.8,2516.8,2799.9,2691.8,2536.6,H
-134.8,-174.9,-215.,-295.8,-493.7,-655.1,-746.1,-792.8,-737.9,-649.7,-604.6,-512.3,-431.8,-390.6,-262.5,-125.3,-71.2,-67.4,-57.3,-16.8,7.5,36.4,71.4,25.1,18.8,80.,160.7,220.2,311.8,429.3,523.4,561.3,531.,575.8,719.5,964.4,1385.,1659.6,1659.6,H
344.4,344.4,414.5,555.7,630.5,487.4,340.6,305.1,191.,65.7,26.7,128.5,152.9,203.2,273.9,224.6,299.,566.9,878.5,1312.9,1629.2,1798.4,2153.1,2268.4,1917.8,1637.4,1349.2,723.2,249.1,189.4,266.,319.8,439.7,580.2,714.5,774.4,768.1,784.3,806.8,H
214.4,214.4,219.7,371.3,646.7,969.2,1162.6,1222.,1079.8,487.9,-251.9,-601.4,-819.4,-1209.1,-1387.5,-1427.3,-1460.4,-1602.9,-1705.3,-1717.1,-1765.1,-1761.2,-1692.8,-1767.5,-1917.8,-2160.8,-2396.6,-2187.3,-1581.9,-696.7,400.1,1007.8,1156.7,1252.9,1036.3,704.9,537.4,392.,246.6,H
46.2,18.2,-73.4,-154.4,-168.9,-166.,16.9,483.7,1015.5,1389.7,1602.6,1541.4,1169.6,744.6,319.4,10.6,-74.,-169.5,-312.1,-382.9,-549.9,-693.2,-705.2,-970.5,-1232.3,-1092.2,-943.6,-754.4,-140.1,470.1,732.7,810.2,735.9,566.6,477.3,462.2,441.4,498.9,556.4,H
235.,293.,449.2,547.4,583.3,520.7,350.3,132.1,-14.2,-98.9,-252.7,-343.8,-343.,-320.2,-382.7,-457.5,-575.9,-798.3,-914.6,-1236.6,-1483.2,-1306.7,-1065.9,-926.2,-531.3,-127.1,-77.,-20.1,-4.,6.8,42.3,85.1,100.5,97.8,-5.4,-248.8,-527.6,-808.,-949.8,H
-325.4,-226.,-5.,151.6,247.7,376.3,496.6,508.4,577.3,802.6,1140.7,1526.4,1689.4,1836.3,2096.1,2195.4,2160.,2138.2,1824.,1246.5,877.8,810.8,849.2,1226.8,1893.6,2320.2,2478.,2498.4,2387.9,2134.3,1835.,1530.2,1381.6,1225.3,947.2,686.2,392.5,238.,238.,H
-57.2,-28.2,-100.4,-321.9,-442.2,-504.2,-719.7,-931.8,-1043.7,-1097.,-1215.5,-1313.,-1193.2,-1021.3,-948.2,-892.7,-742.7,-635.8,-546.8,-470.2,-360.3,-222.3,-40.8,266.5,420.4,596.3,859.8,1096.,1444.2,1643.8,1741.,1952.8,1957.7,1607.7,1367.4,1175.3,860.4,671.7,605.8,H
-358.4,-406.5,-518.3,-803.8,-1332.,-1638.4,-1844.,-2206.2,-2259.2,-1905.7,-1655.8,-1491.8,-1140.4,-897.5,-816.4,-790.8,-723.9,-645.9,-569.,-432.5,-361.8,-364.7,-418.6,-535.9,-748.6,-895.,-1032.2,-1361.2,-1931.2,-2497.4,-2685.4,-2576.3,-2062.5,-1030.2,82.3,567.2,754.5,963.,984.2,H
132.6,142.8,93.2,33.4,-16.8,-147.2,-336.7,-589.2,-951.7,-1145.,-1190.3,-1249.5,-1126.6,-836.3,-656.8,-530.2,-316.9,-259.8,-338.2,-387.,-435.7,-546.1,-556.7,-428.3,-351.,-293.5,-100.9,-228.8,-480.5,-661.1,-882.4,-756.8,28.7,991.7,1516.1,2083.7,2548.5,2620.6,2603.6,H
18.4,18.4,-136.9,-510.4,-938.6,-1306.2,-1463.8,-1521.4,-1564.2,-1558.8,-1536.2,-1504.2,-1485.9,-1425.4,-1280.3,-1022.5,-867.6,-681.2,-314.9,33.7,298.6,394.8,407.,372.5,259.8,173.,152.2,222.9,476.2,927.3,1529.6,1863.4,2209.3,2798.6,3074.8,2903.6,2699.6,2376.,2052.4,H
320.8,381.3,467.5,493.2,504.8,515.8,429.6,423.2,502.4,656.7,942.5,1123.,1009.,846.,592.6,151.6,-151.2,-298.1,-329.8,-346.7,-395.2,-397.8,-331.3,-293.8,-317.6,-655.1,-1156.4,-1186.6,-1029.2,-864.8,-229.8,603.,951.2,937.2,958.8,942.2,834.8,721.7,677.8,H
-1156.,-1156.,-1328.8,-1443.1,-1372.8,-1335.2,-1309.4,-1284.2,-1173.8,-1046.7,-1192.8,-1380.8,-1547.,-1882.,-2243.3,-2487.8,-2539.8,-2572.,-2718.,-2864.6,-2800.4,-2703.4,-2436.3,-1518.4,-31.3,1663.2,2521.4,3087.8,3785.4,3766.7,3311.1,3005.4,2636.6,2066.7,1729.5,1334.1,1074.8,956.1,837.4,H
547.4,547.4,491.8,345.2,146.7,18.9,-1.4,-11.9,16.5,63.3,80.1,89.,122.2,162.6,206.7,442.6,641.6,755.3,1006.8,1163.6,978.,773.4,565.6,126.5,-292.5,-591.5,-702.8,-654.,-512.5,-220.5,132.9,287.,329.9,362.4,327.2,274.4,246.4,201.8,157.2,H
0.,0.,95.,190.,223.5,91.8,-236.1,-613.2,-827.6,-934.3,-941.9,-1073.2,-1205.8,-1108.,-1051.,-867.7,-254.,714.4,1195.4,692.6,-924.,-2552.4,-3312.2,-3557.4,-2817.3,-796.8,1037.8,1530.1,1468.2,1382.2,1201.9,973.7,687.5,535.2,400.1,132.5,0.,0.,0.,H
212.4,261.5,352.1,389.1,382.6,380.6,286.5,30.7,-317.3,-701.2,-898.8,-916.9,-856.8,-601.8,-177.9,69.2,198.9,455.5,650.3,715.,711.8,734.6,670.,585.3,707.5,827.,972.9,1331.7,1560.5,1455.6,1334.8,1145.1,790.5,577.8,484.1,438.2,421.5,388.,371.2,M
-478.4,-443.1,-359.,-288.1,-266.,-223.8,-159.3,-115.5,-59.6,-25.2,-20.1,-3.8,38.8,97.7,125.2,133.4,117.3,-1.2,-170.9,-246.4,-330.8,-366.9,-227.8,-93.5,-50.,19.3,30.9,-73.4,-135.6,-151.2,-159.3,-160.9,-151.7,-146.8,-144.6,-152.1,-159.8,-191.4,-222.8,M
923.6,926.8,863.3,796.6,736.4,588.7,439.9,388.1,397.6,403.3,325.8,155.6,1.3,-66.,-64.,100.,377.5,588.7,684.4,711.4,707.2,695.2,674.1,633.8,572.1,264.1,-150.4,-322.1,-325.6,-284.2,11.5,469.8,788.9,904.,981.9,1126.,1160.4,1080.6,1032.6,M
150.2,64.3,-115.5,-209.4,-240.9,-286.9,-287.5,-283.2,-292.8,-300.,-251.4,-177.3,-102.8,-46.6,43.3,191.1,334.8,487.,553.4,564.1,575.3,514.7,387.6,321.6,287.8,199.5,130.,107.6,100.2,32.1,-62.1,-85.4,-71.7,-60.8,-24.8,48.9,68.8,56.4,61.8,M
-91.6,-65.9,-40.2,11.1,125.1,248.4,331.5,354.,364.9,367.8,339.2,317.7,316.8,341.8,386.1,397.2,300.2,211.4,109.5,-16.1,-27.6,102.7,220.8,353.5,687.9,1124.8,1572.1,1784.2,1952.7,2058.6,1851.,1474.2,1242.4,941.4,467.9,172.5,4.,-41.6,-41.6,M
814.4,814.4,842.7,782.1,605.3,467.,509.4,523.5,491.3,553.9,490.,317.2,195.8,96.7,3.4,77.5,174.4,269.3,445.7,575.9,648.4,750.3,762.1,655.8,544.3,405.5,322.8,307.4,307.5,322.7,344.,301.6,253.,255.4,303.7,413.4,517.3,557.4,557.4,M
92.8,92.8,80.9,96.,119.,135.8,156.6,181.8,155.2,16.5,-185.2,-300.,-376.,-456.9,-394.9,-249.8,-171.6,-84.4,61.5,163.9,261.1,314.6,366.4,444.9,474.3,458.1,439.2,369.5,223.7,61.,-104.1,-182.6,-231.9,-271.1,-215.3,-128.6,-95.1,-96.9,-91.2,M
74.6,98.9,129.2,135.2,85.9,-68.2,-308.6,-558.,-671.8,-706.5,-698.,-603.1,-492.9,-434.4,-319.8,-158.2,-25.9,127.6,195.8,250.7,409.1,591.7,749.8,828.8,869.3,846.7,637.3,330.6,170.2,-9.4,-287.3,-376.7,-356.2,-344.6,-317.3,-235.,-156.4,-85.5,-38.2,M
222.2,207.3,118.4,44.4,17.4,163.5,421.,613.2,721.,789.,791.3,680.9,549.2,462.2,309.5,17.6,-179.9,-218.3,-198.4,-120.9,90.8,345.9,578.8,690.8,819.9,889.1,775.5,687.5,653.2,646.9,763.7,954.1,1049.4,1077.4,1033.,924.2,813.,715.8,665.4,M
565.,434.6,212.7,121.2,73.,37.5,105.,153.5,147.2,148.,131.3,109.8,172.9,240.,269.3,351.5,420.8,426.8,416.4,438.2,347.2,139.6,-129.6,-304.,-427.2,-555.5,-543.,-429.4,-333.4,-249.2,-87.5,77.1,232.5,300.8,333.1,389.8,431.9,468.2,486.8,M
44.6,55.1,85.6,58.6,11.6,-101.8,-315.8,-540.7,-755.5,-846.,-933.9,-1056.6,-1067.9,-963.6,-882.8,-736.1,-467.6,-278.2,-168.8,-127.,-38.1,94.2,193.8,270.9,291.8,314.9,332.2,292.2,256.5,255.,205.7,132.6,130.9,172.,191.,154.8,115.7,86.3,59.8,M
-525.8,-633.1,-740.4,-818.9,-993.2,-1242.2,-1487.5,-1579.6,-1583.1,-1530.4,-1370.8,-1171.7,-1076.,-1007.3,-850.7,-635.7,-409.4,-310.2,-197.1,-9.4,116.7,172.5,176.8,179.,161.2,25.7,-187.3,-284.8,-376.,-525.2,-559.2,-468.8,-402.4,-311.8,-152.6,-20.5,74.3,105.6,105.6,M
32.,113.1,236.5,256.7,103.,-28.6,-170.,-399.2,-549.,-572.7,-534.4,-461.6,-345.8,-256.7,-168.6,-126.6,-73.2,50.5,201.1,343.5,405.6,453.7,543.2,599.1,540.,466.4,352.3,85.9,-185.5,-362.4,-420.2,-370.7,-301.1,-267.5,-195.3,-136.6,-201.5,-243.9,-221.4,M
206.,194.5,183.,129.6,15.8,-102.3,-203.9,-247.8,-286.3,-393.1,-515.4,-609.8,-650.2,-661.8,-726.5,-822.9,-860.8,-855.4,-913.6,-947.8,-878.,-787.7,-743.2,-680.2,-487.1,-219.7,15.7,113.8,235.3,337.1,279.5,165.7,89.8,-4.2,-199.5,-431.1,-651.4,-741.4,-741.4,M
-483.2,-559.3,-635.4,-658.5,-632.4,-524.2,-452.6,-440.,-425.3,-381.4,-382.2,-382.5,-352.8,-342.2,-331.9,-277.6,-235.6,-248.2,-224.8,-159.2,-86.9,0.6,58.,82.9,80.5,35.2,12.3,7.4,29.3,85.6,143.6,186.4,205.6,210.8,222.9,215.5,220.7,240.2,240.2,M
246.6,246.6,281.4,337.6,391.7,411.1,397.8,388.5,307.8,119.2,-130.9,-263.8,-395.1,-574.,-616.7,-545.1,-478.4,-374.7,-205.9,-43.4,169.2,284.4,416.4,635.1,784.7,866.3,885.,872.2,898.4,952.2,896.2,825.4,708.1,447.6,182.3,41.7,23.2,48.4,73.6,M
717.8,780.5,871.4,950.8,989.8,977.6,1007.6,1043.5,1041.1,1049.7,1066.6,1014.5,927.,808.5,597.8,470.2,372.8,170.6,-32.,-207.6,-285.4,-394.1,-591.6,-628.1,-463.9,-352.,-160.4,257.1,582.2,790.2,899.,967.,1033.1,893.2,535.8,316.4,220.6,47.2,-30.4,M
-408.8,-528.9,-774.4,-899.8,-996.3,-1153.1,-1176.1,-1129.1,-1119.4,-1159.4,-1236.5,-1301.4,-1323.9,-1318.6,-1254.7,-1100.,-913.4,-775.1,-732.6,-683.6,-601.1,-654.6,-836.4,-931.2,-1024.7,-1160.,-1126.2,-874.,-697.4,-537.8,-304.4,-186.5,-162.2,-182.,-240.7,-328.6,-362.9,-387.,-406.,M
-849.2,-755.1,-548.2,-405.2,-375.,-339.2,-284.6,-294.5,-308.1,-293.,-279.,-270.1,-266.1,-266.6,-276.2,-304.5,-381.4,-520.1,-716.1,-822.,-908.9,-1062.6,-1124.,-1098.6,-1076.7,-937.1,-502.,52.5,616.4,1106.8,1290.4,1333.7,1382.8,1342.6,1197.8,1099.,956.5,633.1,452.2,M
-521.6,-521.6,-590.7,-742.3,-868.4,-892.9,-873.8,-867.6,-815.,-679.8,-544.3,-497.6,-439.8,-336.4,-285.8,-258.,-235.2,-218.4,-143.9,-86.7,-133.7,-180.2,-288.,-537.5,-791.2,-909.8,-916.4,-879.1,-793.2,-665.,-558.4,-531.4,-464.8,-341.2,-183.6,-9.3,64.4,93.4,122.4,M
-688.6,-771.4,-854.2,-921.7,-1028.2,-1054.3,-1006.9,-972.4,-817.1,-533.8,-304.5,-78.9,45.4,91.5,186.2,294.2,362.4,371.2,313.6,180.,130.,209.2,262.4,359.9,609.5,758.3,720.7,686.4,664.,611.8,562.8,545.8,548.,542.8,537.8,533.9,554.7,579.6,579.6,M
428.,249.9,-123.7,-463.4,-708.5,-809.4,-870.9,-993.6,-1115.8,-1132.8,-1088.8,-1000.7,-803.4,-561.7,-359.9,-290.6,-266.7,-240.2,-249.1,-283.7,-306.8,-466.5,-865.1,-1400.3,-1866.8,-2037.,-1971.9,-1702.5,-1176.5,-555.2,-255.6,-20.1,424.9,804.7,1053.3,1131.6,1188.3,1248.2,1251.4,M
105.4,105.4,40.8,-206.6,-547.9,-874.3,-1042.2,-1208.3,-1443.8,-1518.1,-1532.8,-1542.6,-1497.7,-1323.4,-1089.3,-844.4,-704.2,-611.3,-462.1,-311.8,-135.5,-53.2,25.2,133.8,107.7,-15.3,-82.,-134.7,-175.4,-84.1,67.8,140.4,214.3,320.8,405.6,519.5,581.2,653.3,725.4,M
1470.8,1430.3,1376.8,1319.4,1275.,1231.4,1174.3,1107.7,1056.5,1058.4,1065.1,1044.3,989.8,866.8,770.8,618.8,366.7,174.3,-49.,-180.,-331.9,-587.3,-702.1,-624.9,-466.9,-243.,137.,496.1,744.5,914.,968.6,953.,881.2,737.7,546.6,442.8,379.6,279.8,243.2,M
2075.6,2075.6,2095.5,1960.3,1602.,1186.7,974.6,785.7,541.9,505.5,553.,582.,690.5,933.8,1168.5,1416.5,1564.6,1545.1,1450.8,1268.5,1036.1,911.2,813.4,653.,534.4,525.4,572.4,639.,717.,668.9,470.7,332.,206.2,-25.6,-112.2,-81.4,-70.,-51.8,-33.6,M
-446.4,-521.9,-597.4,-608.3,-591.7,-584.1,-649.9,-695.8,-797.,-975.,-1039.6,-977.3,-927.2,-861.6,-721.8,-611.6,-521.3,-467.,-448.2,-425.1,-446.1,-382.1,-292.8,19.4,673.4,1343.1,1841.8,2012.6,1913.7,1632.6,1265.6,893.4,706.,610.8,443.8,349.,297.,268.,268.,M
199.2,163.6,128.,41.1,-244.3,-517.3,-561.6,-531.4,-438.4,-121.5,204.4,400.5,494.6,610.6,745.5,697.2,543.2,456.4,261.5,-141.8,-329.7,-258.5,-207.8,-47.3,343.,699.4,894.6,963.2,986.3,1025.3,988.7,895.4,854.6,829.5,786.7,767.5,680.2,594.4,594.4,M
638.8,519.5,400.2,372.9,322.2,272.2,259.8,274.,271.2,304.1,392.8,440.5,435.2,429.7,505.7,678.4,921.3,1073.,1261.3,1535.9,1642.6,1637.6,1612.2,1548.3,1376.9,1322.7,1301.9,1227.8,1088.6,851.3,542.4,251.5,171.4,168.1,151.1,146.6,138.7,121.6,121.6,M
-351.,-415.6,-480.2,-489.1,-548.1,-645.6,-709.6,-726.2,-740.4,-743.8,-630.4,-438.4,-349.,-234.2,-13.8,64.9,6.2,-25.6,-61.6,-147.7,-230.6,-368.3,-473.2,-697.6,-1041.7,-1186.7,-1095.1,-978.2,-769.2,-437.6,-272.3,-278.3,-327.,-268.1,-120.4,134.7,417.,533.,533.,M
316.2,238.,148.9,188.,238.,216.7,182.4,121.2,78.6,84.2,146.5,314.4,574.2,836.2,944.,1018.5,1134.5,1072.2,852.1,735.8,643.9,330.5,71.7,-12.4,-126.4,-120.8,80.,339.4,470.8,626.1,775.3,772.8,714.8,653.2,628.1,544.6,419.4,198.9,45.2,M
-211.6,-301.1,-549.1,-707.6,-862.5,-1178.5,-1415.9,-1491.8,-1491.4,-1493.8,-1521.9,-1599.1,-1658.5,-1666.4,-1638.4,-1523.,-1355.7,-1206.1,-1136.4,-1038.1,-891.8,-750.,-595.3,-534.4,-571.1,-584.8,-461.3,-212.1,-63.4,141.2,494.4,664.5,672.3,658.6,590.3,463.7,362.2,304.6,290.2,M
-202.2,-254.6,-297.3,-287.6,-250.1,-198.1,-236.7,-494.8,-699.8,-778.7,-815.3,-639.1,-162.7,179.8,391.1,714.4,842.9,718.7,578.,386.1,18.9,-298.1,-503.3,-566.8,-493.8,-321.2,-99.2,161.6,300.,336.4,399.3,423.9,395.2,368.4,349.1,298.,158.4,-57.3,-165.2,M
-1085.,-1085.,-1079.,-1077.7,-1039.6,-957.3,-917.8,-868.4,-801.3,-771.,-752.2,-746.,-719.1,-636.1,-565.4,-567.1,-583.4,-651.4,-760.1,-786.4,-693.7,-615.4,-577.4,-441.6,-178.5,134.2,281.6,519.3,881.3,1022.1,1000.,1031.,947.8,727.8,579.6,402.3,160.2,14.4,14.4,M
-65.8,-56.,-44.,15.,83.5,100.,147.3,227.8,299.7,426.4,582.6,677.6,680.3,595.3,473.1,358.7,253.1,188.6,221.,285.8,365.9,371.9,278.4,162.6,128.9,260.1,592.6,982.1,1239.6,1368.2,1298.1,1063.2,887.3,782.2,653.,536.7,403.9,253.1,175.8,M
-1690.4,-1704.3,-1654.8,-1499.9,-1360.9,-1187.6,-959.8,-816.8,-774.1,-764.8,-761.7,-813.1,-889.5,-944.1,-964.5,-913.2,-768.8,-568.6,-380.5,-220.9,-122.3,-87.2,-49.3,37.6,133.6,213.6,313.3,422.,465.9,473.8,436.3,358.9,284.9,245.5,264.,317.8,374.2,423.3,462.4,M
50.6,101.2,208.5,293.8,309.7,297.,237.2,86.,-150.5,-428.5,-561.4,-700.5,-904.2,-984.8,-985.5,-970.2,-908.,-811.5,-686.4,-479.4,-363.2,-275.2,-89.2,59.,126.,142.8,205.5,282.1,266.2,169.3,102.2,14.5,-79.7,-28.7,130.3,231.8,316.2,457.6,514.6,M
-255.8,-364.7,-528.,-582.4,-609.2,-613.8,-595.2,-584.3,-569.8,-574.1,-577.8,-485.7,-244.4,-94.6,61.2,452.8,813.6,1006.5,1074.4,1140.,1220.6,1299.1,1414.4,1466.2,1501.3,1434.5,1295.9,1260.7,1262.2,1341.,1637.3,1959.9,2072.,2079.,1948.1,1575.5,1083.7,629.4,425.2,M
971.,1014.8,1108.5,1149.,1041.9,944.2,900.1,825.7,801.6,852.1,896.4,901.9,956.6,1012.2,1003.8,989.,954.7,825.6,652.4,496.6,419.2,395.5,384.1,433.5,492.7,514.8,496.2,475.,405.6,286.,233.2,185.7,14.3,-224.,-467.1,-595.8,-708.6,-879.1,-936.8,M
-477.8,-466.9,-426.3,-483.9,-521.6,-618.,-861.8,-1047.8,-1143.2,-1294.2,-1292.,-1198.,-1350.4,-1404.5,-1214.4,-1192.2,-1062.1,-707.1,-425.,-246.2,325.7,1444.5,2356.,2660.1,2599.6,2192.4,1176.2,257.8,-127.8,-204.,-298.8,-465.1,-527.7,-517.,-515.2,-509.8,-473.7,-406.6,-370.2,M
224.2,228.9,233.6,172.4,12.9,-155.2,-257.7,-290.4,-288.3,-244.4,-158.8,-110.,-105.,-69.3,-29.,-12.8,20.9,43.,36.9,78.7,145.9,199.8,234.4,246.6,179.6,51.8,-57.9,-119.,-165.,-198.2,-206.9,-203.2,-178.,-147.7,-87.2,-0.6,52.7,49.6,49.6,S
-173.2,-138.9,-98.4,-59.9,-27.6,-3.,17.8,41.4,64.5,60.2,42.5,13.9,-46.5,-151.,-206.,-246.1,-266.3,-166.8,23.,133.2,243.1,344.4,272.8,80.9,-48.,-161.3,-330.3,-383.5,-326.3,-271.6,-237.9,-190.1,-206.1,-316.8,-397.4,-472.,-599.9,-654.,-654.8,S
-472.8,-532.9,-593.,-576.6,-519.3,-441.9,-354.,-302.6,-258.5,-193.7,-120.5,-77.3,-86.6,-22.4,51.9,20.1,-21.8,-21.8,-123.9,-285.9,-353.1,-375.4,-390.4,-377.,-331.8,-311.5,-287.4,-251.8,-248.8,-211.3,-110.1,-26.6,-9.8,47.4,107.,96.6,64.4,45.,45.,S
59.2,69.,75.,71.2,37.1,8.6,44.1,131.5,189.,240.7,288.,212.3,83.5,26.,-17.3,-103.5,-193.2,-243.,-246.,-267.6,-273.7,-214.,-141.3,-112.8,-53.4,95.1,338.9,580.4,667.2,762.4,901.6,914.2,877.8,872.8,864.7,836.6,804.4,738.6,685.,S
-78.,-141.,-293.4,-382.8,-473.5,-597.2,-630.1,-618.6,-607.2,-648.9,-776.8,-908.4,-949.8,-995.9,-919.2,-686.8,-473.4,-328.5,-241.3,-170.6,-49.4,66.8,82.2,82.,-41.2,-307.5,-567.5,-714.7,-834.4,-821.2,-709.5,-691.3,-661.2,-550.8,-515.4,-500.3,-301.6,-84.9,2.2,S
-38.6,-22.1,-5.6,26.6,114.8,265.5,480.5,600.8,739.5,940.6,1036.8,1030.7,990.8,903.2,718.3,456.3,161.5,31.4,-50.8,-151.4,-111.3,5.7,64.2,90.9,158.5,216.2,266.6,300.2,338.9,413.4,476.2,524.7,546.2,564.6,581.3,572.9,457.1,348.,348.,S
384.6,352.8,321.,174.8,-131.1,-432.8,-737.1,-899.4,-917.9,-876.9,-672.4,-220.4,86.6,287.7,675.2,941.7,1130.,1238.2,1237.,1173.9,1064.2,795.3,572.3,413.7,139.8,-103.9,-230.4,-238.7,-203.1,-139.2,-106.1,-93.,-95.7,-98.2,-87.1,-25.1,26.,38.9,51.8,S
447.4,447.4,442.2,405.1,226.3,-46.9,-173.2,-303.7,-551.,-682.1,-700.1,-703.8,-706.9,-683.8,-652.5,-569.7,-536.3,-532.,-409.8,-229.,-121.8,-54.3,115.7,277.3,319.,301.6,231.,70.7,-87.1,-139.7,-124.2,-48.9,60.9,112.3,136.8,144.4,149.4,185.8,217.2,S
579.,756.5,1095.6,1407.7,1552.5,1508.5,1417.5,1319.6,1180.7,998.2,771.6,454.6,124.9,-118.5,-240.8,-259.4,-145.9,59.1,296.6,554.6,765.8,907.1,1022.,1093.7,1123.7,1137.6,1081.5,929.6,748.7,576.2,457.3,436.9,485.4,553.8,603.5,566.6,448.4,320.4,248.6,S
467.2,467.2,394.6,315.3,304.8,326.1,351.2,390.8,420.3,432.2,457.2,460.2,472.,472.2,447.7,427.7,420.6,395.4,406.1,388.,234.1,134.2,18.2,-167.2,-231.8,-185.,-143.,-72.3,26.9,111.7,232.,296.,341.,422.9,469.4,508.2,537.4,527.8,518.2,S
114.,124.,134.,78.2,-90.2,-287.4,-392.2,-412.4,-387.5,-284.6,-151.4,-82.,-67.8,-40.6,-3.1,27.9,11.9,-24.8,-88.1,-194.9,-206.9,-100.5,-25.6,44.1,137.4,120.9,37.3,-6.2,-23.5,-17.8,-9.6,-1.8,11.2,-19.9,-43.3,-30.9,-16.6,23.4,63.4,S
-242.8,-182.8,-86.9,-98.8,-226.8,-307.,-398.7,-551.7,-608.2,-555.2,-507.,-478.,-464.8,-488.1,-507.2,-518.8,-548.2,-541.5,-512.6,-504.9,-490.,-400.9,-267.6,-198.8,-229.8,-285.4,-357.2,-483.9,-545.8,-507.9,-463.,-401.3,-284.4,-172.1,-63.7,-12.4,-7.7,-3.,-3.,S
71.4,71.4,-70.2,-356.7,-581.2,-666.7,-672.6,-599.8,-437.6,-344.3,-325.1,-309.8,-297.3,-281.7,-220.7,-159.3,-155.8,-158.9,-173.8,-229.,-239.4,-206.4,-277.6,-435.6,-558.6,-678.4,-762.,-735.,-637.7,-517.7,-432.2,-396.4,-356.,-271.7,-203.2,-119.7,-60.8,-28.7,3.4,S
411.2,498.2,597.3,609.4,530.4,355.6,191.7,157.3,191.,222.7,244.1,169.6,27.2,-51.,-121.4,-203.9,-129.1,63.1,168.4,298.8,584.7,834.2,935.7,943.2,847.8,568.9,222.1,-50.6,-160.,-187.1,-166.1,-90.,8.,78.,135.4,181.5,169.9,128.6,87.6,S
-189.4,-165.7,-62.3,72.3,127.2,151.8,179.1,190.4,191.4,183.8,150.9,28.2,-193.4,-391.3,-457.4,-476.7,-443.3,-291.4,-134.8,-77.4,21.4,202.1,368.9,531.4,609.,634.2,669.7,642.4,569.2,533.6,435.7,164.2,-150.,-413.6,-536.6,-577.1,-574.3,-445.6,-360.2,S
-55.4,-81.8,-143.2,-172.9,-158.6,-149.6,-156.5,-137.6,-121.,-145.9,-161.6,-124.1,-117.8,-186.6,-209.8,-195.4,-257.,-274.9,-245.8,-295.7,-331.,-330.1,-359.2,-348.9,-259.9,-211.2,-161.1,-70.7,-25.6,-26.9,-33.,-28.7,-120.5,-308.1,-386.9,-374.2,-372.1,-287.5,-205.,S
29.8,-16.3,-177.6,-292.8,-379.1,-582.8,-787.6,-871.7,-868.4,-856.1,-853.1,-850.1,-829.6,-821.4,-808.5,-720.,-562.2,-399.3,-318.6,-216.9,-56.3,38.3,76.5,79.,-30.3,-237.5,-408.5,-504.4,-527.2,-455.5,-308.2,-153.2,-9.5,54.8,99.2,197.8,288.1,356.2,388.2,S
480.4,502.2,524.,430.5,240.2,37.,-95.2,-121.,-102.3,-89.4,-68.2,-53.5,-65.8,-84.8,-149.1,-285.5,-460.8,-545.,-615.9,-703.2,-668.3,-570.7,-524.4,-507.9,-493.7,-501.6,-481.7,-456.2,-374.4,-161.5,52.2,231.8,328.8,357.3,401.2,435.8,472.2,489.4,489.4,S
0.,45.5,118.,173.6,245.7,289.2,286.1,313.3,408.1,494.2,515.8,522.7,487.5,377.6,188.5,67.2,0.,-56.,-2.8,160.4,281.6,341.3,419.7,440.2,438.1,434.2,475.1,526.7,534.8,527.1,522.,497.2,480.8,422.7,300.2,244.2,186.3,64.2,0.,S
546.4,515.9,485.4,477.2,454.6,475.8,574.2,637.,681.3,781.7,820.6,708.5,613.6,486.6,169.9,-104.5,-195.8,-202.4,-173.7,-61.2,65.2,177.8,247.8,300.,420.3,545.6,621.7,640.6,655.1,669.6,651.9,564.1,494.,416.4,241.,70.9,15.3,32.,32.,S
176.2,205.8,276.1,307.5,322.3,346.4,303.5,187.7,51.9,-101.1,-191.2,-195.,-170.6,-139.2,-128.,-120.,-72.4,52.3,223.2,407.6,498.2,528.8,571.9,566.6,539.,529.2,473.4,292.6,32.,-245.1,-386.6,-476.2,-554.9,-484.3,-350.9,-277.2,-213.7,-113.2,-76.2,S
606.2,606.2,587.9,521.9,391.2,308.2,222.3,-4.5,-366.9,-858.,-1127.6,-1286.9,-1501.8,-1449.2,-1130.2,-919.4,-799.1,-556.3,-329.6,-183.2,-141.,-80.6,-18.4,-42.6,-34.8,-1.,19.2,68.4,76.6,-60.1,-176.,-274.6,-472.3,-595.,-568.1,-517.6,-443.8,-294.3,-218.6,S
-65.8,-38.5,-11.2,12.,45.5,89.1,133.2,144.,116.,-45.4,-333.9,-638.2,-787.4,-889.6,-994.8,-958.7,-885.2,-850.8,-869.1,-938.,-991.1,-958.6,-923.6,-769.9,-427.3,-102.7,133.7,234.4,288.5,354.7,295.3,112.4,1.,-115.6,-323.9,-422.6,-419.7,-409.8,-409.8,S
1.6,-52.,-214.6,-470.2,-773.8,-930.8,-1065.5,-1171.,-1063.8,-909.3,-832.8,-765.5,-697.4,-620.2,-465.4,-387.,-209.3,159.6,488.2,799.,972.4,1106.2,1256.2,1190.5,991.6,874.6,701.1,445.6,359.8,364.7,373.4,410.6,477.5,540.8,623.3,672.2,700.,747.4,767.,S
-469.2,-433.8,-370.,-313.1,-257.7,-230.8,-220.7,-206.7,-295.7,-487.,-585.4,-678.2,-918.9,-1040.8,-963.8,-912.8,-843.5,-662.4,-506.1,-414.,-366.4,-355.5,-289.,-151.2,-30.8,7.4,125.4,288.5,277.4,138.2,55.2,-96.6,-334.9,-435.,-437.6,-426.6,-374.1,-290.3,-259.,S
626.2,626.2,503.,267.1,19.8,-106.2,-97.6,-119.1,-187.6,-221.5,-204.8,-201.2,-63.,254.9,572.2,874.6,1039.4,1107.6,1257.2,1369.9,1268.4,1135.6,922.,408.7,-98.9,-404.6,-502.4,-518.7,-466.6,-364.2,-295.3,-260.4,-248.,-235.3,-246.9,-281.8,-304.8,-267.6,-230.4,S
1288.,1381.4,1494.4,1305.3,1166.9,1038.6,604.9,147.7,-74.4,-204.9,-306.6,-159.3,156.,352.8,494.3,704.9,790.9,781.6,819.9,803.1,593.2,468.4,525.,631.3,684.8,773.6,825.7,712.7,584.8,533.2,543.7,599.,637.1,662.7,695.,713.9,720.4,691.6,675.2,S
-208.,-208.,-318.,-518.9,-620.3,-578.2,-525.6,-499.9,-451.7,-397.6,-339.9,-313.8,-244.1,-84.4,115.7,312.4,399.,495.4,629.,622.9,491.3,403.,276.,60.4,-29.5,11.7,54.2,124.1,258.5,362.5,424.8,447.6,472.9,532.3,545.4,545.8,567.2,565.5,563.8,S
652.4,755.2,828.,798.,790.1,720.5,548.2,339.3,241.,140.1,-21.3,-30.1,116.2,210.8,365.5,639.6,871.7,1008.2,1032.,1027.5,1033.9,997.1,943.3,937.2,835.7,603.,265.7,-108.,-275.6,-400.5,-561.,-530.5,-426.,-387.6,-332.1,-233.8,-163.3,-105.2,-74.8,S
346.6,351.5,386.6,412.3,443.,478.2,483.5,521.8,576.3,595.2,592.6,575.9,490.4,427.4,401.,368.8,383.7,418.8,383.3,343.6,359.6,355.9,403.9,539.7,603.2,582.6,600.7,617.7,591.3,646.4,726.8,747.6,791.8,840.3,846.6,827.8,760.5,580.8,468.4,S
-432.4,-416.3,-384.7,-331.7,-294.2,-270.2,-250.4,-294.6,-422.6,-510.6,-631.5,-829.5,-924.,-917.3,-893.2,-790.1,-613.,-452.4,-278.7,-191.6,-178.3,-143.9,-132.5,-176.9,-211.6,-213.9,-232.3,-299.7,-434.6,-518.2,-604.2,-750.8,-802.7,-736.3,-678.6,-639.5,-573.7,-547.3,-547.6,S
-401.6,-443.,-455.8,-427.2,-410.4,-471.2,-656.6,-887.4,-1010.4,-1126.2,-1193.9,-1065.5,-896.,-806.8,-724.1,-652.9,-685.,-722.9,-740.2,-698.5,-594.7,-460.1,-309.,-230.4,-165.5,-52.7,-134.4,-411.3,-558.6,-735.5,-954.,-825.6,-470.4,-285.2,-72.2,258.,351.8,301.4,274.4,S
-434.,-355.2,-276.4,-211.4,-74.2,20.1,71.7,101.2,128.8,157.8,158.2,114.2,71.2,-28.3,-270.6,-512.1,-678.6,-746.4,-708.6,-536.8,-263.2,1.9,127.4,234.3,452.4,691.9,999.4,1178.6,1313.2,1497.7,1512.1,1406.1,1335.6,1268.7,1095.6,853.3,573.3,429.4,429.4,S
627.8,561.4,390.7,286.4,184.1,24.8,-46.,-85.,-110.2,-163.,-295.5,-419.5,-493.9,-524.,-530.2,-559.9,-561.7,-509.9,-479.8,-364.7,-81.9,170.,307.5,360.8,339.9,256.5,169.6,141.4,137.6,152.,184.1,198.,230.3,266.4,275.7,334.9,425.6,468.7,471.,S
-481.4,-612.6,-873.3,-1092.8,-1164.1,-1067.1,-910.7,-724.5,-529.5,-341.,-146.3,58.4,195.8,202.8,165.5,94.1,-62.,-219.9,-288.5,-328.1,-371.2,-401.2,-398.7,-359.2,-324.1,-280.4,-204.4,-87.2,16.9,100.5,183.1,254.1,278.4,167.8,-21.9,-149.2,-207.4,-256.4,-277.6,S
709.,792.3,984.8,1150.3,1206.6,1265.,1381.8,1449.6,1361.7,1264.4,1050.1,586.6,123.1,-202.6,-314.,-313.2,-302.8,-252.1,-86.5,38.,184.9,512.3,806.8,946.3,971.8,974.4,967.2,932.2,803.3,699.6,570.8,304.3,73.4,32.1,84.,154.4,288.6,437.2,522.,S
-199.,-140.3,-81.6,-28.9,58.1,108.8,103.3,81.4,51.8,-38.1,-191.1,-406.8,-529.8,-636.2,-826.9,-942.7,-891.,-807.8,-796.2,-699.5,-446.9,-117.5,44.4,255.6,643.3,917.4,1062.4,1109.8,1169.4,1225.5,1163.1,955.5,806.8,628.1,263.3,-69.8,-271.,-325.2,-325.2,S
-417.4,-461.9,-528.1,-613.7,-750.4,-823.2,-941.4,-1194.2,-1419.5,-1496.4,-1482.6,-1387.7,-1197.7,-1011.1,-845.,-770.4,-712.,-544.7,-276.7,10.7,139.,260.5,447.9,463.5,290.5,167.8,6.1,-315.3,-599.8,-734.1,-743.6,-753.3,-741.3,-658.,-572.4,-548.4,-457.2,-296.8,-227.6,S
1679.4,1869.7,2060.,1903.3,1649.8,1480.4,1387.4,1367.,1341.6,1226.4,1034.7,811.5,690.2,621.7,568.1,622.3,730.2,798.8,820.7,828.5,802.5,744.8,699.,661.,580.1,524.1,503.8,496.6,514.1,494.5,377.1,225.3,153.8,72.6,-10.1,2.8,63.,108.8,108.8,S
