146.6,146.6,113.,-52.,-316.4,-535.6,-621.8,-681.5,-742.3,-518.,-208.1,-271.,-493.8,-549.4,-883.1,-1236.6,-921.5,-577.7,-286.3,149.1,321.8,126.1,-313.6,-1037.1,-1703.9,-1891.2,-1935.7,-1684.4,-1094.6,-548.1,-295.6,-259.2,-174.1,-135.9,-129.4,-112.4,-50.9,29.1,47.6,H
0.,0.,-78.7,-168.,-209.7,-315.6,-390.4,-466.6,-639.2,-727.3,-978.9,-1238.8,-1289.7,-1248.1,-1318.6,-1235.4,-989.2,-919.5,-811.2,-628.5,-450.2,-416.,-346.2,-492.3,-856.2,-1048.6,-1093.,-1077.3,-932.6,-641.2,-380.1,-335.2,-364.3,-276.8,-186.7,-159.4,-105.6,-25.9,0.,H
0.,0.,38.2,94.1,111.8,146.1,-185.3,679.1,1061.7,214.2,686.9,1730.8,1555.8,1761.4,2713.2,2187.3,1367.4,309.4,-706.5,-958.4,-826.6,-505.1,3.8,525.4,727.8,683.6,550.5,313.2,-27.8,-220.4,-465.4,-778.6,-775.7,-584.5,-464.4,-288.1,-55.9,0.,0.,H
0.,0.,0.,0.,-138.8,-277.6,-519.8,-939.5,-1305.9,-1470.8,-1446.8,-1430.4,-1453.1,-1288.6,-1308.7,-1532.4,-1366.8,-970.5,-850.7,-673.2,-384.8,-324.8,-333.8,-224.7,43.4,133.4,154.,106.6,-158.6,-395.7,-435.6,-456.,-353.5,-115.3,0.,0.,0.,0.,0.,H
0.,0.,0.,0.,0.,-83.,-326.7,-682.9,-1062.5,-1419.,-1667.9,-1707.3,-1385.1,-661.1,-8.4,455.6,1026.3,1308.7,1268.6,1580.8,2081.7,2154.5,2068.7,1954.4,1507.3,1007.7,797.5,706.,531.2,381.7,248.3,98.1,27.,11.8,0.,0.,0.,0.,0.,H
0.,0.,0.,0.,55.,110.,145.9,115.1,-73.4,-250.2,-395.,-590.3,-582.6,3.2,475.8,691.6,456.5,-499.1,-1661.2,-2318.6,-2739.1,-2838.9,-2425.4,-1681.9,-1031.2,-365.5,771.4,1844.8,2474.6,2502.2,2131.,1488.4,980.2,371.7,0.,0.,0.,0.,0.,H
0.,0.,-87.9,-256.5,-337.2,-374.,-402.9,-485.1,-122.6,330.,344.7,143.8,388.1,504.9,161.8,650.4,1508.3,1775.6,1647.4,1621.2,1187.7,600.6,287.7,109.7,91.,92.9,108.5,93.4,-31.4,-127.4,-270.1,-576.8,-732.6,-612.3,-500.2,-392.4,-142.3,0.,0.,H
-9.4,-28.,-46.6,29.3,171.,95.,-112.3,-177.8,-292.5,-505.4,-664.6,-753.2,-780.8,-882.8,-999.,-830.9,-1285.5,-1922.4,-1702.9,-1917.8,-1933.5,-510.,494.8,807.5,1871.2,2310.2,1547.1,1096.,704.6,37.6,-473.9,-597.1,-484.4,-544.5,-552.6,-392.6,-202.4,-120.2,-120.2,H
0.,0.,-48.7,-179.1,-260.8,-278.,-342.,-358.9,-264.8,-200.6,-169.2,-92.,-292.,-736.7,-935.6,-1239.6,-1973.3,-1993.4,-1403.3,-1222.8,-1043.9,351.8,1363.9,1494.5,1829.8,1879.2,1247.5,426.2,-62.1,-410.2,-427.,-630.5,-617.3,-368.7,-320.,-241.7,-81.7,0.,0.,H
0.,0.,0.,0.,0.,0.,-123.6,-347.3,-522.1,-664.1,-731.4,-654.,-550.1,-270.6,-76.4,-135.2,-217.,-501.6,-1080.6,-1454.7,-1452.6,-857.,582.9,2119.4,3501.6,4191.6,4186.4,3953.3,3415.,2538.6,1972.6,1510.2,707.8,183.9,0.,0.,0.,0.,0.,H
0.,0.,0.,-89.,-255.3,-332.6,-389.5,-471.,-413.7,-288.9,-246.,-65.1,541.6,1207.8,1396.1,1344.,899.6,18.1,-817.6,-604.5,7.2,756.5,2173.3,3159.1,3261.1,3044.8,2839.2,2227.2,1739.9,1445.7,1232.4,1009.1,560.6,263.3,95.6,0.,0.,0.,0.,H
0.,0.,0.,0.,126.4,252.8,410.6,711.7,973.1,1087.4,1242.8,1244.2,1086.6,1228.6,1553.1,1576.6,1545.7,1749.9,1170.9,364.,212.,145.3,142.1,955.2,1897.8,2090.8,2366.4,2654.8,2572.6,2131.3,1785.,1447.8,814.9,259.6,0.,0.,0.,0.,0.,H
0.,0.,0.,0.,0.,0.,-99.5,-262.,-374.2,-472.9,-522.4,-459.,-225.4,-80.5,-280.9,-456.,-485.3,-265.9,181.4,710.1,1040.2,1285.5,1340.,1156.3,1278.,1392.6,1390.6,1305.3,1090.8,739.5,519.4,341.5,81.8,0.,0.,0.,0.,0.,0.,H
0.,0.,0.,0.,63.1,126.2,244.1,482.1,726.9,930.8,1010.,965.2,959.6,1023.9,963.4,877.8,658.8,-61.7,-1152.7,-2210.4,-2678.6,-2841.,-2977.6,-2667.7,-1865.2,-1346.8,-757.2,347.7,1311.6,1653.3,1546.4,1265.1,784.9,293.,0.,0.,0.,0.,0.,H
0.,0.,0.,0.,0.,0.7,1.1,0.8,21.4,83.6,433.1,779.8,818.6,740.4,344.4,-571.2,-1415.,-1661.,-1949.3,-2372.2,-2564.7,-2642.7,-2662.8,-2443.2,-1821.8,-1042.9,-346.9,-28.,302.5,642.,621.,499.7,408.4,204.2,0.,0.,0.,0.,0.,H
0.,0.,0.,25.4,50.8,91.1,178.7,272.5,401.2,483.4,580.3,709.7,738.2,649.,563.8,464.1,415.6,777.5,1578.7,2069.2,2394.,2740.,2627.3,2130.3,1767.2,1689.7,1482.5,1270.6,1068.4,948.4,600.3,229.7,70.1,-96.8,-126.6,-63.3,0.,0.,0.,H
-178.8,-217.1,-265.4,-163.6,-29.,-6.2,-118.3,-533.5,-1106.,-2470.1,-3564.8,-5129.,-7722.7,-9183.3,-7842.7,-6071.,-3700.,237.1,2972.2,4772.,5402.8,5396.3,5540.1,5400.6,3897.9,2685.,2153.3,1325.7,858.4,688.7,690.4,626.6,435.7,124.9,-244.5,-430.2,-484.6,-489.8,-440.6,H
0.,0.,0.,0.,38.1,86.8,100.4,98.2,93.,59.4,23.5,-298.1,-360.2,-103.,28.1,1197.6,3280.9,4633.4,4941.,5492.2,5780.1,5174.6,4469.6,4106.8,3268.5,1702.3,491.4,-223.8,-456.,-393.3,-386.1,-345.,-213.,-177.6,-88.8,0.,0.,0.,0.,H
190.,230.,270.,219.5,23.6,-285.3,-619.,-789.2,-865.7,-1105.2,-1228.8,-1475.6,-1761.8,-1984.6,-2013.2,-1845.1,-1194.8,-518.4,19.4,1033.8,1915.9,2288.3,2255.2,2470.2,2615.3,2471.1,2203.4,2010.,1621.4,814.8,136.1,-154.5,-184.4,-254.8,-270.4,-158.9,-105.8,-109.4,-109.4,H
613.2,748.5,966.8,1244.,1594.7,1751.2,1768.7,1649.5,1318.2,1000.2,876.8,820.6,711.8,663.2,730.8,794.4,968.7,953.3,490.5,15.1,-187.2,-299.8,-43.5,688.,1423.4,1796.2,1817.3,1689.2,1831.5,2083.8,2044.6,2207.7,2424.6,2220.2,1894.4,1826.8,1484.3,995.1,848.4,H
0.,0.,70.4,227.6,449.6,665.6,746.4,772.1,788.1,680.8,241.8,-99.6,-524.2,-1081.7,-936.4,-40.4,577.4,1146.4,1960.,2181.6,1872.8,1587.,1850.9,2619.7,2921.7,2822.5,2926.2,2711.3,1911.1,1179.9,727.4,420.8,28.4,-472.4,-524.8,-337.3,-205.8,-102.9,0.,H
0.,275.7,551.4,737.1,1041.6,1288.2,1274.,1132.,1008.9,880.8,722.9,386.1,146.4,28.,-266.5,-553.7,-363.3,-61.8,304.5,978.,1484.3,1526.8,1426.,1169.,869.3,863.4,1038.3,1176.4,1224.6,1254.5,1235.5,1095.2,955.6,853.9,568.3,285.4,93.2,0.,0.,H
0.,0.,0.,0.,0.,0.,-51.7,-95.5,-64.1,-56.1,-71.6,-6.5,31.5,-0.5,119.5,244.4,318.8,169.7,53.,554.3,948.8,1238.1,1766.6,2268.7,2417.8,2304.,2309.5,2519.8,2505.1,1895.5,1505.4,1122.8,538.9,168.8,0.,0.,0.,0.,0.,H
0.,0.,0.,0.,0.,-115.6,-314.5,-397.8,-422.2,-448.7,-399.4,-47.4,253.2,689.4,1291.3,2011.7,2646.4,2726.4,2420.6,1605.1,823.9,1033.6,1514.8,1762.7,2493.5,2800.9,1908.5,1191.6,856.9,385.4,205.1,100.,38.4,19.2,0.,0.,0.,0.,0.,H
0.,0.,0.,0.,-47.7,-214.3,-333.2,-481.6,-868.7,-1319.5,-1728.1,-1924.6,-2165.4,-2410.9,-2957.6,-3387.5,-3275.4,-2878.6,-2352.6,-1214.7,75.,356.,978.9,2246.6,2998.9,3179.,3251.6,2674.4,1479.2,546.8,82.1,-68.2,-121.5,-87.4,0.,0.,0.,0.,0.,H
0.,0.,0.,0.,0.,72.4,201.7,323.5,474.5,560.6,481.2,249.1,-491.9,-1481.1,-1882.,-1726.,-1227.,416.4,2894.7,4072.6,4358.5,4435.2,3639.3,2248.4,1444.2,1244.9,1059.,871.3,550.7,431.2,195.6,-91.4,-132.,-60.6,0.,0.,0.,0.,0.,H
0.,0.,-75.9,-207.4,-312.7,-377.6,-392.8,-292.5,-69.7,211.,483.,596.8,650.,726.4,707.,591.8,519.2,287.4,-147.6,-579.9,-835.,-912.1,-896.8,-852.3,-678.9,-293.3,-51.9,172.,693.3,1310.6,1666.5,1753.6,1668.6,1370.1,855.7,277.4,0.,0.,0.,H
-3.6,6.9,13.9,9.7,4.,-1.,-15.8,-19.4,-20.1,-26.8,-21.6,-6.2,-3.7,-5.4,5.2,4.6,-0.4,-5.2,5.8,12.4,8.2,6.8,11.8,3.8,-5.1,0.4,10.4,-1.6,0.3,16.8,9.4,-0.9,9.4,16.,10.3,18.6,14.2,9.8,9.8,H
-1.2,-2.,-3.8,-14.6,-24.4,-13.9,0.5,-6.5,5.6,28.6,16.6,2.9,7.2,-1.3,-15.8,-2.7,-1.1,-10.2,-13.3,-18.8,-15.7,-3.4,7.,15.,21.9,23.7,20.2,-0.2,-15.4,-4.1,-9.7,-11.5,1.9,0.2,-1.8,-2.7,-10.6,-0.4,18.8,H
0.,0.,0.,0.,0.,0.,0.,-55.4,-133.1,-186.4,-233.9,-271.,-248.,-190.,-183.1,-219.5,-298.7,-447.3,-401.9,-254.4,-7.3,496.8,1123.8,1562.,1878.4,2052.8,1879.4,1519.9,1056.,638.5,300.9,86.5,0.,0.,0.,0.,0.,0.,0.,H
0.,0.,0.,0.,0.,0.,5.9,38.4,73.4,123.5,174.7,138.1,37.3,-56.2,-189.9,-416.2,-467.2,-237.,52.9,233.9,396.7,492.5,523.6,777.2,1146.2,1512.5,1805.6,1803.6,1396.1,929.7,575.7,268.5,77.5,0.,0.,0.,0.,0.,0.,H
0.,0.,0.,-9.1,-20.3,-22.4,-16.4,-7.5,2.2,16.3,23.6,22.6,3.2,3.2,11.3,1.,-8.9,-0.2,1.7,-14.2,-13.4,-4.4,-3.2,-2.3,5.9,5.4,2.9,12.4,-3.4,-9.4,12.4,10.8,1.9,14.3,17.,0.,0.,0.,0.,H
0.,0.,0.,-0.6,-11.1,-21.,19.8,53.6,23.,-127.7,-254.8,-444.3,-425.8,341.7,1251.4,1601.6,1914.6,2338.,1998.1,1220.8,893.8,432.9,-383.3,-955.4,-1149.2,-1126.2,-957.2,-943.,-1283.5,-1657.6,-1846.,-1718.4,-1392.1,-875.9,-279.2,0.,0.,0.,0.,H
0.,0.,0.,74.8,275.7,401.8,485.7,704.9,896.7,827.1,779.,903.9,967.9,1006.,1027.,906.,744.7,739.,779.4,785.2,852.9,964.1,1034.5,1271.2,1481.,1939.1,2434.2,2432.8,2137.3,1880.2,1397.4,743.6,397.1,110.8,0.,0.,0.,0.,0.,H
0.,0.,-98.1,-324.,-669.,-886.2,-1161.1,-1597.7,-1851.4,-1957.1,-1970.8,-1905.3,-1840.,-1811.7,-1523.5,-1263.8,-1351.2,-1202.,-817.5,-726.1,-782.6,-494.5,-300.6,-346.3,-483.8,-669.8,-885.3,-1186.4,-1424.3,-1528.1,-1479.6,-1347.1,-1011.4,-661.,-348.6,-183.4,-91.7,0.,0.,H
0.,0.,0.,0.,0.,101.5,170.3,119.4,71.4,41.6,-77.,-66.5,147.1,252.3,273.,841.,1636.4,2636.3,3417.9,4318.4,5275.2,5217.5,4338.2,3582.,2708.7,1186.6,250.5,-175.2,-313.6,-331.7,-317.3,-198.2,-55.8,0.,0.,0.,0.,0.,0.,H
0.,0.,0.,0.,2.3,19.9,36.5,-18.1,-74.,-152.,-393.5,-619.4,-703.1,-724.4,-740.6,-117.4,708.3,1188.6,1482.6,2094.6,2110.6,2011.8,2691.6,2874.2,2837.,3245.9,3154.1,2216.4,1816.6,1211.,264.1,-161.7,-245.8,-245.4,-122.7,0.,0.,0.,0.,H
0.,0.,0.,-133.7,-419.5,-711.1,-850.6,-979.8,-1051.9,-1000.3,-900.,-794.2,-366.1,-30.,281.9,1040.5,1395.2,1293.6,1689.4,2169.9,2076.4,1999.8,1875.5,1375.6,748.1,219.5,-57.2,-125.7,-158.,-42.2,69.7,102.,97.5,103.6,57.1,0.,0.,0.,0.,H
0.,0.,0.,0.,0.,121.3,324.6,403.6,423.8,447.,279.,7.,-92.7,160.8,410.,1102.6,1988.3,2455.6,3385.9,4042.,4074.1,4548.2,4867.6,3995.3,3245.6,2480.7,1023.9,4.,-708.4,-1092.8,-1005.9,-840.2,-586.3,-205.6,0.,0.,0.,0.,0.,H
617.6,571.9,502.4,346.5,66.3,-233.1,-384.4,-511.3,-697.5,-706.2,-579.9,-504.5,-410.6,-173.9,10.9,112.1,171.3,223.1,246.1,213.8,129.,48.,-49.7,-23.4,257.,510.,606.6,707.1,774.9,666.5,604.2,617.6,640.4,615.5,513.7,371.7,351.1,411.1,403.8,M
295.6,284.,212.2,152.,-6.6,-256.5,-395.8,-389.3,-334.8,-287.9,-195.2,-60.7,58.,88.,167.3,298.2,369.5,429.9,470.6,478.3,476.1,434.2,270.9,139.6,1.3,-286.8,-517.9,-579.6,-560.,-517.8,-426.2,-309.1,-198.6,-155.8,-95.9,8.2,49.2,49.9,53.8,M
0.,0.,0.,0.,0.,0.,0.,-147.8,-386.1,-476.6,-563.3,-666.6,-598.,-499.3,-485.8,-406.5,-229.6,-35.8,108.,155.6,297.8,406.3,323.7,199.5,124.2,-67.4,-306.3,-338.3,-218.3,-113.6,-56.8,0.,0.,0.,0.,0.,0.,0.,0.,M
0.,0.,-71.6,-201.6,-333.3,-444.8,-483.,-419.2,-307.2,-184.6,-94.2,-78.2,127.6,310.8,198.6,-84.5,-278.,-604.2,-1131.9,-1175.,-692.4,-368.2,-343.9,-271.2,-388.2,-726.6,-899.6,-782.3,-486.8,-161.5,65.3,145.,131.6,125.9,82.,15.2,0.,0.,0.,M
-224.,-324.2,-495.3,-607.8,-581.3,-513.2,-425.3,-258.8,-152.,-34.7,54.4,74.,41.8,-158.6,-572.8,-838.4,-1268.4,-1559.3,-1424.2,-1281.2,-1134.2,-778.4,-549.6,-550.6,-246.,-67.4,189.7,672.1,1059.8,1226.,1229.8,1077.6,775.7,547.2,359.4,250.4,212.4,130.8,87.2,M
0.,0.,-33.6,-46.7,-86.2,-137.1,-128.,-123.5,-133.1,-101.9,-32.7,-8.8,-66.9,-146.3,4.2,21.,-134.,144.2,434.4,256.,260.3,455.,496.6,709.4,964.5,1019.3,990.2,836.9,572.1,462.5,425.2,386.,306.7,170.6,61.3,4.4,0.,0.,0.,M
0.,0.,0.,0.,0.,-81.5,-275.4,-387.8,-485.3,-670.,-741.7,-647.6,-569.,-471.8,-225.3,-83.6,232.7,556.6,765.4,1115.4,1606.,2033.4,2111.4,2204.3,2286.7,2038.5,1534.,1267.2,952.1,444.2,213.3,73.9,-27.4,-13.7,0.,0.,0.,0.,0.,M
122.2,243.6,425.2,485.4,497.8,569.3,496.8,234.3,103.4,-126.3,-552.3,-908.2,-1115.,-1162.2,-1050.7,-942.3,-1070.7,-990.8,-785.6,-749.6,-541.,-150.9,-13.,-92.6,-92.4,-169.,-263.6,-449.,-616.6,-715.3,-960.4,-1106.5,-1044.2,-982.2,-836.5,-538.4,-290.9,-97.9,0.,M
0.,0.,0.,0.,0.,104.,291.3,488.8,678.2,753.4,712.4,621.1,365.3,14.8,-130.2,-357.6,-657.9,-837.9,-1156.5,-1368.,-1343.8,-1385.4,-1099.7,-415.4,-82.6,166.3,584.8,688.1,510.3,398.8,290.1,117.5,-33.2,-60.,0.,0.,0.,0.,0.,M
0.,0.,0.,0.,-115.2,-306.1,-434.5,-537.4,-607.1,-510.2,-320.,-148.1,-8.7,-23.7,-91.2,-99.3,-268.8,-455.7,-543.2,-791.8,-1266.5,-1673.1,-2044.7,-2282.4,-2168.9,-1786.6,-1286.3,-768.9,-234.1,247.,508.5,540.8,545.4,420.5,160.3,0.,0.,0.,0.,M
0.,0.,0.,0.,0.,-40.2,-87.5,-103.6,-112.6,-96.6,-39.3,45.9,153.6,217.4,306.5,585.3,1115.9,1581.7,1706.6,1601.,1149.6,386.9,-264.2,-498.4,-551.1,-458.,-359.4,-460.2,-513.8,-460.6,-398.2,-302.6,-108.1,0.,0.,0.,0.,0.,0.,M
0.,0.,0.,0.,0.,0.,-70.9,-275.3,-490.9,-573.,-683.4,-734.7,-561.1,-380.3,-314.,-230.7,171.4,701.8,1339.,1764.6,2061.6,2347.4,2324.4,1879.7,1446.8,1047.5,215.3,-542.,-843.3,-820.2,-690.8,-424.3,-143.6,0.,0.,0.,0.,0.,0.,M
0.,0.,-191.9,-523.4,-781.,-966.5,-1034.,-901.4,-710.,-591.3,-516.7,-502.,-493.8,-421.2,-315.7,-251.6,-228.6,-444.1,-906.2,-1424.6,-1926.8,-2157.2,-1975.2,-1696.,-1527.3,-1350.2,-1244.6,-1264.7,-1144.4,-703.8,-57.8,288.,587.9,913.2,855.7,581.6,390.4,195.2,0.,M
0.,0.,0.,0.,0.,0.,89.5,203.,227.,179.5,59.3,-174.5,-425.3,-515.,-442.1,-362.2,27.7,784.,1157.4,1657.1,2513.9,2899.8,2729.,2529.4,1964.9,1085.8,334.7,-351.5,-601.2,-561.8,-499.2,-379.6,-141.6,0.,0.,0.,0.,0.,0.,M
0.,0.,-69.2,-205.3,-374.4,-530.2,-583.8,-571.2,-531.9,-480.5,-459.2,-462.6,-437.2,-455.9,-623.7,-965.4,-1183.4,-1368.2,-1670.,-1762.4,-1573.1,-1408.4,-1254.8,-913.6,-608.5,-360.1,-229.2,-166.2,-57.3,76.3,205.7,247.4,246.8,214.,153.2,62.3,0.,0.,0.,M
0.,0.,0.,30.6,125.4,217.7,214.,182.2,53.1,-192.1,-405.6,-522.6,-542.2,-503.3,-449.8,-191.7,-43.4,-138.6,357.5,1095.4,1396.6,1722.8,1989.6,1785.1,1483.6,1204.5,896.1,769.8,437.7,78.,-1.1,-46.5,-40.4,59.7,79.9,0.,0.,0.,0.,M
0.,0.,0.,0.,-98.5,-296.6,-396.2,-500.,-706.,-784.,-716.4,-673.,-510.1,-42.2,506.4,900.5,1051.,963.9,689.8,512.6,633.8,745.2,1096.4,1634.8,1644.4,1233.8,1000.8,558.7,-216.8,-551.7,-525.9,-498.6,-379.7,-130.4,0.,0.,0.,0.,0.,M
0.,0.,0.,-56.5,-113.,-163.4,-275.,-343.6,-330.3,-309.6,-248.9,-88.4,40.7,-178.5,-427.,-478.1,-874.2,-1674.8,-2211.2,-2292.,-2252.7,-1859.1,-926.,146.8,640.8,893.8,1311.1,1599.7,1917.1,2110.2,1858.7,1395.,913.4,322.,0.,0.,0.,0.,0.,M
0.,34.2,86.3,123.9,143.6,202.1,314.6,497.4,731.5,836.8,859.8,912.8,892.,847.9,854.6,864.3,974.6,1125.9,1311.7,1446.8,1406.9,1394.9,1430.9,1250.2,1061.4,990.4,727.4,401.6,216.2,164.6,237.9,279.2,205.4,137.2,110.8,57.2,-19.1,-20.9,0.,M
0.,-38.,-137.6,-238.7,-278.2,-334.4,-371.,-290.6,-135.5,-41.2,50.4,102.1,-45.,-285.3,-418.4,-535.7,-658.6,-594.3,-630.7,-737.,-319.1,448.7,1579.8,3325.4,4289.8,4499.8,4772.1,4446.,3423.3,2789.,2266.1,1374.1,612.9,75.3,-70.2,-93.3,-95.6,-37.4,0.,M
-240.8,-230.,-219.2,-216.9,-89.9,119.8,240.1,275.4,334.,373.8,233.,-213.5,-538.,-743.3,-1204.2,-1727.7,-1884.2,-1772.8,-1722.7,-1559.2,-1197.2,-720.8,-493.,-215.,441.5,1022.7,1363.8,1502.2,1418.,1182.3,979.9,697.7,466.4,298.6,17.9,-147.9,-168.7,-136.6,-136.6,M
-370.2,-437.4,-606.3,-708.,-715.8,-669.8,-641.,-590.1,-514.2,-507.3,-546.5,-691.4,-918.6,-1047.,-1124.5,-1106.8,-842.5,-564.9,-388.4,-170.9,147.2,186.6,-58.8,-377.6,-580.2,-915.8,-1385.7,-1380.1,-1063.9,-887.6,-783.8,-375.9,-20.6,-11.1,-38.5,82.7,170.9,123.,93.8,M
0.,0.,0.,-51.2,-102.4,-131.1,-207.4,-308.6,-315.,-267.8,-248.2,-177.8,-110.9,-297.8,-500.8,-597.2,-842.2,-1156.5,-1149.5,-976.8,-886.,-696.8,-523.9,-529.4,-609.4,-725.,-850.1,-811.8,-738.4,-712.8,-582.5,-395.7,-258.3,-88.7,0.,0.,0.,0.,0.,M
0.,109.5,219.,271.9,391.1,427.2,236.5,76.,-35.5,-264.6,-396.1,-345.7,-281.4,-244.2,-132.,34.2,156.8,188.2,275.8,757.1,1628.4,2483.2,2860.4,3031.9,2958.,2248.8,1352.5,920.,542.4,-137.1,-628.9,-969.2,-1119.6,-979.7,-709.9,-451.,-161.,0.,0.,M
0.,0.,46.3,127.3,185.3,285.4,362.2,366.1,298.,54.2,-361.9,-606.2,-810.3,-1083.6,-1119.3,-995.8,-905.8,-683.,-808.8,-1275.2,-1363.8,-1334.6,-1299.4,-605.4,712.7,1829.2,2286.4,2403.6,2386.1,1897.8,1050.7,557.2,335.9,45.6,-96.3,-84.6,0.,0.,0.,M
0.,0.,0.,0.,20.9,65.5,117.,184.6,224.4,271.4,344.9,347.2,309.7,296.4,205.1,175.9,235.6,210.8,188.4,80.9,75.4,123.,130.9,193.2,274.2,91.2,-113.8,-159.8,-264.8,-214.9,-115.3,-71.4,-38.6,0.,0.,0.,0.,0.,0.,M
0.,0.,-49.4,-164.9,-231.,-289.4,-413.5,-474.5,-444.9,-420.,-370.7,-238.1,-133.5,-107.6,-103.,-194.9,-108.6,208.9,234.6,121.,-18.6,-678.1,-1686.5,-2340.1,-2505.2,-2390.9,-1727.8,-546.1,730.8,1374.8,1862.3,2425.2,2240.3,1651.3,1322.6,961.4,300.1,0.,0.,M
0.,0.,0.,-41.7,-157.8,-232.2,-264.6,-328.9,-339.6,-315.9,-313.4,-438.9,-704.1,-995.1,-1180.,-1213.6,-1249.7,-1338.7,-1406.9,-1361.3,-1300.4,-989.5,-335.,298.6,737.5,886.4,862.3,779.5,597.6,338.8,203.2,110.4,-42.8,-82.9,-31.3,0.,0.,0.,0.,M
0.,0.,-120.4,-347.7,-454.6,-573.6,-797.1,-894.6,-894.2,-900.8,-861.7,-796.4,-673.,-660.9,-746.,-1041.1,-1487.6,-1735.1,-1653.8,-1476.4,-1099.1,-590.2,-354.4,-249.8,-249.4,-193.7,57.7,351.5,564.6,679.6,685.2,593.2,405.6,221.4,127.2,63.6,0.,0.,0.,M
0.,0.,0.,-41.2,-82.4,-161.1,-299.2,-386.5,-428.8,-443.2,-355.9,-228.1,-141.5,-21.3,52.8,131.6,294.,423.4,453.6,438.,377.,347.4,510.9,1001.5,1360.,1688.2,2161.5,2336.9,2026.8,1686.4,1331.8,736.,268.4,21.,0.,0.,0.,0.,0.,M
0.,0.,0.,-120.8,-405.5,-569.4,-693.9,-915.3,-938.2,-738.7,-613.2,-572.9,-479.9,-417.3,-210.4,-13.4,393.9,1148.1,1876.8,2405.2,2551.8,2255.2,1707.1,1030.,234.1,-136.2,-142.7,-197.2,-158.2,-22.1,27.,7.,-16.2,-25.7,-16.,0.,0.,0.,0.,M
-285.2,-309.1,-333.,-364.3,-480.8,-677.7,-828.4,-867.4,-845.2,-757.6,-560.3,-380.,-331.6,-277.,-162.8,-98.7,89.8,273.8,567.4,1176.9,1723.6,1970.8,1987.2,1888.3,1755.9,1621.,1436.1,1352.6,1248.3,928.5,689.3,636.1,606.6,558.8,493.7,385.2,221.1,148.2,148.2,M
0.,3.9,6.3,4.,-0.4,-4.,4.1,5.7,1.6,8.3,12.6,5.4,0.6,-2.6,-8.9,-2.8,0.3,-0.5,13.9,22.2,12.2,1.6,-0.4,-6.4,-17.3,-20.4,141974.4,302442.5,323289.6,325958.6,326298.2,184365.7,23916.4,3070.5,408.1,74.8,15.2,0.,0.,M
0.,-46.6,-159.4,-266.4,-344.8,-382.4,-357.1,-291.4,-266.,-250.1,-219.2,-185.4,-129.2,-68.2,-98.1,-166.6,-343.7,-481.4,-448.5,-277.1,-99.2,255.1,629.,587.1,392.2,258.8,36.7,-227.2,-205.8,-87.9,-33.2,20.1,62.6,73.8,71.8,47.8,26.9,3.,0.,M
0.,0.,56.3,183.1,203.5,49.8,-53.8,-249.1,-596.,-781.4,-778.3,-741.4,-615.5,-433.6,-282.5,82.,351.4,628.9,977.,1440.6,1978.1,2122.6,2186.3,2457.8,2339.8,1543.6,1073.2,575.,-309.8,-906.8,-1114.8,-1112.4,-942.3,-638.9,-373.6,-120.8,0.,0.,0.,M
0.,0.,-77.5,-182.7,-297.7,-385.,-362.5,-248.,-135.8,8.5,132.6,124.,150.9,268.8,433.4,515.6,888.,1501.7,1981.5,2541.8,2863.6,2619.9,2139.4,1527.8,596.5,40.,-209.7,-576.6,-627.5,-502.4,-443.6,-319.7,-133.1,-75.3,-23.3,33.6,16.8,0.,0.,M
0.,0.,1.9,36.5,86.1,103.,133.3,187.5,185.9,209.9,259.4,271.6,246.6,159.,-33.9,-176.4,-216.8,-324.6,-399.6,-397.3,-387.4,-490.4,-332.8,76.2,433.8,643.,773.8,762.8,568.9,405.3,293.8,320.7,307.6,222.1,145.1,113.6,56.8,0.,0.,M
0.,-9.1,-15.7,79.,216.6,262.,235.2,118.9,-138.6,-462.6,-618.6,-650.4,-645.8,-578.,-435.7,-324.8,-294.,-56.5,-60.5,-7.,257.2,652.4,1350.1,2255.7,2949.1,3039.4,3073.8,3025.2,2792.6,2288.2,2147.6,2050.3,1459.3,1061.7,943.6,729.4,434.,256.7,160.6,M
0.,0.,0.,34.7,69.4,59.7,3.6,-122.9,-334.3,-465.6,-596.6,-834.2,-957.7,-1017.,-1059.4,-819.,-467.3,-436.1,-363.8,-211.4,-250.8,-233.1,-12.1,110.3,68.8,37.3,9.9,69.4,109.6,94.4,65.6,17.3,-44.4,-43.3,0.,0.,0.,0.,0.,M
-408.,-408.,-552.4,-670.9,-581.,-433.4,-349.8,-268.1,-182.5,-121.6,-32.8,-1.,67.8,219.9,341.2,432.2,485.2,471.7,385.7,186.9,-127.5,-315.6,-404.9,-510.7,-480.2,-358.,-282.8,-234.4,-121.6,9.9,149.4,221.8,267.5,351.4,400.3,424.6,438.2,459.7,481.2,S
0.,0.,0.,12.6,59.7,121.9,192.6,235.6,280.,351.5,340.7,251.8,200.8,102.4,6.3,36.6,76.4,88.2,87.1,37.3,-88.7,-169.,-172.,-134.4,-78.4,96.5,294.1,335.2,391.8,460.,374.6,235.7,193.8,142.1,45.2,0.,0.,0.,0.,S
0.,0.,0.,0.,0.,0.,-151.2,-452.7,-748.6,-894.2,-1040.7,-1207.6,-1217.9,-1123.3,-1038.8,-980.7,-773.8,-411.3,-116.1,-34.6,92.3,202.3,-49.4,-496.9,-709.6,-912.2,-1245.6,-1272.3,-975.9,-783.6,-619.5,-284.9,-57.2,0.,0.,0.,0.,0.,0.,S
0.,0.,0.,0.,0.,0.,13.,11.5,-1.6,45.1,90.4,115.4,148.6,85.1,-95.7,-204.8,-455.5,-614.5,-378.2,-97.3,39.,252.2,398.9,185.9,-110.6,-260.6,-327.,-311.6,-157.6,-7.9,69.6,135.5,100.7,0.,0.,0.,0.,0.,0.,S
0.,0.,2.,25.3,69.,109.9,128.4,171.,227.1,359.,472.7,468.,482.2,440.3,166.1,-201.1,-350.2,-496.5,-649.4,-634.6,-504.2,-395.2,-312.6,-203.7,-88.2,42.7,84.4,111.3,159.8,197.2,117.5,22.,-106.9,-255.8,-324.9,-293.9,-213.8,-106.9,0.,S
0.,-86.,-202.8,-299.3,-418.2,-471.4,-450.8,-424.5,-370.2,-298.1,-274.6,-287.5,-455.3,-789.5,-1107.2,-1245.6,-1383.5,-1572.7,-1466.6,-1217.7,-1126.2,-851.6,-399.8,-234.4,-264.9,-283.6,-358.7,-404.4,-345.8,-213.7,-110.8,-32.2,71.1,117.4,131.4,123.8,61.9,0.,0.,S
0.,0.,0.,-34.9,-69.8,-99.2,-183.6,-228.4,-183.3,-99.2,43.2,273.1,478.6,675.3,754.,570.3,516.8,618.1,510.5,645.6,942.9,748.2,386.7,254.2,-9.6,-285.2,-249.3,-239.,-276.4,-191.,-57.4,9.4,98.6,169.2,84.6,0.,0.,0.,0.,S
0.,0.,0.,0.,0.,0.,10.2,10.6,21.8,82.2,121.6,149.,196.9,201.3,4.8,-175.6,-404.,-848.6,-1225.5,-1431.,-1475.8,-1449.5,-1367.7,-1277.1,-1182.8,-1123.6,-1064.9,-928.1,-729.3,-482.,-355.4,-249.6,-71.9,0.,0.,0.,0.,0.,0.,S
0.,0.,0.,0.,0.,129.7,370.3,481.2,591.,832.4,983.,1090.8,1179.6,969.1,470.4,-20.7,-415.2,-606.8,-496.,-275.2,-149.8,-159.,-183.6,-227.7,-232.8,-102.,151.5,313.2,637.5,969.4,924.,725.8,580.6,290.3,0.,0.,0.,0.,0.,S
0.,0.,0.,0.,0.,0.,18.6,34.2,85.2,145.6,152.,231.4,310.1,334.4,329.3,299.2,268.7,262.6,300.9,251.4,188.,52.4,-151.3,-399.2,-588.1,-597.2,-559.8,-488.9,-385.2,-218.8,-122.6,-91.9,-47.3,-16.7,0.,0.,0.,0.,0.,S
0.,0.,0.,0.,0.,0.,27.8,55.6,101.5,193.5,272.1,201.4,16.1,-111.9,-385.1,-803.6,-1043.,-1009.1,-1067.1,-1136.,-999.2,-960.9,-988.2,-954.6,-892.1,-834.6,-701.6,-597.2,-490.7,-303.1,-157.5,-46.5,0.,0.,0.,0.,0.,0.,0.,S
0.,-194.5,-583.5,-951.2,-1261.7,-1399.,-1276.2,-992.7,-689.5,-431.8,-316.6,-251.9,-139.9,-81.1,-86.3,-103.,-72.4,-73.8,-173.9,-328.5,-415.,-542.3,-798.7,-1012.6,-1167.9,-1238.4,-1224.9,-1090.6,-868.5,-606.7,-446.2,-403.,-376.4,-322.2,-216.1,-180.8,-133.8,-43.4,0.,S
0.,0.,0.,0.,-40.2,-80.4,-80.2,-62.1,1.4,71.2,95.4,158.1,226.7,312.4,584.2,776.2,677.,433.9,-48.6,-840.,-1292.8,-1584.1,-2146.8,-2560.6,-2695.3,-2687.6,-2439.4,-1784.7,-1002.2,-357.1,-88.,-8.6,55.8,20.4,0.,0.,0.,0.,0.,S
0.,0.,0.,0.,0.,0.,50.8,132.1,220.5,278.4,324.3,333.9,191.3,7.,-71.,-128.,-275.4,-445.5,-430.5,-335.8,-273.5,-66.,296.4,506.,498.4,399.,221.,73.8,-61.8,-128.8,-80.6,-23.1,-6.9,0.,0.,0.,0.,0.,0.,S
0.,0.,0.,0.,34.2,68.4,93.7,183.4,334.3,481.9,543.,608.9,717.4,788.5,689.5,562.,284.7,-410.4,-1239.7,-1906.9,-2162.6,-2234.6,-2152.,-1812.2,-1404.6,-1182.2,-983.8,-686.2,-524.9,-397.3,-331.8,-272.1,-155.4,-49.2,0.,0.,0.,0.,0.,S
0.,0.,0.,0.,10.6,80.3,141.7,70.5,-140.,-287.6,-494.8,-844.5,-1069.5,-1004.4,-958.6,-1068.2,-1103.8,-1154.3,-1308.1,-1337.4,-1096.3,-774.1,-370.3,-18.3,130.6,196.4,111.9,-240.4,-470.8,-687.7,-936.,-849.8,-554.6,-377.,-188.5,0.,0.,0.,0.,S
195.2,217.5,239.8,194.6,43.5,-240.9,-533.6,-647.8,-637.9,-560.4,-464.8,-380.1,-323.4,-273.,-159.3,13.8,299.1,474.6,625.,651.6,179.1,-549.2,-928.8,-1276.9,-1703.8,-1625.7,-1379.1,-1289.4,-1189.9,-999.6,-830.,-665.,-578.8,-564.7,-463.8,-320.9,-201.4,-138.,-138.,S
0.,0.,0.,0.,0.,0.,-73.1,-223.,-354.6,-471.7,-534.,-496.,-434.1,-373.3,-232.6,-128.8,-43.4,51.2,-5.,-281.,-491.6,-717.6,-1038.5,-1039.6,-885.8,-825.8,-778.4,-765.7,-810.9,-712.3,-603.2,-474.9,-173.3,0.,0.,0.,0.,0.,0.,S
0.,0.,0.,0.,0.,0.,-129.,-258.,-378.,-609.7,-741.7,-625.,-488.,-371.2,-177.2,-20.6,183.4,308.,552.6,993.,1199.6,1066.,921.6,615.5,1.8,-609.2,-1066.,-1219.4,-1154.7,-943.7,-563.9,-165.2,0.,0.,0.,0.,0.,0.,0.,S
0.,0.,0.,-164.2,-457.2,-692.4,-882.4,-966.,-922.2,-810.6,-700.4,-575.,-492.,-343.2,-110.4,47.2,174.1,227.4,167.5,-9.8,-262.6,-561.8,-725.6,-703.9,-610.5,-479.3,-479.9,-540.,-667.3,-945.2,-1029.5,-792.,-620.8,-483.7,-173.3,0.,0.,0.,0.,S
0.,0.,0.,-109.,-218.,-278.3,-369.3,-443.9,-426.9,-366.,-348.7,-414.2,-650.5,-928.5,-1053.,-1208.8,-1372.,-1228.9,-986.1,-893.8,-784.2,-625.5,-599.6,-606.5,-590.2,-484.2,-309.3,-184.4,-41.5,45.4,28.6,14.7,31.7,22.9,0.,0.,0.,0.,0.,S
0.,0.,0.,0.,123.6,323.6,447.4,540.8,586.8,506.,362.1,277.7,240.,223.6,132.9,-32.8,-117.2,-139.,-151.4,81.,433.3,499.,368.7,292.6,22.6,-398.5,-648.8,-805.1,-862.2,-884.2,-813.3,-583.7,-331.,-215.,-107.5,0.,0.,0.,0.,S
0.,29.7,59.4,71.9,84.3,138.8,156.8,120.2,92.3,-25.5,-254.8,-454.,-513.8,-542.1,-581.8,-472.1,-333.4,-315.8,-334.,-439.6,-846.,-1371.,-1577.,-1671.1,-1656.9,-1456.6,-1197.2,-1029.8,-965.7,-811.1,-584.3,-335.2,-222.4,-130.5,-48.6,-4.2,25.1,0.,0.,S
0.,0.,36.8,118.,236.1,408.3,506.8,534.5,589.4,573.7,424.4,318.,239.1,20.,-242.7,-494.3,-623.4,-648.7,-427.3,92.5,772.2,1178.8,1353.7,1481.,1235.4,809.5,581.6,476.5,259.5,206.1,198.8,133.,18.5,-114.6,-175.1,-192.9,-168.8,-84.4,0.,S
0.,0.,0.,19.,38.,26.1,37.8,112.5,243.5,323.4,418.2,486.1,330.8,75.9,-50.6,-284.4,-747.5,-1020.9,-1010.5,-956.,-635.3,125.9,844.8,1329.2,1535.2,1574.5,1605.6,1620.7,1599.,1554.,1344.9,936.1,556.1,187.9,0.,0.,0.,0.,0.,S
0.,0.,0.,0.,0.,0.,28.2,75.8,127.4,145.1,130.6,7.3,-260.,-573.9,-788.9,-834.,-853.3,-796.8,-676.3,-392.9,-154.2,31.9,372.9,613.7,520.5,378.1,386.3,287.9,247.3,276.6,239.9,160.,80.6,22.2,0.,0.,0.,0.,0.,S
0.,0.,0.,0.,0.,0.,0.,1.3,-36.6,-105.3,-163.4,-192.,-233.4,-88.1,99.5,44.6,-11.2,321.6,976.2,1775.8,2715.1,3176.6,3231.6,3105.8,2623.1,2008.2,1695.2,1315.9,648.1,212.3,0.9,-63.2,-31.6,0.,0.,0.,0.,0.,0.,S
0.,0.,0.,-12.7,-25.4,1.,39.9,90.7,167.6,206.2,263.7,345.3,453.8,595.1,652.,627.8,590.7,269.6,-280.2,-521.8,-835.5,-1343.9,-1476.8,-1305.7,-1196.4,-982.3,-555.9,-189.7,127.2,290.2,330.1,328.7,257.2,113.5,0.,0.,0.,0.,0.,S
0.,0.,0.,0.,0.,-107.1,-323.8,-500.5,-691.1,-814.6,-716.4,-567.1,-472.1,-392.1,-356.,-328.2,-292.9,-282.3,-294.9,-310.6,-280.7,-139.,77.3,253.6,325.4,284.7,153.,6.4,-20.1,9.,0.9,23.,24.4,-2.2,0.,0.,0.,0.,0.,S
0.,0.,0.,0.,0.,0.,18.6,37.2,65.6,106.5,148.7,182.2,186.,194.2,170.3,113.7,-89.5,-268.2,-361.9,-212.,87.3,649.3,1155.6,1407.4,1531.4,1374.4,985.9,626.6,431.9,141.,13.1,-9.3,0.,0.,0.,0.,0.,0.,0.,S
0.,0.,12.,7.9,-8.2,1.8,15.3,-6.5,-3.5,24.8,6.9,-7.2,8.8,4.7,-11.6,4.,0.6,-6.6,9.3,13.4,2.2,13.,9.3,-1.9,12.6,-2.2,-21.1,-7.8,-4.1,-17.8,-2.6,9.3,3.6,0.4,-0.4,2.7,2.9,0.,0.,S
0.,0.,0.,0.,-6.4,-2.6,8.5,8.9,-1.7,5.3,0.8,-55.4,-171.6,-321.5,-476.5,-626.4,-713.6,-711.9,-723.,-759.2,-728.6,-693.7,-632.3,-504.7,-341.6,-180.2,-52.3,36.7,122.4,161.,119.6,89.1,52.8,11.1,0.,0.,0.,0.,0.,S
0.,0.,0.,0.,0.,0.,0.,11.8,7.2,7.5,29.3,68.,117.1,161.9,216.1,287.2,318.5,242.3,147.5,86.7,35.6,16.5,73.1,174.1,213.6,189.3,175.2,157.9,111.5,78.3,60.8,24.,0.,0.,0.,0.,0.,0.,0.,S
0.,0.,0.,0.,0.,0.,-1.4,-24.5,-44.5,-58.2,-58.6,-70.3,-71.7,-31.,7.2,-17.1,-55.7,-68.7,-155.4,-295.5,-412.8,-483.7,-511.6,-472.8,-360.5,-193.4,-19.3,130.2,208.5,211.8,186.7,135.2,51.1,0.,0.,0.,0.,0.,0.,S
0.,0.,-106.9,-213.8,-244.1,-296.8,-327.8,-211.,-85.6,-31.7,86.1,190.8,296.2,360.8,350.1,344.5,461.6,518.1,462.6,318.8,-35.6,-508.8,-845.1,-918.8,-869.8,-700.9,-472.8,-318.4,-272.2,-168.9,-36.,3.8,13.9,13.8,-7.6,-14.5,0.,0.,0.,S
0.,0.,0.,0.,0.,-65.5,-213.,-343.6,-392.2,-411.9,-400.9,-288.1,-160.4,-114.8,-53.1,140.5,316.1,348.,336.2,257.2,205.4,291.,501.5,653.6,761.9,662.3,277.8,-127.8,-356.8,-428.1,-415.8,-257.8,-91.7,0.,0.,0.,0.,0.,0.,S
0.,135.9,390.9,583.9,743.2,828.6,817.3,803.9,818.3,868.,901.2,876.3,858.8,840.2,680.8,547.4,405.8,329.5,598.3,935.7,1069.6,1112.2,1196.3,1066.8,911.4,927.,866.,514.2,91.,-167.3,-293.2,-258.2,-157.6,-56.5,-29.8,-38.6,-13.3,6.,0.,S
0.,0.,0.,0.,0.,0.,-136.6,-273.2,-458.4,-825.2,-1191.3,-1340.4,-1305.,-1245.7,-1035.8,-675.9,-383.8,-301.,-126.8,80.2,42.2,-155.3,-282.,-437.8,-667.5,-757.7,-628.9,-625.5,-659.7,-480.1,-345.7,-283.4,-141.7,0.,0.,0.,0.,0.,0.,S
0.,0.,24.,48.,46.3,60.6,97.8,105.5,92.,102.9,26.,-165.,-352.7,-437.2,-578.2,-751.1,-784.,-750.6,-716.2,-613.4,-380.5,-38.6,330.6,488.,637.9,858.1,860.3,782.1,772.,738.6,756.2,768.8,622.7,515.,427.5,192.3,22.3,0.,0.,S
