-5369.8,-5369.8,-5933.6,-6992.4,-7947.6,-8439.5,-8471.2,-8072.6,-7155.1,-6007.2,-4877.8,-4377.4,-4136.9,-3056.4,-918.1,2431.2,4482.2,6758.5,10947.6,13632.3,14177.9,13951.6,14640.4,13194.4,10566.5,9535.7,8998.,6852.,4640.3,3301.8,965.7,-97.6,-613.6,-1354.1,-1699.8,-1783.6,-1746.2,-1579.,-1411.8,H
-5427.2,-4528.6,-2536.3,-1380.4,-1318.2,-2050.7,-2902.2,-2479.4,-199.5,1538.6,4367.3,7196.,7838.9,8256.3,8030.8,6763.8,6008.6,5344.9,3848.9,3528.4,2660.9,1298.4,742.7,202.5,-277.,110.1,652.,832.6,-388.7,-1635.8,-1641.4,140.,2749.7,6966.7,10361.,12841.2,14759.3,15180.3,16163.4,H
752.2,-262.4,-2164.5,-3723.9,-4767.5,-4607.1,-3746.2,-3090.6,-2562.9,-1990.3,-1824.7,-2076.1,-2010.3,-1855.6,-1732.6,-1447.1,-926.9,-420.5,293.,734.8,911.2,1475.8,1872.8,1712.,1463.,1283.1,785.5,45.6,-720.6,-1064.6,-1292.,-1543.5,-1173.1,-410.8,-43.,232.5,802.6,1450.8,1804.4,H
-1001.6,-634.9,-268.2,103.9,688.8,1214.,1585.5,1644.6,1737.9,1824.7,1675.5,1333.8,1134.8,816.1,266.,-311.7,-1043.4,-1428.8,-1800.6,-2445.1,-2615.1,-2302.2,-2092.,-1569.6,-141.7,2090.2,5223.,7029.4,8429.9,10504.5,11066.4,9984.7,9015.2,8021.8,6248.,4836.9,3512.3,2818.4,2818.4,H
-6933.2,-7093.9,-7353.6,-7326.,-7224.3,-7206.5,-7347.,-7885.4,-8534.2,-8909.1,-9218.7,-9328.7,-8527.8,-7283.9,-6014.6,-4273.5,-2501.3,-1446.7,-541.4,319.8,897.,2074.5,3686.8,4306.2,4354.2,4302.3,3407.9,2116.8,743.5,-161.6,207.7,1699.5,3773.5,6747.,9580.3,10684.3,10448.8,9707.1,9344.,H
12577.4,13470.1,15041.,16594.3,17247.6,17025.8,17332.,17020.,15645.1,12909.1,12345.4,12345.4,9950.,7737.8,7372.1,6823.2,5694.9,6538.8,7877.9,7793.7,7622.4,7930.3,6787.7,5334.2,4635.8,4561.4,4549.6,5130.2,6234.9,6821.6,6878.7,6896.8,6592.9,5876.7,5425.4,5192.1,4555.8,3401.8,2650.8,H
-10620.2,-10620.2,-9400.7,-6054.2,-1880.2,1900.3,3633.8,5475.7,8109.7,9990.3,10877.3,10675.8,9056.,6110.2,3521.2,1577.,895.8,246.,-1444.8,-3491.1,-5186.3,-5876.2,-6213.6,-6698.4,-6297.8,-3918.4,-2087.,78.2,3956.,6511.,6308.6,5263.8,3882.9,1604.9,-134.6,-901.2,-825.4,-772.4,-719.4,H
-937.2,-1060.7,-1103.1,-1022.,-1400.,-1630.6,-1421.2,-1179.,-998.8,-795.7,-656.9,-782.8,-985.5,-1126.6,-1043.5,-1047.7,-1018.9,-788.5,-674.2,-712.5,-829.4,-1045.2,-1365.9,-1549.4,-1659.6,-1828.7,-2051.1,-2034.9,-1855.2,-1679.3,-1314.9,-864.6,-584.8,-566.8,-696.1,-834.5,-747.1,-261.2,128.2,H
-2206.,-1982.9,-1759.8,-2062.2,-2063.7,-1907.7,-1991.5,-2383.2,-2449.1,-2130.1,-2149.,-2143.4,-1734.,-1532.9,-1725.1,-1494.,-1279.,-1426.4,-1145.2,-615.8,-628.2,-698.,-835.,-1473.,-2015.5,-1871.5,-1686.,-1559.4,-1443.5,-1377.7,-979.1,-657.,-120.5,1050.6,1826.,1678.4,1390.,748.9,107.8,H
-17675.8,-16946.2,-15645.2,-14269.1,-13464.4,-12833.,-11698.7,-10703.1,-9775.2,-9340.,-8808.4,-7965.2,-7270.7,-6712.4,-6537.,-6568.4,-6644.3,-6893.2,-7221.7,-7345.8,-7456.,-7933.9,-7224.,-4619.5,-3092.6,-898.6,4135.6,8759.2,12127.3,13712.,14672.2,16095.5,16540.1,15911.5,15301.4,14706.9,13067.1,10650.7,9279.6,H
-14717.6,-14450.4,-13941.8,-13700.4,-12825.2,-10975.7,-8954.9,-6595.6,-5282.8,-4460.4,-3033.6,-2195.,-1938.1,-1915.4,-1587.9,-709.8,628.,1680.1,1945.,2402.5,3240.6,3747.,4573.7,5274.6,5076.8,4788.4,4160.1,4413.1,5203.8,5587.2,7255.3,9916.,11680.2,12068.4,12736.7,13003.5,12481.,11625.2,10890.4,H
-10058.6,-12606.6,-15154.6,-17493.8,-20086.6,-19407.3,-17026.7,-15579.,-14118.5,-11015.6,-8100.3,-5597.5,-4367.6,-3449.3,-2054.4,-1104.2,-212.8,205.,480.8,638.9,612.2,402.7,102.2,86.2,336.4,796.9,1537.4,2083.6,2467.,3209.9,3347.6,3187.7,3249.6,3342.5,4072.5,6051.1,8772.7,10152.8,10152.8,H
-2233.2,-2797.,-2072.7,-341.6,1248.9,2396.4,4233.6,6358.9,7919.1,9787.3,10383.4,11122.2,12630.7,12961.8,11660.6,10798.,9504.3,6636.,4808.6,4064.4,4119.2,4421.1,4046.,3322.9,2730.6,2826.5,3605.8,4473.4,4842.2,5026.8,4935.8,3285.4,1232.5,-72.8,-884.6,-1912.1,-2904.6,-3458.8,-4048.,H
-2512.8,869.6,4252.,6929.5,10743.4,11398.2,8170.,5423.4,2365.6,-3475.4,-7817.1,-10773.1,-13194.,-12968.6,-11225.5,-9969.,-7929.6,-6920.2,-7188.,-6756.6,-6506.7,-6714.8,-5450.2,-4791.8,-5349.8,-5320.1,-5110.4,-4855.6,-4984.6,-5745.4,-5641.,-4594.2,-4283.6,-3318.5,386.3,5783.,11070.7,13701.4,13701.4,H
-5060.4,-5060.4,-4152.7,-2075.2,-529.7,-438.6,-723.2,-717.8,-1264.,-1938.6,-1471.8,-882.,-1112.9,-905.3,-652.5,-1119.8,-1401.4,-1227.1,-1282.5,-842.,-174.4,-177.,547.9,609.,-787.8,-1712.4,-1904.,-2404.1,-4377.9,-5048.8,-3744.9,-3243.8,-4079.1,-2291.9,1333.5,3622.5,4908.6,7203.6,9498.6,H
2623.8,2962.4,3301.,3027.3,2422.8,906.3,-1312.8,-2346.2,-2695.8,-3414.,-2944.3,-1189.5,-273.,-17.9,779.,1365.1,1505.9,1602.4,1816.1,2169.6,2701.9,2766.7,2439.,3165.7,5442.5,7732.8,9407.5,10342.,10221.6,8367.3,4900.1,2158.4,1150.,705.8,638.5,1755.,2706.2,2917.8,2917.8,H
-7818.4,-6930.8,-4888.2,-2293.8,-854.4,-350.8,-25.6,-118.9,47.6,129.,23.5,416.6,375.3,-732.,-1299.4,-1143.6,-1388.8,-1634.3,-1548.3,-1617.8,-1481.4,-1482.9,-1293.5,-486.6,-7.,57.9,17.5,-1336.1,-2540.6,-2496.8,-2082.9,-40.1,4344.,8466.1,9833.,11152.5,12980.,13654.8,13821.6,H
10996.2,12251.9,14182.4,14857.2,14377.7,12032.6,8741.,6052.5,4790.,3157.9,143.,-2563.4,-4175.9,-4464.8,-4539.8,-3903.6,-3014.4,-2264.6,-1692.8,-1373.6,-584.,-34.8,-108.2,346.,1719.1,3185.2,5086.5,6288.4,5933.7,5450.5,4219.5,2791.8,2466.6,2727.7,2764.1,2542.5,1506.3,467.,467.,H
-6728.,-6728.,-7860.,-9170.2,-8663.,-7513.3,-7049.,-6714.3,-6021.1,-5458.9,-4704.9,-4154.6,-3661.5,-2581.5,-1145.7,872.7,2042.2,3382.5,4242.5,2770.7,180.,-1419.2,-3106.8,-4266.7,-3834.5,-4729.8,-5529.6,-6854.7,-9001.1,-9368.8,-5783.1,-2651.,1345.1,8184.1,13548.6,16024.7,15979.2,15112.2,14245.2,H
3930.8,4062.9,5156.9,7356.9,9156.2,8807.3,8801.8,9375.4,8553.5,7641.1,7995.8,7867.4,6748.1,6487.3,6276.1,6145.9,6180.8,6533.6,6573.7,5717.1,4362.1,3725.6,2746.4,1327.3,1587.1,2152.8,2018.8,1377.6,1011.4,5.5,-981.5,-862.2,-804.8,-822.7,226.5,2269.4,3187.8,4857.3,6526.8,H
-4177.2,-3046.7,719.5,3943.7,3971.5,3410.8,1918.5,-981.1,-2893.2,-4317.7,-5237.4,-5390.8,-5307.3,-5302.4,-5353.9,-5173.4,-5325.9,-5584.5,-5701.1,-5601.,-5490.4,-5030.3,-3912.8,-2401.,-803.1,-59.6,503.8,1192.2,729.7,-587.1,-1316.4,-2107.4,-2788.7,-3784.7,-4403.4,-3916.4,-3588.8,-2889.6,-2518.,H
-14944.6,-15041.1,-15505.7,-15813.,-15752.2,-15373.8,-14376.7,-12598.5,-9839.,-8239.,-6854.3,-4175.4,-2188.6,-1626.7,-1757.4,-1875.1,-1279.1,266.,1975.4,2853.4,3395.6,3365.7,2034.,1459.2,1644.,1740.2,2742.4,5110.4,7680.3,8788.2,9670.6,11086.2,11120.9,10124.7,9627.,8568.8,5363.2,1798.1,380.4,H
-2951.4,-1717.2,-483.,710.2,2015.7,1723.,1132.5,947.,863.8,575.,-217.5,-1352.3,-1900.2,-2093.8,-2490.3,-2873.,-3512.5,-3972.2,-4272.5,-4656.3,-4872.,-4305.7,-3607.2,-3193.4,-1263.7,2964.8,8834.3,11991.2,15151.1,20791.3,22334.9,19588.7,17779.2,15159.4,8686.9,3025.5,-247.8,-1712.4,-1712.4,H
-13738.4,-13738.4,-13550.7,-13518.7,-13733.4,-13593.,-13393.6,-12298.6,-10779.9,-9131.7,-6628.9,-5350.6,-4924.5,-2719.1,-463.6,263.,513.4,1254.2,1958.2,2643.8,3814.5,4262.8,4547.5,5535.6,7553.5,9493.7,10119.4,10423.2,10728.,9996.4,10653.7,12043.6,13262.2,15248.6,15719.6,13257.2,11091.6,8977.1,6862.6,H
3550.2,2421.3,-765.9,-4481.9,-7398.9,-9731.4,-11279.4,-11405.2,-10873.9,-10772.2,-10851.,-10790.7,-10699.8,-10283.1,-9330.3,-8144.5,-6978.7,-5853.9,-5090.1,-5187.4,-5354.,-4853.1,-4111.6,-3804.9,-3851.4,-4003.7,-4352.,-5132.1,-6194.5,-6299.9,-3272.9,2199.6,7917.5,13151.8,17508.2,18763.2,16454.2,13151.7,11386.,H
-238.6,-211.5,56.2,573.6,1467.3,3242.2,5450.4,7188.1,8757.4,10469.3,10675.1,8467.1,5163.1,1912.1,-1162.2,-3846.6,-5587.,-6322.7,-6541.4,-6369.2,-5181.3,-3000.5,-413.5,2633.,5188.7,6552.6,7496.2,8096.1,7692.1,7107.1,6738.7,6025.6,5246.,4345.,3419.3,2603.4,1857.5,1230.7,984.2,H
-10100.8,-10758.5,-11381.7,-11063.7,-10020.8,-9261.4,-8901.4,-8657.2,-8614.,-8457.1,-8459.2,-8229.9,-7750.8,-7070.6,-5756.8,-5591.2,-5845.,-4563.4,-3203.2,-2660.6,-2082.6,-965.5,-550.1,-473.7,-273.6,614.2,2175.8,4176.3,6574.5,7646.,8167.7,8848.,8770.9,8134.6,7734.,7182.9,6231.8,5310.1,4788.4,H
358.2,54.5,-571.5,-1017.5,-779.8,-418.4,-37.2,604.4,836.6,836.1,863.8,912.4,1331.7,2003.,2245.2,2186.8,2211.8,2035.1,1763.4,1832.3,1971.2,2191.1,2664.6,3160.1,3453.1,3504.2,3486.7,3276.3,2777.1,2434.1,2397.4,2109.3,1732.4,2132.1,3353.1,4085.6,4756.2,6121.6,6816.4,H
-12313.6,-10623.2,-8932.8,-7250.9,-4263.6,-2329.,-1633.2,-1566.6,-1794.4,-2315.6,-2850.2,-2818.7,-2981.7,-3566.6,-3540.4,-3065.6,-2766.2,-2603.1,-2096.5,-1541.2,-1219.6,-1109.8,-701.6,-173.7,251.9,1160.7,1763.6,1890.7,2180.8,2066.5,1103.4,417.6,-161.6,-880.8,-517.,1171.8,2356.8,3601.5,4846.2,H
-23680.6,-24556.7,-25800.9,-26169.,-25549.5,-24110.5,-21333.9,-16731.,-14085.2,-11835.4,-6917.,-2155.9,1347.2,2757.8,4172.4,6224.8,6985.8,7196.3,7283.6,6740.7,6059.7,5586.4,4505.7,3760.2,3585.8,3277.4,3209.4,3417.6,3559.8,3652.5,3673.,3877.9,4098.9,4042.8,3996.2,4049.9,3934.9,4298.4,4877.2,H
-2754.4,-2694.5,-2573.2,-2511.8,-2177.7,-1513.6,-735.2,-38.,210.8,315.7,493.1,799.8,1134.8,1235.6,1319.7,1694.2,2058.7,2364.2,2595.6,2509.2,2435.2,2276.8,1894.4,1682.8,1472.9,1495.,2070.2,3130.7,3848.,4861.,6457.7,7420.9,7853.6,7906.8,7391.4,5370.1,2457.2,-346.9,-1744.,H
-11096.6,-11096.6,-10522.4,-9932.2,-9777.2,-9543.6,-9449.,-9097.6,-8263.7,-6984.3,-5138.8,-4090.2,-3268.4,-1423.9,10.4,382.2,342.4,324.2,166.,677.7,2128.3,2927.2,3032.3,2987.3,2429.7,1714.8,1407.4,2454.5,4621.9,6508.,8009.6,8745.4,8735.8,8833.,9046.,9178.6,9205.,9283.5,9362.,H
4883.4,4583.4,3810.8,3338.2,3066.7,2496.7,2050.6,2005.7,2108.4,2380.1,2992.7,3524.4,3702.2,3689.2,3658.9,3814.1,4924.5,7003.4,8157.4,9066.,11059.3,12228.3,12290.6,12268.6,12099.7,11809.2,11439.1,10213.6,9236.6,7569.2,3778.3,151.9,-2207.1,-3063.2,-3110.3,-2641.6,-1672.8,-654.3,-88.8,H
3800.4,6915.1,11485.6,11253.9,9566.4,6532.6,510.6,-4890.4,-7988.7,-8674.2,-8847.8,-8753.2,-7885.2,-6331.4,-5377.4,-4698.3,-3414.1,-2742.4,-2423.4,-2171.,-1980.9,-2076.1,-1560.9,-149.1,462.2,1947.3,5436.9,9113.5,11993.,13200.4,13544.5,13033.6,10103.4,6309.3,4590.4,3453.9,2390.3,3145.5,3827.8,H
10857.4,10205.3,7398.5,1434.,-5264.8,-8153.8,-9623.2,-10591.7,-8027.4,-4581.9,-3199.8,-2245.6,-643.1,853.1,3979.6,6258.2,9524.4,14975.2,17696.7,16265.9,14298.2,11524.5,6412.5,2217.7,-1356.1,-3073.4,-4921.3,-8044.1,-9967.2,-9944.5,-9273.6,-8005.6,-5836.8,-4597.2,-4166.4,-4074.4,-4410.1,-4709.5,-4673.2,H
2519.8,921.9,-676.,-3323.,-7091.,-9188.,-10257.,-10350.,-10027.6,-9075.9,-8299.7,-8205.3,-8257.8,-8084.3,-8993.7,-10935.3,-12311.2,-12828.4,-13199.1,-12542.2,-10120.,-7578.9,-6432.4,-5707.2,-4553.5,-3495.5,-2150.4,-1434.8,-1101.7,-780.1,-1457.,-2524.5,-2926.6,-2883.8,-2522.2,-1639.2,-791.9,-508.8,-508.8,H
-20305.4,-22812.1,-27753.8,-31641.9,-33095.,-32490.4,-29659.7,-24417.5,-18485.4,-15569.4,-13291.1,-9537.5,-6920.,-4692.4,-3607.,-2675.3,-957.7,338.9,1242.8,1636.,2216.5,3702.3,4956.1,5437.,5569.4,5010.7,3048.4,941.7,-560.6,-1359.8,-1746.3,-2175.5,-1664.9,-167.9,775.8,2600.8,6514.1,9551.2,10500.,H
11306.6,11306.6,12278.3,13182.1,13770.4,15279.7,16132.8,17112.7,18865.4,20087.9,20981.9,21426.2,21582.7,22383.8,23445.2,24014.9,24167.8,23798.7,21248.4,16072.,9337.1,5597.4,2754.7,-1562.4,-4397.3,-6116.6,-6475.4,-7014.5,-8844.3,-10547.8,-10635.,-10309.4,-10011.,-8666.6,-7370.9,-7571.9,-8022.6,-8921.,-9819.4,H
7163.6,5476.5,3789.4,1965.9,-565.9,-1040.2,-304.7,196.8,1050.9,2169.7,2162.6,1786.2,1681.6,1329.7,716.,353.6,-12.5,-278.,-188.1,397.4,329.3,-1392.6,-2550.8,-3756.8,-6678.6,-9136.3,-9621.,-9363.8,-9190.,-8431.3,-7825.7,-7661.6,-7518.2,-7657.6,-7864.3,-7083.4,-5556.8,-4878.4,-4878.4,H
134.4,349.7,731.2,897.4,1052.3,1211.1,1254.6,1276.9,1259.6,807.3,-235.4,-1546.,-2994.8,-3723.4,-4160.1,-4112.6,-3309.6,-2528.1,-2065.4,-1426.9,-749.6,-209.5,586.2,880.6,1039.4,1356.3,1361.4,1229.3,1250.2,1428.4,1680.8,1994.1,2136.5,2039.8,1294.,-162.6,-1395.2,-2018.6,-2120.2,M
-6218.2,-6214.6,-5863.7,-4737.3,-4480.8,-4877.2,-4595.2,-4290.4,-4141.4,-4107.3,-3799.8,-3246.,-2613.,-2260.4,-1983.6,-1542.7,-1206.1,-1046.7,-1059.8,-868.2,-641.8,-496.1,-182.4,20.4,328.9,1291.1,2512.1,3964.3,4849.2,6001.9,7989.6,9381.3,9984.7,10031.4,8730.7,5729.,2688.,370.,-608.,M
-5154.4,-6802.5,-8724.2,-9415.6,-8437.1,-5963.8,-4281.6,-3679.1,-3264.,-3459.1,-4460.4,-4985.7,-5194.4,-5948.4,-6017.7,-5276.3,-5008.6,-4690.4,-4290.8,-4070.2,-3662.3,-2727.,-1595.5,-405.7,180.,808.5,2333.1,4553.6,6976.2,8074.4,8487.,8431.8,7085.,5773.3,5340.6,5182.,5550.,6280.8,6485.,M
591.4,952.,1606.7,2009.3,2057.9,1998.,1717.2,1457.7,1265.4,1026.4,1001.,352.,-1928.,-4907.4,-7321.9,-8388.,-8550.7,-7987.3,-6434.6,-5139.8,-4671.6,-4253.7,-3577.9,-3098.6,-2552.9,-2228.6,-2014.3,-1185.2,543.7,3112.1,4566.4,5439.3,6846.4,7108.5,5905.5,4974.6,4610.1,3618.3,2991.,M
-2437.6,-1836.8,-589.9,521.4,986.6,1244.7,1625.9,1780.1,1737.5,1663.8,1357.4,460.5,-1157.6,-3601.9,-5018.6,-6193.6,-8226.7,-9450.2,-9740.3,-10745.2,-10617.2,-9008.9,-7922.9,-6299.8,-4282.4,-3226.2,-2008.2,447.2,2857.7,4054.8,5571.3,8297.4,10358.1,11279.1,12162.4,11483.3,8925.5,6424.,4987.8,M
-2175.,-2251.7,-1759.7,-677.1,112.6,388.4,495.6,467.5,238.4,-45.4,-235.4,-161.3,273.1,1158.4,2325.,3633.4,4195.6,4373.5,4628.6,4626.5,4498.3,4344.8,3630.4,2036.9,179.1,-1364.,-1928.4,-1738.2,-678.8,751.8,1755.6,2198.,2472.5,2603.1,2685.9,2925.,2937.4,2970.,3002.6,M
-3833.6,-3426.2,-3018.8,-2890.5,-2723.2,-2552.7,-2537.3,-2653.4,-2634.9,-2723.1,-2807.8,-2626.4,-2467.,-2263.7,-1937.7,-1940.3,-2060.7,-2055.8,-2387.9,-3020.3,-3682.4,-4569.9,-5095.6,-5310.4,-5757.1,-5942.6,-5512.3,-5128.4,-4494.1,-3129.4,-1512.5,131.6,889.2,1316.5,2114.1,2584.7,2740.3,2795.6,2795.6,M
-4330.2,-4330.2,-4140.,-3757.8,-3377.2,-2982.6,-2776.6,-2585.,-2148.7,-2028.9,-2803.6,-3453.4,-4483.9,-6614.2,-8081.9,-8080.1,-7710.4,-7059.1,-5820.7,-5375.6,-6289.3,-7061.,-7717.4,-8783.8,-9102.,-7830.5,-6650.8,-3754.,2365.2,8486.9,13377.4,15368.6,15159.7,13454.2,9998.,6313.5,4588.6,3375.3,2162.,M
-4786.2,-5090.6,-5629.,-5888.8,-5987.5,-5921.5,-6018.9,-6549.2,-6617.6,-5873.5,-4937.1,-4131.,-3536.5,-3357.3,-3421.6,-3687.1,-4326.3,-4963.4,-5398.4,-4785.,-2269.7,1456.3,5324.9,8893.7,11199.3,11599.7,10697.2,9326.7,8010.4,6603.4,5165.,3981.9,2929.3,1790.1,1040.7,752.3,631.3,771.2,931.,M
1816.8,1773.8,1688.7,1646.6,1565.2,1567.2,1695.8,1609.,1477.,826.2,-248.4,-857.7,-678.,-312.8,436.,1646.4,2262.9,2343.5,2269.2,2364.7,2362.3,2577.6,3019.3,3147.8,3297.4,4703.9,6988.1,8896.2,9777.,10371.9,10134.8,8193.7,5919.3,4754.,3877.6,2627.7,2296.2,2120.3,1902.4,M
2587.8,2704.8,2919.,2839.2,2482.4,2302.6,1645.1,-344.3,-3330.1,-6606.8,-8229.6,-9370.5,-11296.7,-12749.3,-14550.4,-15684.2,-16764.4,-18486.7,-18762.1,-17337.4,-16279.4,-14735.5,-10970.6,-6652.5,-1689.5,1176.4,2540.3,5225.5,7118.2,7588.3,7487.,8458.6,9700.5,9761.4,8506.7,7461.4,6243.1,4059.5,3094.2,M
3317.8,3885.7,4093.4,3417.9,3327.6,3552.6,4135.7,4924.4,5194.5,5213.6,5168.2,4834.9,4668.8,4894.8,5136.9,5320.2,5654.6,5967.4,5982.7,5639.,5258.4,5004.5,4583.6,4187.7,3804.8,3650.8,3203.1,2230.9,972.5,-434.9,-1108.4,-1856.7,-3196.4,-3931.5,-4151.2,-4227.2,-4082.1,-3792.8,-3648.6,M
-209.4,-1006.1,-2810.7,-4249.5,-5184.8,-5689.2,-6023.9,-6283.1,-6284.3,-5766.6,-5172.2,-4558.5,-3680.6,-3622.5,-4027.1,-4225.6,-4121.1,-3574.,-2081.5,563.,2157.6,3873.,7301.9,9785.8,10591.4,10626.6,10069.8,8131.4,5257.7,2282.7,799.8,-116.3,-1250.7,-1226.2,-901.,-818.6,-1036.6,-1248.2,-1241.8,M
-2546.8,-4063.7,-6386.6,-7231.,-6236.3,-5203.2,-3331.7,42.6,2645.2,4171.3,4597.6,4687.8,4730.5,4683.5,4779.2,4874.4,5093.4,5605.7,6104.3,6278.9,6248.2,6209.9,6011.2,5505.5,4120.3,3080.4,1657.4,-1101.,-2793.5,-2789.6,-2428.6,-669.7,2262.9,3553.5,4509.8,5349.2,4419.,2731.,1973.2,M
-3556.,-1646.9,2565.1,6944.2,9020.4,11597.9,14914.9,15579.7,14809.5,14114.,12490.7,9315.7,6095.,3615.4,2804.8,2076.8,481.7,-962.6,-1789.1,-2038.4,-2545.8,-2715.3,-1989.1,-1775.4,-1950.,-1139.9,589.3,3494.6,7427.4,9374.,10733.2,12281.7,10703.2,6879.4,4823.4,2718.3,-465.5,-1271.2,-998.2,M
-658.6,-2287.6,-6030.,-8143.4,-9187.6,-9049.8,-5718.9,-2148.7,-727.4,1341.2,3624.3,3366.4,3277.8,3661.6,3307.3,3175.5,3809.4,4423.1,4625.4,5066.2,5666.5,6058.9,6890.9,7490.,7511.4,7016.6,5817.7,4519.1,3903.2,3270.3,2857.9,3354.8,3106.2,2581.2,2812.5,2627.2,1479.,246.9,-253.6,M
-6185.2,-6703.3,-7221.4,-7705.4,-8270.1,-8170.1,-8054.,-8118.6,-8364.5,-8760.7,-9514.8,-10644.,-11169.4,-11371.1,-11529.2,-10765.3,-8847.,-7649.,-6258.1,-3988.7,-2355.7,-1270.6,-940.,-382.2,951.7,2431.6,4627.8,6120.2,6242.9,7341.1,8758.8,8720.3,8239.6,8329.6,6393.8,2522.7,-618.4,-1914.2,-1914.2,M
-11622.,-11622.,-12637.,-14550.1,-15900.4,-15918.3,-15484.,-14706.4,-12950.1,-11310.7,-10618.8,-10587.6,-10803.3,-12053.5,-14063.7,-15697.,-16354.6,-16425.,-15801.6,-14162.3,-12308.4,-11400.,-10349.,-8344.3,-6772.,-5506.3,-4859.2,-4830.5,-4753.,-3627.4,-1396.7,-242.8,1709.,6158.8,10112.,12594.7,13622.2,13811.5,14000.8,M
924.2,622.3,-851.8,-2024.,-3376.1,-5773.8,-7725.8,-8671.6,-8711.,-8767.1,-9231.8,-10134.9,-11191.7,-11754.,-12174.9,-12722.6,-12829.8,-12538.6,-12267.,-11564.3,-9870.2,-7638.7,-4980.9,-3563.2,-2815.7,-1385.5,-403.6,-225.5,-346.6,177.,1059.1,2432.1,4804.6,6162.6,7056.2,8983.7,10120.4,9774.8,9326.4,M
-1477.6,-2887.9,-5785.6,-8944.8,-10616.6,-11326.1,-12228.9,-12523.,-12364.8,-12105.8,-11905.1,-10577.7,-7228.2,-2927.7,-850.,509.3,2452.3,2860.1,2439.8,2195.4,2237.2,2217.7,1081.8,-747.1,-1501.4,-2136.9,-3488.8,-3135.3,-1445.,-824.6,-831.9,2006.2,6864.4,10817.1,12757.,16683.4,20360.7,19028.1,17944.6,M
2336.6,2014.2,1228.2,-419.1,-3135.1,-4667.4,-5960.8,-8230.4,-8974.2,-7814.3,-6886.8,-6170.2,-4857.6,-4384.9,-4657.6,-4807.,-4987.3,-5207.3,-5090.9,-5070.7,-5206.6,-5510.7,-5749.3,-5066.9,-3326.5,-2203.,85.1,4318.5,6711.5,6614.4,6069.6,4278.,778.6,-1576.1,-2165.3,-2107.6,-1687.7,-1109.5,-951.2,M
-11733.6,-13142.7,-15248.,-15038.,-12095.1,-10058.4,-8154.4,-4721.6,-2334.9,-1204.2,-931.4,-393.3,506.,1467.9,2589.3,3110.,3957.4,6139.3,9348.1,11627.3,12032.2,11611.3,10630.5,8119.7,4574.8,2980.8,1075.3,-2479.4,-5245.2,-5835.2,-5308.6,-4166.5,-2692.7,-1382.8,-84.1,236.4,1042.8,3083.1,4317.,M
860.6,899.3,997.,1056.,946.6,316.8,-776.7,-1628.3,-1906.8,-1865.4,-1139.8,158.4,942.4,1112.4,1111.6,1142.3,1267.5,1340.3,1319.4,1936.5,3288.5,4618.3,6032.4,6851.6,7151.2,7276.6,6805.8,6312.9,6116.6,5268.1,2557.3,-731.8,-3654.,-5149.4,-5539.7,-5019.9,-3354.4,-1804.1,-1009.2,M
-10571.2,-12007.6,-13747.6,-12659.6,-11268.,-9896.5,-7618.7,-6076.5,-5251.2,-5061.8,-4651.6,-3424.,-1675.5,-11.4,721.6,1101.,1602.6,1711.9,1702.6,1706.2,1953.7,2367.7,3155.8,4395.,5012.6,5880.2,7633.2,8978.,8964.,8490.6,7057.3,3337.3,-1364.4,-5102.4,-6425.4,-6691.1,-5991.,-3567.1,-2109.,M
6061.8,3959.8,1857.8,627.2,-2356.6,-6151.5,-9081.2,-9969.2,-11047.2,-12592.2,-13134.6,-13409.5,-13609.,-13116.2,-12194.6,-11251.3,-10453.6,-10170.4,-9747.7,-8911.3,-7718.1,-5560.9,-4183.2,-3582.6,-1751.6,508.,2463.2,3389.2,5930.7,10030.7,13210.,15641.7,16452.6,14853.1,11661.,8001.4,4241.5,2548.6,2548.6,M
3658.8,3525.9,2882.,1547.4,-108.8,-1547.5,-2475.3,-3467.9,-4672.4,-5433.1,-5733.4,-5774.8,-4852.6,-2641.7,-482.7,951.3,2423.8,3812.8,4621.5,5314.8,5934.3,5793.,5128.1,4359.6,3768.2,3588.5,3646.8,3012.9,1822.3,857.8,434.8,810.7,1989.4,3574.,4639.2,4783.9,3987.5,3256.7,3084.4,M
271.2,-35.9,-683.3,-843.9,-336.9,473.2,1586.6,3157.8,4403.9,5027.7,5772.4,6392.9,6255.1,5932.,7028.2,8997.4,11121.8,13614.9,15751.2,15895.4,14343.4,11617.2,8193.,5584.2,3887.4,2871.8,2832.2,3682.4,5457.5,8178.4,10481.6,11782.7,11285.5,7962.3,3337.2,-590.5,-3550.,-5033.2,-5271.2,M
-7096.4,-7607.4,-7607.5,-6322.5,-5096.5,-4644.6,-4538.5,-4363.,-4075.2,-3719.7,-3582.6,-3463.5,-3387.8,-3626.5,-3959.6,-4097.4,-4180.4,-4212.,-4097.5,-4008.3,-3982.2,-4046.3,-4207.6,-4243.2,-3978.8,-3776.,-2779.7,-56.1,3330.8,6430.6,7870.8,8291.3,8602.,8147.3,7315.5,6828.6,6625.4,5986.7,5551.2,M
6223.6,7709.5,9195.4,10035.1,10579.3,9646.2,8028.5,7048.4,6286.6,5179.2,4726.9,4629.9,4639.6,4701.4,4878.3,4961.8,5063.8,5197.4,5524.2,5583.8,4985.6,4363.4,4072.2,4049.8,4519.9,5487.2,6171.2,6380.4,6044.2,5382.8,4434.1,1968.7,126.8,-1765.5,-5202.4,-7549.6,-7774.,-7195.8,-7195.8,M
-6814.4,-7837.9,-9274.5,-9687.6,-8967.8,-7732.5,-6862.7,-6875.1,-7241.8,-7976.2,-9022.7,-9699.2,-9584.8,-9106.,-8374.3,-6612.2,-4078.8,-913.7,748.4,3088.9,6798.8,9083.9,10128.2,10256.8,9387.,8136.2,7413.5,6737.9,6404.,6254.6,5828.1,4432.8,1969.6,624.6,-586.9,-2836.1,-3765.1,-2813.,-1969.6,M
-6773.,-6773.,-7766.3,-8715.4,-8068.9,-6093.5,-5079.1,-4653.4,-3307.6,-2275.8,-1805.4,-1754.4,-1703.3,-1804.7,-1787.3,-1668.4,-1412.,-897.7,-602.6,-941.7,-2373.9,-3378.5,-4304.4,-5944.8,-6754.5,-5786.4,-4671.8,-3780.4,-2538.3,-1523.5,-1177.7,-1496.,-1752.1,-1586.3,-1216.8,-636.1,-3.,735.8,1474.6,M
-8929.2,-9399.1,-9869.,-9730.4,-9427.4,-9159.2,-8806.6,-8557.8,-8087.4,-7327.8,-6433.3,-4872.3,-3916.6,-2762.4,-288.,2153.7,4006.9,4738.6,5579.1,7078.9,8259.1,9297.6,9815.2,9743.2,9674.,9789.6,9873.3,9844.2,9967.9,9792.4,9090.8,8137.1,7585.8,7009.7,6023.8,5130.1,4466.7,4287.2,4287.2,M
-15901.8,-16261.7,-15787.9,-14029.4,-12488.2,-11871.8,-11779.9,-11476.6,-11013.,-10644.9,-10529.,-10344.2,-10692.1,-11843.7,-12779.4,-13096.2,-12802.5,-11188.6,-7977.2,-4273.1,-2460.2,-752.,2373.1,4842.,5666.,6288.6,7335.8,7133.1,6075.4,5417.,5031.9,4541.3,4852.,5872.7,6477.2,7084.7,7966.3,8210.2,8180.,M
-13141.8,-12702.7,-11592.1,-9568.,-6442.3,-4669.2,-3337.4,-456.2,2056.9,3397.8,3775.,4284.4,4610.1,4341.1,4458.9,4662.,4654.9,5011.1,5568.5,5755.9,5749.2,6051.4,6271.2,6453.,6479.4,6241.6,5457.3,4145.2,2885.2,1850.,1547.,1356.6,973.,696.,554.3,496.4,784.6,981.5,890.2,M
-6256.4,-6073.4,-5401.9,-4609.4,-4357.7,-4410.,-4626.6,-4741.3,-4472.,-3789.9,-3275.2,-2652.7,-1629.9,-826.5,-107.7,208.,529.7,1187.1,1825.2,2380.8,2634.,2937.9,3499.,4388.,5882.4,6745.,7186.3,7961.7,8144.,7480.7,6969.2,6723.8,6080.9,4776.,2557.9,1247.2,-85.4,-2319.7,-3221.4,M
-8749.2,-8158.,-6177.5,-3779.9,-2160.7,-1549.8,-1146.7,-742.1,-346.2,399.2,750.2,566.,117.1,-672.6,-1693.,-2188.4,-2219.1,-2285.8,-2131.3,-2253.6,-2566.4,-3074.7,-3558.6,-3010.8,-1006.8,473.8,2432.4,5657.9,6944.5,6414.5,5864.8,4752.,2858.7,1686.5,1055.9,817.,1000.7,1316.7,1449.,M
-14418.2,-14418.2,-15167.9,-15191.9,-13660.7,-12381.5,-11907.8,-11640.2,-11373.5,-11293.8,-11345.6,-11478.,-11221.9,-10244.5,-8515.5,-5258.2,-3008.6,1439.4,10271.8,18534.4,24479.6,26546.6,25678.4,22871.1,19283.6,16289.7,14944.2,13673.9,11689.4,9885.,8678.9,8563.,8962.5,9022.2,8754.6,8879.7,8932.6,8553.1,8173.6,M
-5569.4,-6050.6,-6531.8,-6231.4,-4764.3,-2594.7,-886.6,-181.4,359.8,1320.3,2275.4,3427.6,4044.,4433.3,5104.,5522.,5496.7,5334.8,5268.4,5056.9,4865.,4550.6,4283.,3220.3,1089.1,-859.5,-1906.9,-2074.2,-1429.8,-395.6,-125.4,-883.3,-1521.6,-2290.6,-3407.,-3508.1,-2542.8,-1823.8,-1823.8,M
1345.6,1449.4,1374.2,739.5,-197.3,-678.4,-830.7,-618.7,401.4,1890.,2722.8,3569.1,4857.1,5401.2,5343.8,5184.,4850.3,4358.4,4251.1,4507.4,4712.8,4921.,5276.1,5485.8,5335.5,5122.4,4563.7,3597.8,2653.3,1764.1,1412.2,1091.5,136.1,-1030.1,-2039.8,-2518.,-3141.5,-4920.8,-6076.6,M
-989.6,-930.9,-393.6,85.,864.2,2117.2,2643.8,1973.6,1250.6,800.3,-142.6,-2196.1,-3512.6,-3268.2,-3906.6,-4732.8,-3716.9,-2704.1,-2895.,-2496.7,-2006.,-1866.2,-1627.9,-1437.,-1218.3,-799.1,-421.9,-319.3,-393.4,-455.1,-575.8,-826.8,-1657.8,-2296.8,-2198.1,-1976.4,-1639.8,-713.1,0.,S
1713.,1713.,1719.2,1680.1,1576.8,1354.1,1189.4,617.6,-813.8,-2517.4,-3828.3,-4295.2,-4189.2,-3537.4,-2365.2,-1336.,-933.2,-753.6,-454.6,-299.3,-161.6,-59.8,62.1,310.8,651.,1088.5,1312.6,1528.,1863.8,1859.8,1100.7,466.,-552.8,-2519.2,-3928.6,-4163.3,-3936.2,-3233.2,-2530.2,S
1267.4,1195.2,988.3,650.6,447.6,308.9,130.7,-319.5,-1618.8,-2507.4,-3376.9,-4904.1,-5557.8,-4640.7,-3949.3,-3452.9,-2339.4,-1894.3,-1844.6,-1905.6,-1936.,-1748.3,-1197.3,-803.4,-294.1,480.9,888.2,754.6,479.4,-137.5,-818.9,-860.8,-334.1,170.,888.1,1517.2,1057.6,285.9,-115.2,S
-8755.6,-9133.9,-9512.2,-8837.5,-7236.2,-5549.7,-4398.9,-4008.,-3873.9,-3657.3,-3509.7,-2973.8,-2801.7,-2873.5,-2430.4,-2152.9,-2298.8,-2207.3,-1892.6,-1955.9,-2076.3,-2169.6,-2221.8,-2051.5,-1710.,-1445.5,-1333.4,-1314.6,-1106.7,-158.2,1390.7,2955.1,3711.2,4255.8,5206.,5987.2,6723.4,7084.,7084.,S
170.6,226.,281.4,524.6,1023.9,1483.9,1566.9,1446.,1686.2,2121.5,2407.5,2327.9,2157.4,1377.2,-297.7,-1744.,-2249.8,-2204.,-1806.6,-734.4,342.8,949.1,1153.,1053.8,726.4,545.,815.,1038.2,1435.7,2000.4,2185.6,1836.2,1639.3,1541.8,1221.2,759.4,-380.8,-1282.3,-1452.8,S
305.8,1449.4,2593.,3504.3,4919.7,5071.3,4226.2,3733.6,2798.8,967.5,-724.8,-2836.6,-4152.6,-5364.8,-7550.,-8829.3,-8715.5,-8295.4,-7670.1,-6643.1,-5922.7,-5096.3,-4588.6,-3915.,-2222.2,-399.9,1141.1,1879.,2692.8,4005.6,4987.5,5655.7,5841.,5845.5,5878.9,5708.2,4860.6,4212.6,4212.6,S
-463.6,-1928.6,-3393.6,-4832.7,-7563.2,-9301.6,-9289.,-8829.4,-8007.6,-6389.1,-4983.1,-4043.6,-3713.4,-3456.8,-3135.3,-2929.3,-2707.8,-2627.4,-2374.9,-1279.4,229.6,1672.5,2449.4,3074.2,3661.6,3666.6,3352.1,2995.2,1774.7,-332.8,-2011.,-3068.,-3333.8,-2667.7,-1395.5,-383.7,313.4,604.8,604.8,S
-4380.6,-4380.6,-4001.7,-3120.4,-2514.7,-2628.2,-2845.,-3054.1,-3230.1,-2869.,-1945.9,-1350.8,-871.8,-71.9,464.4,774.6,869.4,964.1,1025.7,1128.5,1316.3,1368.2,1359.7,741.8,-588.,-1645.5,-1982.6,-1896.2,-1002.9,579.6,1774.9,2194.6,2128.8,1936.7,1694.9,1570.6,1561.8,1718.8,1875.8,S
-783.2,-783.2,-527.,119.3,611.7,842.2,970.4,1031.,1198.6,1399.2,1295.8,1098.8,808.5,200.1,42.1,827.1,1452.,2266.8,3482.6,3824.4,3053.1,2341.,1112.5,-988.3,-2775.1,-2855.,-2020.4,-1229.4,73.7,899.4,562.4,-88.2,-16.6,850.8,2880.2,5324.3,6534.8,7495.7,8456.6,S
-361.4,139.9,1322.7,2004.2,2041.1,1839.2,1022.9,-239.9,-925.2,-1205.8,-1499.6,-1512.,-1496.7,-1482.2,-1500.1,-1497.8,-1483.9,-1391.8,-1293.4,-1129.8,-903.7,-626.1,-418.5,-426.,-1324.7,-3239.4,-4688.4,-5153.6,-5185.8,-4235.4,-2154.6,-627.1,161.6,553.2,926.5,1552.4,2246.4,2913.3,3138.8,S
-603.4,-1908.9,-3214.4,-4365.,-6154.2,-6827.2,-6673.3,-6485.,-6445.7,-6673.1,-7087.3,-7057.7,-6880.6,-6372.3,-5252.3,-4057.8,-2922.2,-2369.4,-1636.9,-117.5,1270.6,2061.8,2251.8,1896.7,1335.7,999.1,1085.2,1302.,1648.1,1972.8,2110.2,2207.6,2146.2,1914.1,1429.2,530.3,-552.5,-989.2,-989.2,S
-45.4,-130.,-274.6,-334.6,-621.4,-1164.7,-1596.8,-1828.3,-1884.2,-1832.7,-994.6,421.7,1594.5,2137.6,2919.5,3399.5,3104.4,2745.4,2379.6,1289.6,-604.1,-1982.2,-2508.7,-2460.8,-1432.6,687.2,2402.,3315.,3604.8,3666.,3809.5,4025.4,4270.3,4381.6,3835.6,2713.9,1579.5,510.4,0.,S
-6784.2,-7632.,-7994.3,-6458.2,-4642.7,-3877.8,-3712.6,-3951.,-4897.7,-6034.7,-6628.6,-6666.,-6605.5,-6255.4,-5860.7,-5718.2,-5671.4,-5422.1,-5045.4,-4299.1,-3727.,-3296.5,-1669.4,876.6,2727.4,3228.8,3011.6,1274.9,-1681.1,-3677.4,-4237.2,-3852.,-2620.4,-1215.,-407.1,-158.2,188.6,756.5,977.6,S
-9783.2,-9763.5,-9989.1,-10135.9,-10037.4,-9933.7,-9440.7,-8668.,-7857.1,-7429.6,-6909.7,-6078.4,-5365.2,-4811.3,-4659.2,-4524.,-4341.,-4248.5,-3761.3,-3318.8,-2193.6,285.4,2917.4,5322.7,6449.8,6595.6,7098.1,7792.2,8249.8,8370.,8774.9,9130.8,8666.3,7466.6,6682.4,6002.1,5082.3,4721.5,4600.2,S
-2980.2,-2454.9,-1929.6,-1692.1,-1330.9,-1075.6,-667.5,-391.,-77.8,425.9,793.,876.3,783.,734.7,579.8,500.9,544.6,560.6,602.2,512.1,-580.1,-2497.7,-3454.8,-4261.2,-5334.4,-4806.2,-3160.1,-2309.,-1603.1,-469.7,167.1,1283.4,2190.4,3365.6,5433.7,7125.6,7849.7,7774.8,7774.8,S
0.,358.6,743.2,695.,620.8,806.3,898.6,839.4,922.4,971.4,887.5,869.7,1235.3,2057.8,2580.8,2729.6,2076.8,181.8,-1816.8,-2722.,-3216.9,-3117.4,-1635.7,-142.2,464.,760.5,1052.6,969.9,909.,926.4,1196.4,1737.7,2568.5,2911.8,2695.6,2373.6,1660.4,634.6,0.,S
-7267.2,-7296.8,-7202.,-7257.3,-7437.,-7617.8,-7817.7,-7549.7,-6558.6,-5854.6,-4707.1,-2127.5,789.6,3772.1,5269.6,6688.5,9290.8,11260.7,12155.7,12264.2,11427.1,8694.,4565.8,650.4,-1032.8,-1769.5,-2200.4,-852.6,986.4,1783.4,1749.7,1565.7,1187.7,937.3,914.6,1384.3,2162.1,2542.7,2615.2,S
883.6,271.4,-1191.9,-2692.4,-3570.8,-3812.5,-3213.,-1842.,-436.6,534.7,872.1,1085.5,1536.3,2009.9,2495.8,3300.3,3641.7,3677.1,3994.7,4240.5,4656.9,4909.,5075.9,5258.6,4803.2,3131.8,1931.6,640.3,-1231.7,-1578.2,-381.3,581.4,1733.8,3347.8,3712.1,3165.,2715.2,2404.9,2094.6,S
-217.6,-245.,-210.3,-148.2,31.7,160.1,-335.5,-1527.4,-2275.2,-3272.2,-5336.2,-7086.5,-7855.8,-7941.8,-7624.5,-6721.2,-5398.,-4160.9,-3661.,-3089.4,-1660.,-62.7,1689.4,2702.,3910.2,6400.5,8809.,11331.,12726.6,13676.2,14884.,14929.6,13129.6,11542.2,9793.1,6383.,3188.,712.6,-228.8,S
-2860.6,-2595.3,-2160.5,-1701.8,-1412.6,-1193.4,-1056.4,-1394.1,-2445.9,-3242.2,-3674.5,-3736.1,-2852.3,-1317.4,-295.6,419.1,1101.6,767.1,146.2,-172.4,-203.9,166.2,1814.9,4091.6,5121.2,5783.1,6762.8,7037.4,7141.1,7288.,7039.,5544.5,2611.1,-305.2,-1533.6,-2103.6,-1323.6,2066.9,4107.4,S
-3456.2,-3531.5,-3606.8,-2663.6,-1238.1,-681.5,-460.,-312.8,-61.4,930.7,2562.1,4338.5,5224.2,5901.3,6842.2,6957.8,6293.8,5778.,5168.9,3959.,3244.4,2765.7,2400.8,1444.9,-433.2,-2161.2,-3084.5,-3202.,-2664.5,-1723.3,-1154.7,-1035.4,-1081.,-954.9,-533.7,41.1,550.8,780.8,780.8,S
129.,101.1,-54.7,-446.2,-966.5,-1223.2,-1446.,-1696.1,-1329.2,-1108.2,-1281.4,-1811.5,-2682.7,-3565.,-3821.6,-3537.,-2926.8,-2164.8,-1884.4,-1166.2,-576.6,585.6,2973.7,5609.,7995.4,8972.4,9290.1,9955.8,10012.5,9041.2,8361.2,7593.7,5978.9,4595.9,3650.6,3241.,2410.9,656.9,-267.,S
-4119.6,-3671.9,-3224.2,-2162.6,-87.7,892.5,-247.3,-1354.,-2159.8,-3043.9,-2180.8,74.5,1388.4,2812.1,5392.4,7234.,9353.9,10788.8,10573.,8831.6,5874.4,2345.3,247.8,-741.9,-1476.5,-1131.4,-1310.2,-1579.,-1862.8,-2412.1,-2711.,-2466.7,-2189.,-1851.8,-1158.9,-689.4,-585.2,-594.8,-594.8,S
4540.4,4296.4,2991.2,148.3,-1633.4,-3745.8,-7557.5,-9748.9,-9720.8,-9200.6,-8575.6,-7480.6,-6856.8,-6613.4,-6523.8,-6303.3,-5817.9,-5214.1,-4355.1,-3835.,-2899.1,124.7,4391.2,8432.6,10295.4,11399.6,12214.1,11123.2,8756.8,7191.6,5443.8,2114.1,-872.9,-1907.,-1536.,79.5,3286.8,6302.4,7726.2,S
5098.4,5012.9,4449.6,3299.1,1932.6,1238.8,750.3,-173.6,-1408.2,-2946.5,-3685.6,-4087.,-4650.6,-4271.3,-2981.4,-2233.,-1399.1,312.7,2167.5,3888.3,4632.2,4925.9,5386.,5364.7,5029.7,4882.4,4741.3,4428.7,4074.8,3720.,3547.6,3354.5,3099.5,3055.2,3157.9,3243.,3134.6,2078.7,1131.2,S
-4393.8,-3483.8,-1511.4,88.1,437.8,250.4,-467.8,-2093.,-3639.8,-4706.1,-5132.6,-5158.3,-5289.,-5634.,-6206.9,-6539.8,-6951.,-7299.7,-6846.5,-5697.1,-4938.4,-4136.8,-2703.7,-1420.5,-299.4,170.,1061.3,3240.5,6246.5,9279.7,10594.8,10976.1,11034.1,9139.8,6136.4,4704.,3406.8,562.5,-984.6,S
-603.6,423.4,1828.9,2175.1,2169.8,2196.8,2039.6,1741.7,1631.,1692.4,1723.8,1907.4,2377.6,2707.6,2949.5,3148.,3246.1,3321.8,3611.4,4064.9,4206.4,4440.4,4728.6,4698.5,4471.8,4329.4,4409.6,4403.,4500.6,4599.,4513.,4453.9,4820.6,5418.7,6163.8,6736.6,7335.4,7750.8,7567.4,S
-1938.2,-1938.2,-1987.5,-2094.5,-2088.8,-1878.5,-1731.6,-1628.1,-1542.5,-2414.4,-4448.1,-5627.8,-6545.5,-7803.4,-7532.7,-5982.6,-5043.4,-4300.6,-3285.,-2966.9,-2738.1,-2554.6,-2452.4,-2148.6,-1517.1,-907.7,-728.2,-387.4,528.5,1603.8,2900.8,3697.6,4039.1,4594.4,4831.3,3884.3,2914.2,1972.9,1031.6,S
-3917.6,-4303.7,-4736.7,-4783.6,-5038.6,-5423.3,-5845.7,-6080.1,-6021.8,-5840.5,-5433.4,-5053.6,-4852.2,-4804.8,-4803.8,-5118.9,-5752.4,-6517.,-6964.2,-7310.9,-7481.6,-6498.5,-3474.7,-1258.,1096.,5226.,7479.2,7023.,6089.6,4542.9,1394.8,-990.1,-2021.1,-2268.6,-1797.3,-495.5,1214.1,2646.1,3199.,S
4049.6,3958.2,3824.7,3782.6,3755.2,3892.6,4309.2,4822.9,5084.8,6069.,8456.3,11404.8,14054.5,15158.8,14967.5,13544.8,10570.5,7562.4,6297.2,5743.4,4945.6,4668.6,4075.5,3515.4,3170.3,2256.2,976.7,-287.1,-840.4,-1606.1,-2981.2,-3781.2,-3753.8,-3535.8,-3704.9,-4130.1,-4774.1,-5363.2,-5564.4,S
-3323.6,-3323.6,-3094.8,-1980.1,-270.3,842.3,1131.,1247.5,1338.3,1359.9,1512.,1616.8,1732.1,1949.2,2061.4,2091.8,2111.8,2084.3,1971.3,1876.7,1350.5,833.4,-199.8,-2085.5,-3492.8,-3617.1,-3186.6,-2264.4,-409.7,891.1,1172.5,1085.6,1065.3,1121.2,1487.8,2115.2,2452.2,2711.4,2970.6,S
3447.8,2615.4,1783.,190.1,-2980.7,-5571.3,-6965.9,-7347.8,-6400.2,-4316.6,-1861.5,392.8,1328.,2184.3,3847.,5173.6,6581.1,7468.4,7533.3,7544.8,7137.,6243.4,5704.2,5557.8,5191.3,4651.5,3641.7,2951.6,1495.4,-1572.4,-4359.2,-6155.3,-6776.2,-6353.1,-5316.,-4316.9,-3933.8,-3935.8,-3935.8,S
1069.,1125.7,1212.7,1269.7,1296.4,1073.5,180.9,-1317.2,-3517.9,-4890.2,-5860.9,-6737.4,-5742.8,-2945.5,-1048.6,817.1,4059.5,5914.2,6156.3,5920.4,5044.4,3449.7,2266.9,1673.2,1543.6,1966.5,2679.1,3305.9,3891.6,4140.2,4074.7,2843.,138.9,-2530.4,-3661.8,-4193.7,-4011.1,-2352.4,-1408.2,S
-7729.4,-7821.7,-8347.2,-8780.4,-9421.5,-10510.4,-11043.5,-10782.2,-10435.6,-9592.9,-7560.1,-3768.,1843.1,4852.2,7394.3,11191.2,12233.6,10267.2,8513.2,6727.4,3918.2,2291.5,1434.1,1781.2,2817.1,4015.7,5700.2,6620.8,7564.1,9396.4,10610.6,10603.2,10270.6,10052.,9652.9,9542.8,9786.,9958.8,9958.8,S
1432.4,1523.6,1314.1,821.3,299.7,-29.8,-1081.3,-3130.,-4836.5,-5612.6,-5679.4,-4841.8,-3074.4,-1576.8,-760.7,-512.4,-242.6,580.1,1689.7,2743.3,3240.2,3730.3,4440.2,4969.7,5488.2,5697.,5553.1,5026.8,3984.6,2646.8,1968.8,1548.5,277.2,-1639.9,-3460.,-4214.,-4487.2,-4121.,-3481.6,S
-1664.,-2403.8,-3143.6,-3894.6,-5232.,-6610.9,-8323.4,-9243.4,-10151.8,-11852.9,-13117.9,-13850.9,-14111.6,-14199.9,-14379.7,-14381.6,-14000.8,-13709.6,-13103.1,-11583.5,-9657.7,-7521.1,-6397.2,-5429.7,-3707.1,-2280.6,-1121.7,-634.2,-459.4,339.8,1592.6,3062.4,3903.8,4444.9,4160.3,2499.5,1081.6,498.8,498.8,S
-2183.8,-2099.9,-1897.6,-1848.1,-1917.,-1780.6,-1483.3,-1466.8,-1790.3,-1969.4,-2395.4,-3574.9,-4995.6,-6528.,-7393.2,-8038.6,-8894.6,-8994.6,-7722.8,-6561.6,-5274.5,-2723.6,-432.8,648.3,1101.8,2239.4,3661.8,5519.,6692.,7552.,9291.8,10771.6,11310.7,11249.8,11140.,10677.2,10065.6,9371.2,8935.4,S
-4297.6,-4202.1,-3755.2,-2986.8,-1843.4,-1117.,-493.4,1184.1,3053.9,4611.5,5353.2,5896.,6304.7,6194.1,5865.6,5513.6,5128.7,4253.6,3116.6,2350.9,2232.,2621.6,3710.3,5537.6,7639.7,8613.6,9436.9,10812.4,11232.1,10198.1,9296.6,7690.8,3975.2,34.6,-3095.8,-4395.4,-5375.6,-7048.2,-7740.6,S
-3574.,-3310.2,-2617.6,-1646.8,-686.1,-267.4,-112.5,78.3,227.6,607.,873.,1358.9,2381.5,3265.,3874.7,4137.6,4182.9,3949.6,2972.4,1661.3,1048.8,728.2,395.4,1000.3,1929.1,2240.8,2059.2,1514.2,483.3,-726.3,-1268.4,-1343.,-1318.3,-1052.2,-416.3,52.8,387.6,676.7,631.,S
