1.4,0.3,-4.3,-4.3,-0.8,-2.6,-6.7,-9.6,-1.9,6.4,2.4,-5.8,-2.,-12.9,-31.8,-17.2,7.7,10.5,7.8,12.6,0.,-14.2,-7.1,-3.1,-7.8,-6.4,-7.9,-17.6,-13.5,-2.6,-3.3,1.8,9.,6.7,3.,5.4,3.8,0.1,0.4,H
0.,-6.6,-0.9,6.9,2.4,-7.6,-2.1,-4.,-15.6,-9.8,6.8,12.8,-2.6,-4.4,-1.4,-10.2,-10.6,1.8,9.5,10.7,10.4,8.9,7.3,2.5,-1.9,9.,7.4,8.9,10.9,1.4,-2.5,-0.9,-17.,-30.2,-21.8,-26.3,-29.3,-13.9,0.,H
14.,14.5,9.5,1.8,-0.4,-10.7,-20.1,-5.9,8.2,9.,9.5,7.7,-2.6,-14.2,-17.8,-14.,-0.2,1.4,2.,11.,15.4,4.9,4.9,23.3,26.8,19.3,13.3,-1.8,-12.9,-7.4,-11.3,-17.4,-5.6,-6.4,-21.2,-15.2,-2.7,0.1,-3.6,H
-8.4,-1.5,0.7,10.5,25.,26.6,9.3,1.3,5.4,-1.4,-14.4,-7.6,5.2,0.6,3.,5.9,1.6,5.1,4.2,-7.4,-2.9,9.2,-3.1,-15.5,-8.,11.9,16.,3.5,7.6,8.4,-6.9,-6.5,11.8,-1.2,-16.8,-13.2,-17.7,-21.7,-17.6,H
0.,0.,0.,0.,67.2,231.5,328.6,394.4,552.3,594.6,417.9,291.,59.2,-210.6,39.5,713.7,1099.8,1447.1,1697.1,1070.9,230.8,-80.4,-608.1,-1255.3,-910.9,-704.2,-961.4,-406.7,342.8,569.3,813.1,1025.2,816.9,576.5,272.2,0.,0.,0.,0.,H
35.,61.4,87.8,92.8,43.2,-51.9,-140.4,-188.4,-200.5,-199.7,-135.4,-235.8,-387.6,-185.2,205.3,-109.,-732.9,-854.4,-989.9,-1511.2,-1472.3,-864.5,-681.4,-701.5,-389.6,7.1,270.,468.2,477.9,438.4,388.3,344.3,301.2,251.8,159.,101.1,43.3,0.,0.,H
16.4,102.8,296.9,399.2,513.2,632.6,478.7,340.6,125.7,10.8,126.6,-72.7,-355.2,-353.4,-240.8,-213.2,220.7,756.5,1102.9,1123.6,899.8,569.7,13.7,-486.8,-841.6,-921.8,-804.2,-648.5,-457.6,-262.8,-220.8,-174.,-51.7,103.8,174.8,165.8,164.4,133.1,103.2,H
0.,0.,-122.4,-285.4,-326.,-393.,-573.7,-460.,-167.8,-103.,138.,449.2,385.7,-7.9,-267.8,-963.3,-2127.5,-2646.7,-2580.4,-2463.6,-1768.9,-313.3,798.2,1740.4,2332.,2226.8,1977.1,1608.1,1054.3,725.,753.5,677.8,526.7,336.4,193.,96.5,0.,0.,0.,H
-96.8,-127.6,-158.4,-169.3,-166.7,-163.4,-195.7,-217.8,-205.8,-334.8,-633.8,-621.6,-451.4,55.1,984.2,1315.8,1242.4,1260.,-50.6,-1403.,-1154.7,-734.1,-603.6,245.3,880.1,710.,503.4,252.8,236.1,208.9,104.6,-0.1,-11.,-23.7,-46.,-70.8,-89.9,-93.8,-93.8,H
0.,0.,23.3,79.5,112.4,70.4,-52.1,-247.1,-535.9,-710.2,-772.3,-693.8,-741.6,-1152.3,-1374.6,-1354.,-1804.,-1997.8,-1398.7,-1076.4,-543.9,568.5,1382.7,1904.3,2191.6,1914.4,1534.6,1206.1,709.1,438.,230.2,-87.4,-202.8,-183.2,-158.,-122.,-43.,0.,0.,H
-189.4,-202.7,-242.5,-269.,-266.5,-276.2,-408.6,-583.7,-638.6,-811.1,-950.3,-352.6,133.2,54.6,-111.9,-564.1,-2030.2,-2926.9,-2643.2,-1962.1,-805.8,527.9,1306.5,1226.6,1013.8,709.8,192.2,-507.1,-780.,-769.3,-790.6,-471.5,59.8,240.,137.8,2.6,-64.1,-48.9,0.,H
0.,-13.3,-26.6,-36.,-18.9,41.,124.9,175.4,202.2,168.5,12.,-264.,-444.,-596.1,-583.5,-84.6,406.4,563.2,587.1,139.,-645.8,-310.6,337.4,1027.7,2373.3,3238.4,2869.6,2291.,1690.3,868.7,541.6,446.4,457.4,478.6,406.7,251.2,94.4,0.,0.,H
0.,0.,0.,0.,-59.3,-126.7,-143.4,-180.3,-233.5,-232.3,-231.5,-306.1,-557.9,-678.,-594.2,-393.5,-219.2,43.6,230.8,158.7,37.,-37.8,51.,317.7,748.4,1013.4,1310.3,1657.5,1628.2,1280.,995.7,690.6,280.5,29.2,-6.9,0.,0.,0.,0.,H
-691.,-823.8,-956.6,-1010.6,-1060.9,-1007.9,-880.5,-802.4,-745.4,-633.4,-504.6,-436.6,-442.4,-412.2,-488.9,-495.5,-420.4,-445.6,-562.4,-373.8,-121.7,-450.2,-725.4,-571.1,-758.6,-469.,945.2,1728.,2117.2,2981.2,2995.2,2297.1,2059.8,1812.4,1498.6,1398.2,1179.6,995.,995.,H
-143.2,-212.5,-348.3,-471.4,-521.,-514.,-555.3,-639.,-763.8,-901.6,-957.,-895.5,-982.8,-1166.,-1172.,-1143.6,-1297.7,-1194.5,-932.4,-810.2,-790.1,-684.2,-614.3,-653.3,-565.,-473.7,-517.1,-553.1,-307.7,-221.,-275.,-21.6,337.7,412.2,415.,449.2,336.5,146.9,70.,H
0.,0.,0.,0.,32.4,-26.,-185.7,-227.7,-200.8,-252.,172.6,733.6,571.7,324.6,8.9,-1061.3,-1989.4,-2215.7,-2268.4,-2185.5,-1648.5,-1266.1,-1077.9,-818.,-442.5,-73.6,332.4,955.8,1166.6,1178.1,1111.6,850.,468.6,270.8,135.4,0.,0.,0.,0.,H
0.,0.,0.,156.2,346.3,446.1,512.,634.,631.5,498.1,272.3,55.4,188.8,304.,782.9,1388.8,1497.6,1015.1,528.,-68.6,-942.2,-1223.8,-966.4,-202.4,630.1,1337.,1718.,1615.6,986.6,227.5,-156.3,-307.6,-235.5,-152.3,-164.7,-94.1,0.,0.,0.,H
-19.2,-56.9,-229.5,-531.6,-816.8,-934.8,-1019.2,-1082.1,-1155.9,-1161.1,-1071.,-540.8,131.6,157.3,117.5,194.2,-345.5,-991.7,-971.2,-769.2,-694.2,-534.8,-197.6,232.8,237.6,-10.2,-90.1,-427.,-674.6,-610.7,-556.2,-505.7,-313.3,-149.1,-47.7,31.4,33.,49.6,64.6,H
0.,0.,-79.6,-159.2,-189.8,-223.5,-250.5,-169.2,-64.,-21.7,168.,479.7,661.3,678.6,663.4,138.7,-170.9,-198.2,-425.4,-325.6,463.6,1338.3,2112.,2700.4,2955.,3040.8,2363.7,1409.,962.6,569.1,16.6,-172.5,-160.3,-118.,-75.4,-29.2,-12.8,0.,0.,H
0.,0.,0.,-18.3,-89.9,-186.6,-337.9,-445.8,-547.4,-728.2,-771.1,-571.8,-408.8,-186.,161.,45.6,-9.1,175.8,-506.8,-1386.2,-1008.3,-1136.1,-1838.6,-869.1,533.2,1049.,1720.,2308.,2019.3,1506.7,865.6,277.5,106.6,5.5,-99.4,-97.,-45.4,0.,0.,H
-147.2,-212.9,-385.5,-622.1,-854.9,-958.,-1043.9,-962.7,-401.2,437.3,1075.7,1421.6,1890.7,2027.5,1395.2,963.2,982.8,380.9,-15.8,333.6,263.9,-206.3,-412.7,-620.1,-721.8,-705.8,-589.1,-217.,-97.5,-211.3,-158.,12.8,61.7,112.9,64.9,-16.6,-47.8,-38.2,-28.6,H
-192.2,-235.5,-341.8,-404.8,-447.8,-477.4,-457.8,-420.6,-389.6,-352.4,-310.7,-351.1,-484.9,-573.8,-535.7,-676.7,-732.1,-623.8,-639.2,-228.,293.8,442.9,171.4,-138.6,289.9,432.,464.,1462.,2141.6,1404.4,1150.1,1251.1,616.8,364.4,273.,88.4,-21.5,-19.1,0.,H
0.,-38.4,-103.8,-130.8,-184.8,-268.9,-303.4,-339.1,-370.4,-553.2,-1030.3,-1461.,-1525.6,-1453.8,-1264.9,-1136.4,-658.8,-210.6,-300.4,-171.3,643.2,965.7,790.8,978.8,916.2,588.6,295.3,157.9,48.8,-8.8,-190.,-353.8,-441.7,-489.4,-450.4,-323.4,-162.8,-45.1,0.,H
0.,0.,-22.8,-62.5,-93.5,-126.4,-145.2,-242.6,-787.7,-1275.7,-1154.8,-993.6,-820.,91.9,641.4,126.2,-200.2,-257.9,-411.7,126.8,1285.3,1809.2,2121.3,2267.3,1617.,772.9,413.,-42.4,-492.8,-473.8,-477.4,-495.,-347.4,-216.3,-154.,-37.6,0.,0.,0.,H
148.,171.3,179.9,165.2,132.8,21.3,-242.2,-260.3,-94.,-121.3,-241.5,-536.4,-968.8,-1199.2,-1361.9,-1553.7,-1325.7,-898.9,-729.2,-612.7,-533.4,-34.4,848.,1194.2,1701.7,2707.4,2863.9,2200.3,1878.4,1549.,942.1,466.9,53.3,-162.6,-315.1,-506.1,-435.4,-225.5,-124.8,H
-78.8,-88.3,-129.4,-173.6,-186.2,-255.7,-389.3,-468.2,-692.2,-901.4,-203.9,192.2,315.6,975.2,1210.,341.4,35.5,214.1,-115.1,-60.2,311.3,737.6,942.8,1213.,1332.8,1216.4,884.8,541.2,177.7,-57.4,-117.3,-239.6,-388.8,-428.2,-380.8,-296.,-176.1,-70.5,0.,H
-94.,-92.,-145.8,-240.2,-201.2,-123.6,45.5,437.2,637.1,828.7,1043.,892.5,431.6,10.7,-443.1,-786.4,-1006.1,-1319.8,-1315.5,-1131.7,-753.5,-261.7,369.8,1038.2,1414.8,1262.7,1143.3,1193.8,918.4,628.3,490.8,379.3,251.7,274.5,323.2,333.,271.2,153.5,97.6,H
562.8,561.4,503.5,423.3,346.4,250.6,97.2,-91.3,-99.1,-29.2,-16.7,-66.9,-173.2,-504.2,-791.6,-906.8,-1059.8,-965.1,-522.1,-211.6,-276.4,-137.7,151.3,163.5,90.2,-38.6,-364.3,-612.8,-390.3,-116.2,562.1,1672.,2276.5,2335.4,2221.4,2015.,1537.3,1059.1,852.2,H
0.,-62.5,-154.8,-222.7,-297.2,-452.8,-509.5,-540.8,-729.1,-656.1,-448.6,-408.6,-214.,213.1,386.1,405.8,418.2,411.5,289.2,63.5,195.9,438.4,709.5,1092.5,1276.8,1202.7,1123.,823.1,515.1,484.4,393.1,324.4,340.3,268.1,168.7,130.1,102.8,51.4,0.,H
0.,0.,0.,-122.8,-300.9,-395.4,-447.2,-459.8,-377.9,-349.6,-417.4,-590.1,-748.6,-1017.2,-1220.8,-1160.7,-1371.9,-1578.2,-1051.7,-1015.3,-1434.,-280.4,801.8,631.2,1210.9,1831.7,972.3,242.4,112.9,-240.1,-377.7,-266.7,-241.6,-158.5,-68.2,-30.5,0.,0.,0.,H
181.6,163.7,81.2,16.6,-60.2,-290.6,-479.5,-640.8,-766.8,-758.1,-811.2,-774.5,-604.3,-532.6,-229.,501.1,850.5,958.8,1144.2,684.5,-63.3,-1064.1,-731.2,314.4,827.8,1431.,2178.8,1546.4,256.,-168.6,-742.7,-914.2,-840.8,-745.4,-653.8,-472.5,-274.3,-82.9,0.,H
0.,0.,-50.3,-125.,-156.3,-175.9,-188.6,-157.,-129.1,-116.6,-129.5,-158.6,-264.3,-512.9,-857.4,-978.8,-898.6,-542.9,108.,380.9,128.2,-102.2,-145.6,-56.8,382.2,930.9,1172.8,1097.8,824.1,547.9,472.1,473.8,360.9,190.3,117.9,51.6,0.,0.,0.,H
0.,0.,0.,0.,0.,-106.2,-305.3,-543.6,-849.5,-1010.,-1030.3,-889.9,-529.2,-460.3,-591.4,-769.7,-1012.2,-1355.5,-1010.,-385.4,213.8,1077.8,1713.3,1877.3,1670.6,1468.7,971.9,445.5,-43.5,-301.,-393.5,-459.5,-347.7,-131.2,0.,0.,0.,0.,0.,H
254.,254.,289.,308.8,325.5,291.9,226.4,124.8,-52.7,-269.5,-447.8,-485.2,-504.4,-534.5,-628.9,-685.3,-658.2,-519.8,-328.5,-110.7,222.5,390.8,444.3,840.6,1454.2,1705.9,1686.8,1692.4,1394.2,922.7,765.2,775.4,698.9,565.8,346.,51.9,-79.,-114.2,-149.4,H
0.,0.,0.,0.,0.,0.,0.,20.1,43.9,-79.8,2.1,17.9,-208.1,-252.6,-364.7,-942.4,-1506.4,-1813.,-1688.2,-815.9,202.7,1137.4,1917.3,1997.6,1480.4,1031.8,696.9,445.7,261.3,142.,67.8,16.2,0.,0.,0.,0.,0.,0.,0.,H
0.,0.,-114.9,-342.8,-575.9,-758.,-872.4,-835.5,-693.4,-524.9,-368.9,-303.3,-188.2,16.8,153.,470.1,794.3,834.2,967.4,993.3,652.,397.2,442.7,355.8,328.2,455.2,501.7,391.9,176.6,76.2,-13.3,-126.4,-165.6,-115.8,-85.3,-72.5,-26.5,0.,0.,H
0.,0.,0.,-37.3,-128.6,-227.1,-303.6,-333.8,-331.3,-293.7,-321.3,-495.8,-833.4,-1244.7,-1531.8,-1711.4,-1677.2,-1690.7,-1497.9,-831.4,-251.8,476.2,1405.4,2117.5,2398.5,2488.1,2216.5,1678.,1156.6,523.2,102.5,-134.3,-143.7,-81.1,-54.4,2.8,0.,0.,0.,H
-232.4,-232.4,-226.4,-215.5,-227.3,-249.2,-254.4,-489.3,-1022.9,-1548.7,-1856.9,-1938.,-1794.1,-1396.8,-972.2,-716.6,-632.2,-500.4,-145.1,178.5,786.,1293.4,1547.7,1773.9,1809.4,1501.7,1130.4,879.9,474.1,166.5,-171.5,-357.2,-492.4,-684.,-701.1,-629.5,-597.2,-493.6,-390.,H
-43.2,-64.7,-14.2,57.8,196.4,454.9,644.3,579.,185.1,-164.7,-539.5,-1185.1,-1516.6,-1399.3,-1312.,-943.5,-381.3,-119.4,120.6,234.7,76.,49.3,368.3,906.7,1258.1,1295.4,1545.1,1708.5,1308.1,1186.7,1350.3,1199.5,980.7,904.,851.5,773.,664.5,485.3,388.6,H
0.,0.,0.,0.,-10.3,-14.6,-11.1,-16.7,-19.8,-2.1,15.7,7.3,-1.9,-2.6,-2.4,-17.2,-16.2,-2.,-3.8,-0.8,9.1,17.6,16.5,13.8,-1.9,-16.2,-16.4,-13.,-8.,7.4,23.4,19.,17.3,20.6,10.3,0.,0.,0.,0.,M
0.,0.,-0.8,-7.,-12.4,-12.6,-11.,-12.4,2.9,21.4,20.4,7.2,0.5,2.4,-1.2,-5.7,6.,9.3,-5.4,-7.2,2.1,1.,10.3,12.7,-4.6,-4.1,0.1,-4.3,4.4,21.2,9.3,-1.,0.4,-7.,-14.2,-6.4,0.7,0.,0.,M
0.,0.,0.,0.,0.,-4.6,5.9,10.4,-3.6,-7.,9.,6.6,-0.4,21.8,32.6,12.4,1.7,8.2,-0.3,-5.8,-10.5,-23.9,-25.5,-24.5,-30.6,-11.4,7.7,15.5,23.1,22.8,17.1,14.,3.8,-4.5,0.,0.,0.,0.,0.,M
0.,0.,0.,0.,-10.,-6.3,7.4,-12.3,-24.6,0.3,2.1,-13.6,4.2,11.4,-8.8,-23.7,-29.,-16.1,-2.4,4.7,14.9,18.8,7.5,2.4,3.8,-0.4,0.2,0.4,-0.4,-0.8,2.6,5.4,5.5,2.8,0.,0.,0.,0.,0.,M
0.,0.,-111.5,-326.6,-543.8,-776.,-894.6,-836.7,-733.5,-735.2,-734.7,-687.2,-661.7,-991.6,-1219.5,-1526.7,-1961.4,-1769.9,-1242.3,-675.6,218.3,881.6,789.9,787.6,644.8,285.7,158.8,82.2,38.2,147.2,223.2,222.8,227.7,188.2,102.1,30.2,0.,0.,0.,M
179.6,217.4,267.3,299.4,311.2,303.,302.6,291.4,176.7,-114.1,-301.,-358.2,-779.5,-1105.5,-964.,-860.6,-800.1,-802.3,-433.5,22.6,47.2,107.4,603.3,659.7,300.1,319.8,271.1,187.7,135.7,143.4,168.4,103.2,41.6,11.,-83.,-142.8,-159.1,-160.7,-146.,M
-146.2,-146.2,-217.1,-345.3,-416.4,-430.7,-431.2,-386.1,-327.4,-267.7,-250.7,-279.8,-201.4,14.,502.5,1284.5,1715.,1651.,1531.6,793.6,-335.5,-782.,-926.4,-1362.3,-1398.1,-787.3,-432.2,-157.9,366.9,770.5,678.7,433.8,297.4,88.,-151.5,-329.5,-341.,-324.7,-308.4,M
-275.,-275.,-317.7,-420.5,-562.7,-638.6,-632.4,-597.7,-554.8,-520.4,-471.4,-448.6,-411.1,-346.1,-275.5,-214.3,-196.2,-144.,-54.9,30.5,6.,-67.,-76.4,-137.2,-172.7,-87.2,-17.6,-75.8,-71.2,-93.,-198.5,-219.4,-227.2,-288.,-334.7,-271.5,-214.6,-178.4,-142.2,M
-221.6,-242.3,-263.,-199.7,-100.9,-139.8,-206.5,-198.8,-162.2,-132.9,-173.9,-478.8,-750.,-829.5,-1358.9,-1704.5,-1335.7,-1071.2,-1328.3,-966.3,-730.4,-966.2,-818.8,-256.3,239.,737.6,1339.5,1375.6,1159.8,956.4,913.1,726.5,595.6,663.,757.5,767.,730.,710.6,710.6,M
0.,-1.2,10.9,63.8,103.4,79.,39.5,11.6,-73.8,-146.4,-190.8,-394.6,-623.8,-598.9,-504.2,-517.4,-174.2,-26.4,-635.7,-1036.4,-792.8,-996.5,-1077.8,-222.9,266.,68.9,215.1,523.1,394.5,301.2,439.8,514.1,487.8,469.2,412.6,309.5,194.,90.8,0.,M
0.,0.,0.,0.,0.,-50.1,-116.9,-133.6,-147.3,-242.5,-348.,-466.7,-561.4,-690.2,-1004.4,-1113.,-1084.5,-1132.8,-998.1,-859.2,-834.9,-522.9,-231.,-186.1,66.3,233.3,57.5,-77.8,-112.7,-92.4,-19.5,1.3,4.4,2.2,0.,0.,0.,0.,0.,M
0.,0.,0.,0.,-70.9,-228.7,-393.5,-522.1,-572.8,-573.9,-564.,-560.8,-599.9,-631.2,-584.8,-539.3,-367.6,194.9,584.8,217.9,60.7,-368.2,-1730.4,-2454.,-2009.3,-1646.8,-1211.4,-145.8,402.2,483.,513.1,496.5,398.3,266.,133.,0.,0.,0.,0.,M
201.2,248.1,295.,312.8,224.6,31.6,-210.1,-364.8,-465.4,-554.8,-669.5,-529.3,-263.2,-93.4,475.2,898.2,738.2,554.,450.8,-320.5,-678.7,-342.9,-152.,221.5,851.9,1351.2,1428.6,1478.,1523.3,1526.3,1414.9,1296.4,1156.3,782.9,425.9,180.3,58.4,-15.9,-90.2,M
0.,0.,0.,0.,0.,0.,-85.1,-314.7,-545.3,-802.1,-903.3,-995.7,-1069.3,-838.5,-727.8,-491.4,-222.8,-209.9,-681.,-963.,-1067.2,-1094.2,-548.5,338.5,1239.6,1750.,2198.7,2194.8,1778.7,1305.7,764.3,251.5,0.,0.,0.,0.,0.,0.,0.,M
0.,0.,0.,0.,-24.1,-98.7,-175.9,-207.3,-249.7,-263.3,-257.1,-430.9,-738.6,-1066.7,-1429.1,-1807.8,-1960.3,-1778.9,-1485.3,-969.4,-106.2,711.4,1178.8,1484.1,1516.,1223.4,911.2,702.3,620.6,550.7,427.2,325.3,224.5,77.8,0.,0.,0.,0.,0.,M
-131.6,-165.6,-248.8,-312.,-367.8,-352.2,-279.9,-234.,-237.7,-364.1,-575.8,-796.4,-977.,-1164.,-1306.2,-1241.5,-1228.,-1123.4,-1037.5,-1110.2,-737.3,-296.2,104.3,649.4,1127.6,1128.6,1052.1,766.9,285.6,32.2,-334.3,-622.1,-825.3,-838.2,-665.9,-476.1,-318.3,-117.1,0.,M
0.,0.,0.,0.,-49.7,-136.8,-196.4,-232.1,-245.6,-240.1,-200.1,-236.5,-393.8,-480.2,-557.6,-878.5,-1311.5,-1807.7,-2114.4,-1916.8,-1456.3,-651.6,602.9,1315.6,1437.4,1732.1,1727.7,1493.6,1436.8,1239.,851.8,580.5,249.3,0.,0.,0.,0.,0.,0.,M
0.,0.,-11.1,-60.,-97.8,-116.9,-185.7,-241.7,-307.1,-366.2,-417.5,-455.5,-85.6,550.3,829.6,820.2,1063.9,659.2,-218.2,-437.8,-406.1,-381.1,35.3,650.9,843.4,939.6,790.9,423.4,185.6,70.4,7.,-84.4,-94.3,-116.3,-156.4,-141.1,-62.9,0.,0.,M
40.8,40.8,49.2,85.2,127.5,145.9,149.6,147.6,118.1,30.3,-135.9,-241.8,-361.3,-572.7,-377.2,-222.6,-355.4,-265.8,6.1,289.3,526.6,663.,681.4,604.,253.1,259.2,520.4,646.4,875.7,1017.4,915.9,776.,720.8,635.9,512.5,426.8,434.8,360.,285.2,M
-217.8,-217.8,-296.3,-481.6,-707.,-885.3,-945.,-980.3,-902.8,-533.7,-251.6,-225.8,193.4,504.1,452.3,365.7,222.4,-106.8,-73.8,412.5,1097.1,1657.6,1741.8,1602.3,1095.3,525.1,238.2,163.3,-15.8,-160.4,-283.5,-366.2,-346.6,-129.1,227.1,527.5,669.6,649.9,630.2,M
-430.2,-471.7,-456.6,-329.3,-202.4,-146.2,-119.2,-148.3,-339.,-530.7,-587.8,-554.8,-385.7,-192.,-89.,-43.6,-248.7,-423.6,-43.9,687.7,1069.8,1573.2,2421.2,2795.6,2780.7,2736.,2581.5,2175.2,1695.7,1198.7,929.4,767.8,500.7,349.4,223.8,144.,44.1,-124.9,-194.,M
0.,10.1,77.3,233.6,332.8,399.1,523.7,566.3,587.1,623.6,551.4,608.7,589.2,210.2,-19.8,228.1,22.3,-343.7,-237.8,-219.6,-816.5,-1113.1,-955.1,-789.8,-482.2,105.5,776.2,1110.,1217.8,1074.8,950.2,853.9,855.3,739.9,651.4,543.2,279.2,61.7,0.,M
0.,0.,0.,-35.9,-93.9,-160.3,-204.6,-206.1,-165.8,-80.2,-27.,-17.6,70.,274.1,514.7,418.,197.2,328.,266.2,199.,784.9,1245.4,1058.4,774.9,222.6,-418.8,-604.4,-651.,-554.3,-264.1,-136.4,-155.6,-138.9,-98.8,-37.7,0.,0.,0.,0.,M
0.,0.,25.3,105.4,160.2,141.5,99.1,-46.8,-291.9,-414.8,-412.5,-506.4,-670.6,-913.5,-1088.4,-992.3,-660.,-389.2,60.7,476.,626.3,885.4,1254.9,1364.4,1213.2,989.8,478.3,36.4,-206.3,-295.2,-296.,-233.8,-147.4,-56.2,11.6,5.8,0.,0.,0.,M
59.8,98.5,224.,310.8,358.,363.6,203.,-47.3,-178.6,-268.5,-147.4,145.9,514.8,801.4,1062.9,1192.6,1260.5,806.1,152.,-417.1,-1260.1,-1390.6,-547.8,151.6,601.3,1279.6,1184.2,628.2,396.2,331.1,217.6,164.8,91.9,23.4,-10.9,-19.,-9.5,-13.1,0.,M
0.,4.,43.4,90.5,102.2,132.1,92.3,-107.3,-385.4,-533.6,-633.3,-679.3,-545.3,-328.5,-223.5,-249.4,-178.1,-36.5,39.4,250.2,614.3,515.5,271.5,279.6,-42.4,-339.,67.1,212.3,-23.2,515.5,1155.2,1090.3,997.,1069.6,673.6,62.1,-169.8,-93.1,0.,M
-339.8,-408.4,-498.8,-520.6,-492.4,-517.5,-701.7,-955.2,-1077.8,-1011.3,-876.3,-732.4,-639.1,-621.2,-758.7,-1065.7,-1349.3,-1274.7,-1086.,-1100.7,-941.5,-629.5,-590.9,-690.4,-450.2,-111.8,145.2,379.6,455.2,407.7,416.6,512.4,513.5,518.5,574.7,478.1,270.5,172.4,172.4,M
45.,45.,76.8,125.,109.6,36.8,-4.2,-119.6,-194.6,-263.7,-476.,-578.8,-842.6,-998.9,-774.9,-439.7,-221.,149.8,485.,449.3,205.6,-38.,64.3,280.3,673.5,1135.7,1318.4,1234.2,976.5,605.5,363.3,318.6,256.8,107.,-37.8,-86.7,-78.8,-58.5,-38.2,M
0.,0.,0.,0.,21.9,43.8,58.9,82.4,74.9,15.,-29.,-36.1,154.6,155.4,-140.,-238.4,-415.8,-870.8,-866.3,-92.8,398.6,886.5,1853.2,2483.,2391.7,2149.4,1927.,1311.6,633.2,219.2,90.6,-5.5,-116.,-65.2,0.,0.,0.,0.,0.,M
0.,0.,0.,0.,0.,0.,54.3,128.2,121.3,67.1,39.4,-23.7,-111.1,47.8,369.7,508.4,492.4,484.4,217.4,-815.5,-1573.4,-1744.5,-1695.1,-1139.9,80.6,966.4,1338.3,1565.7,1313.9,967.7,728.8,552.8,297.5,109.1,0.,0.,0.,0.,0.,M
79.4,93.,106.6,174.4,335.7,454.4,523.1,566.6,546.,458.2,251.9,1.1,-110.6,-214.1,-324.9,-175.8,40.4,100.2,352.9,582.1,238.2,-92.7,-103.2,-293.3,-670.1,-649.1,-613.8,-786.2,-540.7,152.6,812.9,1410.5,1795.6,1750.4,1647.3,1542.8,1375.3,1254.4,1254.4,M
0.,0.,15.,62.4,92.9,86.1,81.2,68.7,37.1,25.2,44.3,56.2,-37.5,-267.6,-293.5,-206.1,-229.2,-439.8,-734.6,-879.1,-1414.8,-1890.2,-1506.,-722.9,-194.5,416.9,898.8,790.2,653.1,556.8,613.5,738.,800.9,700.7,420.4,188.3,73.4,36.7,0.,M
0.,0.,-40.3,-80.6,-126.8,-216.5,-280.5,-316.2,-331.4,-362.7,-298.1,-366.2,-543.4,-556.6,-363.5,-338.,-506.7,-523.7,-539.6,-854.8,-870.5,-206.9,665.8,1174.4,1446.,1562.2,1247.9,723.9,358.8,403.,438.7,475.9,462.7,403.8,287.6,151.,65.3,0.,0.,M
0.,0.,75.5,191.4,263.1,312.1,329.8,267.2,204.1,243.2,300.9,319.,394.1,443.5,406.5,236.6,78.,-24.5,99.9,141.1,240.3,525.2,842.,1184.4,1520.4,1758.1,1685.4,1389.,897.6,561.3,328.3,236.6,230.7,153.1,38.4,-2.3,0.,0.,0.,M
0.,0.,0.,-88.,-264.2,-352.4,-412.5,-549.5,-548.1,-523.9,-578.,-505.6,-49.9,393.2,707.6,962.2,862.1,441.,-74.4,-134.3,0.2,80.2,180.7,240.9,-15.5,-311.6,-268.3,-225.5,-113.6,66.4,134.,98.5,57.6,44.4,18.3,0.,0.,0.,0.,M
0.,0.,0.,106.3,241.9,379.9,493.6,498.6,339.2,129.8,-134.8,-454.2,-559.,-592.4,-853.2,-835.,-417.6,-245.8,-40.7,517.9,957.3,1085.5,1127.8,1227.4,1559.3,1847.7,2023.8,2143.8,2365.,2337.3,1952.,1616.6,1417.6,978.2,450.,215.9,35.3,0.,0.,M
0.,0.,0.,0.,0.,0.,102.3,274.7,318.4,250.6,435.8,639.8,626.9,943.2,1028.7,611.8,372.4,234.8,124.1,553.2,1278.7,1629.1,1729.2,1618.1,1358.9,964.8,567.1,429.6,291.4,103.8,4.1,-15.5,0.,0.,0.,0.,0.,0.,0.,M
0.,0.,0.,65.8,166.7,257.5,330.,383.6,298.8,494.7,647.1,221.4,-76.,77.7,-334.8,-539.4,-184.8,-228.6,-102.4,237.1,282.4,429.1,743.8,750.7,795.2,794.3,786.6,817.4,620.7,430.1,353.7,213.3,155.4,84.3,6.6,0.,0.,0.,0.,M
0.,0.,0.,-36.,-134.1,-212.6,-229.,-225.5,-154.3,18.8,205.9,287.6,269.,128.,-105.3,-521.5,-826.8,-937.4,-1397.2,-1330.8,-805.9,-696.6,-153.2,1198.3,1882.7,1932.9,2106.8,1806.9,1184.6,688.3,517.3,520.2,402.4,238.8,142.6,46.1,0.,0.,0.,M
-2.2,-2.2,-11.2,-3.4,-10.3,-21.,-8.,-9.3,-9.1,-2.3,8.,13.,14.6,22.1,18.3,-2.,-12.6,-7.7,-20.5,-17.9,1.,-0.4,-0.6,17.5,21.5,0.7,-5.8,3.4,-4.9,-13.4,0.1,4.6,-5.3,-10.1,4.9,11.8,8.8,6.3,3.8,S
0.,0.,0.,11.5,18.3,13.6,18.7,17.7,-2.1,-12.4,-9.,-13.1,-12.7,-20.5,-14.7,3.4,5.,11.,19.2,9.7,-3.6,-1.7,-11.5,-7.8,7.1,6.6,5.1,5.,1.5,-10.4,-17.4,-20.4,-15.9,-8.2,-4.,0.,0.,0.,0.,S
0.,0.,0.,0.,0.,0.,0.,-6.6,-17.3,-21.4,-14.1,-8.4,-20.3,-21.8,-13.,-2.5,8.1,15.3,14.7,7.,1.7,-7.7,-0.2,8.,4.6,-11.7,-22.4,-18.6,-14.,-7.6,-3.8,0.,0.,0.,0.,0.,0.,0.,0.,S
0.,0.,0.,0.,-6.,-12.,-11.6,-12.1,-19.3,-12.8,0.,17.2,27.9,12.,1.,-0.6,-11.4,-14.5,7.6,16.9,11.8,3.9,-0.9,-0.8,-10.7,-17.6,-13.8,-25.,-32.9,-19.,-12.2,-14.9,-6.,2.8,0.,0.,0.,0.,0.,S
0.,0.,0.,0.,0.,0.,0.,0.,0.,9.3,18.1,14.4,8.4,5.6,-12.4,-13.5,14.9,23.2,20.,14.3,-3.4,-20.6,-27.,-28.2,-2.9,17.2,8.9,13.,20.2,9.3,-0.8,0.,0.,0.,0.,0.,0.,0.,0.,S
0.,0.,0.,22.9,18.7,-61.3,-114.2,-172.,-274.2,-338.3,-262.3,-166.6,-307.4,-267.6,171.2,1023.8,1618.2,1981.,2228.7,2083.7,1672.3,1290.8,1449.9,1614.9,1460.4,1046.1,792.2,411.2,-132.,-383.9,-475.4,-477.2,-419.5,-249.5,-68.6,0.,0.,0.,0.,S
0.,0.,0.,19.5,39.,45.1,-7.8,-161.5,-301.,-345.8,-376.8,-389.8,-353.7,-299.4,-263.2,-442.8,-381.,-337.9,-454.2,-372.2,-163.6,-128.6,-92.5,170.5,223.8,240.4,367.6,637.,714.3,632.8,612.1,454.,223.,64.7,0.,0.,0.,0.,0.,S
0.,-22.1,-101.6,-188.9,-282.9,-347.,-410.2,-442.2,-387.1,-391.9,-420.6,-351.3,-447.7,-639.1,-193.7,277.4,401.3,870.,1022.,191.1,-447.,-811.8,-1385.8,-1515.,-1189.3,-943.6,-634.3,-297.,-118.1,0.1,-32.6,-42.2,-25.5,-5.6,34.8,81.6,38.8,-2.,0.,S
40.6,42.5,74.4,104.4,104.1,3.3,-166.5,-305.3,-374.8,-454.7,-486.4,-386.9,-304.5,-260.6,-167.6,-109.8,-82.9,-105.9,-191.,-109.9,50.7,126.6,252.4,369.,444.2,541.9,533.2,502.9,511.3,349.7,148.8,147.7,208.4,210.9,183.4,180.4,135.5,26.8,-40.,S
0.,-88.5,-263.9,-428.,-505.2,-585.6,-658.7,-609.9,-553.9,-539.4,-493.8,-421.8,-368.3,-301.1,-261.,-278.2,-310.6,-462.4,-649.6,-700.2,-917.5,-1103.5,-1096.2,-960.5,-800.8,-546.6,-257.4,-68.8,-30.6,-146.,-178.9,-220.2,-234.5,-211.5,-182.6,-134.6,-74.5,-31.2,0.,S
0.,0.,0.,0.,0.,2.,-16.2,-36.4,-74.7,-123.5,-157.7,-179.1,-176.8,-171.4,-163.9,114.1,438.7,487.4,456.1,326.3,-116.2,-469.6,-479.,-426.8,-280.3,-65.8,93.5,132.6,226.3,332.6,314.8,223.9,163.4,81.7,0.,0.,0.,0.,0.,S
0.,0.,0.,-117.2,-234.4,-289.4,-371.2,-428.4,-381.4,-304.,-301.1,-341.6,-399.7,-527.9,-641.4,-736.5,-757.,-1085.2,-1597.,-1706.,-1512.8,-1365.7,-926.5,-218.8,3.6,52.9,134.9,113.4,99.1,154.,73.7,-12.6,13.2,30.,15.,0.,0.,0.,0.,S
0.,-5.4,-10.8,25.6,63.8,69.5,53.,32.6,10.8,1.3,-39.3,-102.7,-113.2,-139.2,-242.4,-350.4,-532.4,-683.6,-830.2,-1000.1,-1201.1,-1329.8,-1280.8,-1298.9,-1359.,-1212.5,-939.8,-855.6,-681.1,-325.2,-42.5,195.5,332.2,333.8,282.4,197.1,82.4,0.,0.,S
0.,0.,0.,0.,0.,0.,0.,23.5,23.8,-17.9,-102.2,-340.7,-684.1,-982.7,-1367.5,-1175.9,-1095.2,-1660.8,-1598.2,-882.6,-711.9,-362.,721.9,1058.7,738.2,380.,135.7,-62.7,-163.8,-132.4,-52.2,0.,0.,0.,0.,0.,0.,0.,0.,S
0.,0.,0.,0.,0.,0.,-4.7,-17.9,-30.8,-63.6,-173.5,-364.4,-581.5,-579.2,-589.3,-809.7,-892.2,-663.7,-344.3,-52.7,554.2,1222.5,1500.9,1428.1,1398.1,1298.9,1054.4,857.4,621.4,402.7,225.3,79.6,0.,0.,0.,0.,0.,0.,0.,S
0.,0.,0.,0.,0.,0.,0.,0.,-84.8,-227.,-339.,-456.2,-640.3,-745.2,-823.2,-934.8,-976.2,-1031.4,-1009.3,-671.4,-235.1,41.7,331.5,493.5,338.4,105.9,-12.3,-62.8,-57.2,-19.8,0.,0.,0.,0.,0.,0.,0.,0.,0.,S
0.,-15.8,-11.4,8.8,53.8,150.4,305.2,357.4,306.4,291.,146.6,-226.2,-614.2,-758.4,-875.6,-992.6,-1054.1,-1010.5,-905.2,-1092.8,-1235.,-1350.4,-1441.5,-1516.,-1510.8,-1527.5,-1435.7,-1177.8,-966.1,-651.5,-195.9,433.2,709.6,642.1,597.5,465.6,155.4,0.,0.,S
0.,0.,0.,-54.5,-149.7,-233.4,-285.2,-294.,-287.8,-201.1,-103.5,-233.5,-380.6,-508.5,-785.9,-943.7,-839.5,-727.,-599.2,-473.,-261.1,-30.3,-13.,272.1,731.3,804.6,780.9,858.,622.4,323.,101.,-108.2,-159.2,-160.3,-160.4,-79.7,0.,0.,0.,S
0.,0.,0.,0.,0.,-68.6,-137.2,-194.7,-298.4,-386.9,-415.5,-569.2,-679.1,-665.,-969.6,-1332.8,-1299.7,-1164.6,-1498.5,-1201.6,-67.8,839.,1242.8,1793.6,2058.5,1413.5,593.7,133.,7.1,-160.2,-188.6,-86.4,2.8,1.4,0.,0.,0.,0.,0.,S
0.,0.,0.,0.,0.,0.,-66.1,-175.1,-275.9,-389.3,-444.8,-395.3,-383.7,-488.9,-646.9,-737.6,-701.3,-624.9,-555.2,-513.6,-501.6,-503.,-467.4,-254.2,55.8,189.6,183.,181.1,85.7,-14.,-13.6,-25.3,-38.,-19.5,0.,0.,0.,0.,0.,S
0.,0.,0.,-15.1,-58.8,-87.4,-143.7,-213.7,-257.2,-279.,-271.,-234.1,-228.5,-151.8,160.9,365.6,487.4,764.7,659.3,278.2,158.,223.1,269.3,503.5,826.7,896.8,855.4,800.1,748.9,496.5,281.4,155.3,-48.5,-144.2,-81.1,0.,0.,0.,0.,S
0.,0.,-82.2,-164.4,-260.3,-451.8,-634.4,-745.3,-769.2,-792.5,-871.7,-876.2,-870.5,-916.2,-786.4,-625.1,-418.4,-12.3,218.6,285.7,407.,331.,54.6,-91.6,-236.5,-526.7,-780.1,-911.4,-934.6,-966.7,-936.,-774.5,-585.5,-495.2,-395.9,-148.3,0.,0.,0.,S
0.,0.,10.5,23.2,27.5,28.2,26.8,2.5,-19.7,-20.3,-30.5,-38.,-14.6,-1.6,-7.7,-0.5,2.4,2.,10.3,16.3,14.5,15.4,9.4,-1.2,-9.7,0.1,13.8,11.3,7.5,9.,-4.2,-20.2,-16.5,-9.5,-6.1,1.4,8.8,4.4,0.,S
0.,16.1,51.1,70.,116.3,188.9,202.1,116.,43.,-97.1,-334.4,-531.4,-685.3,-739.4,-850.4,-964.9,-1180.4,-1524.6,-1656.8,-1240.4,-903.4,-608.,169.3,571.8,489.4,474.3,458.5,337.5,299.6,340.1,588.2,808.3,715.,609.2,439.5,148.7,32.2,18.4,0.,S
0.,0.,0.,-16.1,-8.8,48.1,-39.9,-161.4,-206.3,-320.1,-564.2,-660.2,-581.,-602.4,-322.2,-77.,-182.6,-231.8,-95.2,-345.6,-290.1,343.9,535.4,438.9,543.7,572.4,337.8,275.8,346.9,354.4,277.6,238.7,213.,184.2,148.6,83.2,12.3,0.,0.,S
0.,0.,-83.4,-259.2,-425.2,-665.5,-832.2,-902.4,-1032.9,-1153.9,-1183.7,-1152.8,-948.9,-818.5,-576.,-362.8,-465.6,-534.3,-67.,469.,799.3,1129.6,1153.8,849.2,302.3,-77.,-238.2,-362.9,-540.,-634.8,-690.2,-703.2,-682.,-589.4,-439.2,-277.9,-195.4,-97.7,0.,S
0.,0.,0.,-30.,-91.3,-122.6,-139.1,-181.9,-164.9,-84.,-46.4,-23.9,-36.2,-590.5,-730.7,-351.4,-514.5,-653.7,-458.,-449.3,-612.4,-528.2,-208.1,464.6,744.5,587.6,712.6,623.5,335.8,205.,147.8,95.7,59.,45.6,8.4,0.,0.,0.,0.,S
0.,0.,-68.2,-136.4,-230.,-454.2,-758.5,-1026.5,-1120.8,-1225.4,-1365.4,-1151.6,-825.7,-749.,-694.3,-465.5,-553.6,-1035.7,-1255.6,-1065.7,-997.,-820.5,-22.8,477.2,648.4,1093.3,1383.4,1196.7,993.6,718.5,245.3,-97.2,-232.8,-224.,-166.5,-71.5,-17.,0.,0.,S
0.,0.,0.,-1.1,-2.2,-65.8,-249.8,-483.2,-678.2,-760.2,-822.5,-859.,-676.9,-358.9,-197.2,75.9,674.9,628.6,-271.,-798.4,-1229.3,-1709.3,-1288.9,-260.4,298.6,738.5,1197.,1115.,893.6,772.8,616.6,259.6,18.8,-10.6,0.,0.,0.,0.,0.,S
0.,0.,-26.5,-53.6,-132.8,-363.,-514.6,-579.3,-750.3,-910.8,-868.6,-772.2,-674.,-536.3,-582.,-804.1,-941.,-1014.5,-992.8,-617.4,72.,481.2,549.3,693.5,1068.6,1262.1,1156.6,1302.3,1429.8,1184.,865.5,774.6,627.3,394.3,175.,20.7,0.,0.,0.,S
0.,0.,0.,0.,-40.3,-80.6,-95.8,-140.,-216.9,-260.,-255.2,-422.3,-625.9,-716.3,-843.6,-917.,-646.9,-514.,-424.8,-249.1,-270.,-328.,-170.9,26.2,131.2,254.2,167.4,0.1,-218.4,-319.8,-313.,-256.,-130.9,-31.4,0.,0.,0.,0.,0.,S
0.,0.,0.,0.,0.,0.,-3.7,12.2,80.4,159.4,189.8,199.4,185.9,38.3,-116.6,-55.,104.7,152.8,9.7,-113.8,-144.7,-217.6,-299.7,-154.8,30.2,1.3,-69.5,-48.2,29.4,43.8,11.6,-10.3,0.,0.,0.,0.,0.,0.,0.,S
0.,0.,22.3,95.7,165.3,224.9,266.,273.1,290.8,309.7,242.7,167.4,111.4,-149.9,-492.7,-830.,-1029.8,-1081.2,-1131.7,-922.3,-482.2,-250.6,48.,578.6,932.,1243.5,1433.6,1336.6,1248.9,1098.8,819.1,698.8,575.2,353.,194.6,67.4,0.,0.,0.,S
0.,0.,14.4,28.8,17.9,9.,-5.7,-28.,-33.6,-20.,-39.4,-131.5,-210.8,-231.,-378.1,-553.6,-393.2,-412.8,-621.2,-489.8,-634.4,-816.,-337.8,46.,51.5,345.8,478.3,177.1,32.2,32.3,139.8,274.5,282.7,263.6,271.,217.6,78.4,0.,0.,S
0.,0.,0.,0.,0.,14.5,29.,-12.7,-161.1,-338.9,-512.4,-614.8,-587.9,-56.6,334.2,365.7,510.8,551.8,239.1,145.1,558.6,712.4,895.2,1063.7,1064.8,960.,839.8,717.9,617.2,548.,366.8,276.,188.9,50.9,0.,0.,0.,0.,0.,S
-59.4,-66.9,-74.4,-79.6,-118.8,-131.4,-105.4,-100.8,-70.4,7.4,86.,90.2,63.2,-42.9,-41.9,272.8,635.2,790.,1203.2,1665.5,1645.8,1599.6,1622.2,1407.4,1013.5,645.3,250.6,45.,-193.2,-492.8,-623.3,-663.6,-634.8,-514.1,-322.5,-155.1,-29.3,0.,0.,S
0.,0.,0.,5.9,14.,19.9,29.,69.5,114.5,146.3,172.3,118.3,-166.2,-318.5,-342.4,-577.1,-443.3,-348.9,-388.2,90.5,635.1,559.7,574.5,641.7,126.5,-258.,-291.,-163.6,-143.8,-227.1,-243.6,-224.1,-216.7,-163.,-59.2,0.,0.,0.,0.,S
0.,0.,0.,0.,0.,0.,36.5,183.7,338.3,427.8,469.3,364.6,-74.7,-677.5,-756.4,-571.1,-340.8,-421.9,-587.4,-397.7,-113.9,-78.,307.3,1026.3,921.1,440.8,227.6,209.8,104.5,9.4,-20.9,-5.7,0.,0.,0.,0.,0.,0.,0.,S
0.,0.,39.4,138.3,219.4,241.,249.8,257.1,223.4,167.6,144.,86.9,85.5,64.4,-65.8,-119.2,-119.7,-203.7,-238.9,-29.9,130.8,221.7,391.5,488.1,447.2,388.6,386.6,321.8,265.6,262.9,253.6,213.5,147.2,97.9,37.4,0.,0.,0.,0.,S
