0.,-70.7,-141.4,-114.7,-84.5,-49.,53.7,152.,158.2,142.3,34.4,-79.,294.2,580.5,484.6,404.7,333.8,-322.9,-1204.3,-1716.3,-4352.7,-6701.8,-8610.1,-10215.,-8079.8,-2289.3,1669.4,4409.,7581.6,6678.4,4093.,2843.8,2618.,1962.1,1323.7,907.3,699.2,349.6,0.,H
0.,0.,0.,38.4,108.8,76.2,-264.9,-541.4,-1288.6,-2799.3,-3458.3,-2951.5,-2549.2,-1380.6,886.4,2133.7,2028.3,1774.,211.5,-4903.5,-10378.9,-11257.4,-10213.,-7526.,-768.5,5465.1,7023.6,6419.,5038.,2974.1,2280.5,1958.5,1647.2,1443.9,1038.6,418.3,0.,0.,0.,H
-68.6,-68.6,-45.4,63.2,109.7,80.5,90.2,-69.2,-373.8,-562.4,-169.2,267.4,534.,691.8,653.8,132.2,-460.2,-761.5,-1132.4,-1456.2,-2046.8,-2383.2,-4062.1,-7167.2,-9345.4,-9674.8,-9252.2,-6687.2,-1833.,1830.3,3598.7,3993.,3461.5,2392.4,1555.3,958.8,661.8,478.1,294.4,H
0.,38.6,62.,46.8,28.9,-136.5,-557.2,-1770.4,-2321.9,-1915.5,-1673.9,-518.9,237.3,-326.3,-1494.9,-2378.,-3546.5,-4333.,-4054.,-5654.4,-8178.2,-8337.4,-5645.6,-3718.,-283.9,4791.7,6389.2,5643.8,4942.4,4195.1,2913.9,2315.5,2152.3,2053.6,1747.3,1283.6,839.3,276.2,0.,H
0.,0.,0.,-104.7,-260.8,-390.6,-540.1,-611.2,-555.3,-466.5,-354.1,-203.5,-213.4,-142.1,42.4,-342.4,-759.4,-779.7,-1354.1,-3266.3,-5443.1,-6261.8,-6327.7,-5195.8,-1438.9,3033.9,4947.6,5428.1,5197.6,3214.1,1125.4,309.2,-4.1,-353.6,-332.,-137.1,0.,0.,0.,H
0.,0.,5.2,59.,64.9,22.2,-163.7,-562.1,-1086.,-1859.5,-2321.6,-2549.,-2619.1,-2425.1,-2547.1,-2705.8,-4508.6,-8512.8,-10479.8,-8107.1,-5968.8,-2287.8,4494.8,8036.3,7258.,6039.8,4861.4,3079.5,2253.3,1774.,1609.9,1415.9,882.7,410.5,185.,92.5,0.,0.,0.,H
0.,-49.2,-147.4,-196.4,-228.3,-268.7,-297.7,-494.6,-671.,-606.2,-339.6,179.9,690.2,882.8,875.4,532.1,-604.8,-2070.7,-2735.6,-3966.,-6607.1,-8005.1,-6955.2,-5918.,-3964.2,672.,4739.2,6166.3,6208.6,5646.6,4085.4,2244.4,1019.7,636.8,449.9,133.1,0.5,-1.1,0.,H
0.,-43.7,-147.1,-206.8,-316.,-540.,-748.5,-377.5,87.2,95.2,-2.8,-293.5,-1041.9,-1605.6,-1842.4,-2149.,-2479.,-4044.7,-5350.2,-6020.8,-6778.5,-5727.2,-2323.7,-58.6,1540.2,3988.6,4477.1,3482.3,2848.6,2431.9,1543.3,1014.4,855.1,752.8,579.3,405.8,267.8,64.9,0.,H
-10.2,20.3,65.7,76.7,77.4,82.,-147.3,-507.3,-592.5,-569.6,-592.2,-317.4,128.4,-61.2,-725.1,-1028.4,-1727.6,-2946.9,-4055.4,-5144.5,-5645.2,-7420.1,-9862.9,-8952.2,-5509.3,-3645.,-391.9,4531.,5928.,4773.5,3891.8,3088.5,1906.8,1055.,426.1,270.6,218.9,8.6,-150.,H
0.,0.,0.,0.,-8.9,-49.9,-118.8,-151.2,-171.2,-161.7,-105.4,-36.2,151.,188.6,-404.9,-1605.,-3146.2,-4929.4,-6238.3,-6639.6,-6703.8,-5913.3,-3331.9,164.7,3079.1,5400.9,6751.9,6081.5,4024.1,2205.3,1162.,561.4,278.8,130.9,29.5,0.,0.,0.,0.,H
0.,0.,0.,0.,0.,61.1,96.8,-118.1,-285.1,-218.,50.,240.7,1098.7,1971.2,1702.2,518.4,-1446.5,-5524.2,-10125.9,-11127.8,-8589.,-4378.7,534.,5265.4,7145.9,5654.,3381.2,2050.5,1171.8,495.1,302.9,103.9,-43.5,0.,0.,0.,0.,0.,0.,H
0.,0.,0.,-65.,-177.1,-384.4,-525.5,-518.2,-592.,-747.5,-940.1,-1085.1,-940.2,-922.,-1302.7,-1746.6,-2164.5,-2786.1,-6575.5,-11483.2,-11524.5,-7840.1,-3928.5,2116.2,8562.8,10083.7,7575.5,4332.4,2337.1,1373.8,774.2,426.7,227.6,88.2,160.9,124.7,0.,0.,0.,H
0.,0.,0.,0.,-13.9,-20.,-12.5,-104.1,-337.5,-518.1,-74.8,443.7,66.9,-672.,-1122.7,-2114.8,-3313.6,-3956.,-4132.7,-3541.,-2251.1,-602.8,1466.9,3332.2,3836.2,3417.2,2623.8,1771.8,1183.9,871.6,633.9,451.8,344.9,216.5,78.3,0.,0.,0.,0.,H
0.,0.,-98.4,-291.8,-457.5,-605.6,-683.,-637.2,-586.6,-330.6,-2.,75.4,-20.1,-374.,-1251.3,-2797.8,-3725.4,-4826.2,-6079.1,-5245.4,-2324.9,-390.2,1668.,4559.4,5016.4,3588.1,2536.,1672.7,415.2,-216.7,-403.,-351.6,-297.6,-181.9,-53.7,6.4,0.,0.,0.,H
0.,-29.5,-56.1,-58.,-55.6,-48.4,21.1,66.3,-154.1,-304.1,-258.,-206.4,357.9,782.9,216.1,-263.,-1128.8,-3750.4,-6210.,-7505.,-8096.2,-7691.9,-6130.,-2717.9,1456.2,3375.8,4979.4,6689.9,5805.1,4015.1,3216.8,2024.6,910.4,718.,343.3,239.,197.5,78.,0.,H
177.8,62.3,-53.2,-27.6,-333.5,-732.7,-968.4,-1136.4,-630.6,155.2,-142.5,-353.6,13.,-837.8,-2205.3,-2393.4,-4056.3,-6047.8,-7021.2,-7482.4,-5595.6,-947.1,2326.8,4513.2,7199.7,7178.3,5556.4,4456.,3829.7,3023.6,2398.3,1754.9,1557.,1311.4,722.5,278.5,110.6,43.4,43.4,H
0.,-7.5,-50.6,-86.2,-135.5,-224.1,-380.9,-556.8,-615.2,-919.,-1722.9,-2507.8,-3651.4,-4510.2,-4700.7,-5053.4,-5523.9,-5253.5,-4163.7,-3109.,-709.7,2755.5,5226.2,5913.9,5740.4,4800.6,3077.,1862.1,1093.4,733.6,478.7,103.4,-95.2,-151.2,-129.,-88.4,-35.,0.,0.,H
-43.8,-48.6,-53.4,-33.1,16.9,41.4,41.,80.,-141.5,-135.5,-359.7,-845.6,-1266.1,-2345.8,-3561.9,-4044.6,-3970.4,-3871.5,-4621.2,-6785.2,-7674.5,-6081.2,-3085.2,486.8,5028.2,8659.,8925.7,6818.4,5647.3,5082.1,3535.5,2323.1,1961.2,1830.3,1190.9,700.3,478.8,239.4,0.,H
0.,0.,-91.4,-214.3,-272.7,-350.3,-421.4,-350.4,-429.8,-907.5,-1268.6,-1302.4,-965.4,-378.8,-252.6,-817.4,-1238.4,-2120.9,-4299.9,-6410.6,-6295.4,-4404.1,-2876.3,29.6,4401.6,6261.9,5274.,4457.8,3577.8,2372.2,2085.7,2268.1,2411.4,2180.2,1534.4,848.9,289.,0.,0.,H
0.,0.,-198.6,-518.1,-914.6,-1190.2,-1315.1,-947.7,483.2,1922.1,2422.4,2884.5,3414.6,2676.3,1504.,1138.,611.8,-760.4,-2700.2,-4919.4,-6044.8,-6705.2,-6755.8,-4346.2,-943.6,659.2,1823.,2892.1,2281.9,1657.6,1548.8,1337.1,1094.6,861.9,432.7,205.4,102.7,0.,0.,H
-5.2,55.,115.2,-20.1,-190.,-241.2,-261.4,-265.,-307.2,-64.,609.9,967.,935.6,686.6,-162.3,-1552.4,-2327.3,-3544.6,-4350.7,-5520.1,-6970.3,-6138.1,-4219.,-2141.2,1383.3,4642.2,4895.7,4569.6,4150.4,3045.3,2261.8,1793.2,1422.2,1068.1,659.6,404.4,173.7,143.8,143.8,H
0.,0.,48.,108.3,181.3,242.,253.2,287.4,307.9,291.8,278.2,380.4,281.2,-495.7,-2245.6,-3420.,-4504.3,-5987.2,-7664.8,-10253.7,-11563.6,-10053.9,-5979.,216.4,7362.2,10877.8,10934.4,9228.1,5791.4,3247.,2376.4,1781.,912.3,527.3,207.8,0.,0.,0.,0.,H
6.4,31.1,64.4,73.6,74.2,112.4,104.4,14.2,-87.7,-145.6,228.5,1114.4,1431.7,811.3,385.4,-40.4,-1434.8,-2679.9,-3402.2,-3848.,-5476.5,-7078.5,-6092.7,-3501.4,-1869.4,619.3,4063.6,4918.4,4378.6,3939.6,3218.9,2154.9,1520.5,965.4,701.4,572.2,282.5,61.,0.,H
414.4,390.2,437.5,509.,331.6,157.9,5.7,-140.7,-131.2,-437.,-897.6,-925.4,-1247.9,-1697.4,-1963.6,-2480.2,-3280.6,-4241.1,-4651.6,-5381.5,-6191.2,-4684.6,-1474.3,149.6,2320.2,5632.3,6127.8,4900.,4318.2,3785.,2657.3,2006.7,1782.7,1614.8,1303.5,872.5,471.6,95.2,0.,H
-27.4,-41.3,-15.6,24.,41.2,14.1,-195.1,-399.6,-171.4,-323.2,-831.4,-1055.2,-1190.4,-1793.5,-2165.3,-1719.4,-1689.3,-1873.8,-2017.7,-3758.,-5486.2,-4653.2,-3688.4,-2591.7,1271.2,4625.9,5066.4,4918.4,4446.7,3061.9,1783.4,1119.,820.,753.2,600.,355.1,177.3,158.,158.,H
0.,-38.,-112.5,-125.6,-102.2,-85.,-96.5,-35.8,-157.6,-368.8,-136.3,208.,-149.,-775.8,-933.8,-1251.5,-1556.2,-1455.2,-1763.5,-2159.8,-3895.5,-6767.2,-7253.7,-4997.2,-3390.2,-663.1,3847.6,5752.7,5168.6,4463.,3729.5,2329.7,1253.7,684.7,525.4,335.5,106.2,33.4,0.,H
0.,0.,0.,-4.,-8.,15.8,19.9,14.,-240.3,-508.4,-658.1,-650.1,-749.7,-1294.1,-1581.2,-2103.7,-3574.2,-4800.1,-5185.6,-5293.2,-4637.8,-2660.1,112.9,3132.3,4701.,5153.9,5380.2,4384.,2829.3,2044.2,1584.3,838.7,393.3,116.8,0.,0.,0.,0.,0.,H
0.,0.,-135.4,-309.3,-392.2,-436.6,-354.7,-245.2,-233.2,-193.8,-138.8,-737.7,-425.3,608.5,920.9,1110.8,1870.6,1321.3,-420.5,-2046.2,-3239.2,-5238.1,-8225.3,-8903.1,-6432.7,-4272.8,-1381.1,3478.9,5505.9,4485.7,3406.8,2221.2,561.2,81.9,-11.5,-100.,-50.,0.,0.,H
0.,0.,4.5,17.7,43.2,47.3,34.6,64.8,67.8,107.3,48.5,-77.,-574.3,-1276.5,-1832.6,-2101.3,-2018.8,-1875.9,-2012.1,-3448.1,-5159.5,-5714.,-5298.7,-3720.4,-119.2,3871.2,5423.4,5824.4,6001.4,5113.,3637.5,2826.4,2329.8,1396.7,611.,130.9,0.,0.,0.,H
0.,0.,25.,104.2,179.5,200.6,186.9,51.2,-459.6,-1098.,-1347.6,-1268.1,-879.1,-235.2,314.3,529.4,396.,-608.,-3459.8,-6592.1,-7743.2,-7732.7,-5939.7,-1350.6,3395.5,5335.,5662.7,5081.2,3588.,2279.2,1554.4,1411.9,1054.2,597.8,306.4,256.2,128.1,0.,0.,H
0.,261.9,701.4,1043.5,1208.,1304.9,1228.1,925.6,811.4,826.,874.,1197.7,1591.1,1251.4,794.,444.8,-599.4,-1810.6,-2582.2,-2837.6,-2980.1,-3202.9,-4692.3,-6281.4,-6461.4,-5621.5,-3507.9,212.9,3611.3,4562.6,4565.2,3743.5,2333.4,1510.,1272.4,776.7,243.,102.5,0.,H
0.,0.,-32.6,-78.6,-127.7,-213.7,-264.,-276.5,-318.4,-363.8,-956.5,-1533.2,-2125.6,-2426.4,-1928.9,-1584.4,-1445.8,-1640.1,-2920.8,-4881.,-5615.1,-5207.,-4106.8,-1264.2,2277.8,4581.5,5247.4,5140.8,4071.3,2347.5,1413.2,971.4,975.3,1037.3,776.3,475.2,331.4,165.7,0.,H
63.6,33.3,21.9,59.8,-127.9,-540.,-715.1,-919.2,-1635.1,-1804.,-1086.2,-681.,-65.2,792.2,1085.6,647.7,158.,-783.5,-2690.7,-5953.5,-7960.7,-8407.1,-7969.,-4495.9,1007.,5484.8,7494.7,8323.3,7715.8,6473.6,4951.6,3972.,3544.5,2999.7,2328.2,1480.,1186.,888.,590.,H
0.,-137.9,-275.8,-269.5,-283.7,-290.1,-171.,-66.,-26.3,13.,-331.6,-1489.6,-2303.4,-3001.8,-4677.6,-6428.2,-7601.7,-8002.,-7877.1,-6707.4,-4854.8,-2262.8,-478.6,766.1,3084.3,5723.4,7797.5,8306.,8114.3,7056.5,4953.3,2874.7,2033.2,1507.7,728.3,441.4,204.2,0.,0.,H
105.4,79.4,83.6,106.3,98.8,5.4,-273.8,-827.1,-1733.4,-2272.2,-2925.4,-3776.9,-3640.3,-1934.9,-564.4,368.4,940.2,-697.3,-3216.5,-4459.2,-6036.3,-7848.3,-5689.4,-998.4,1298.8,4185.2,8837.7,10066.6,7973.2,6417.,4951.8,2686.2,1259.6,310.9,-11.6,-94.6,-137.3,-48.5,0.,H
0.,0.,-90.4,-253.8,-352.4,-378.,-443.5,-399.4,-299.5,-549.5,-789.8,-665.8,-282.6,-970.5,-2036.9,-2156.2,-2951.2,-4523.,-5492.,-6273.3,-6862.4,-5629.3,-3181.4,458.1,4483.2,6083.6,6180.3,5861.5,4335.7,2786.8,2348.2,1754.9,860.7,467.4,187.5,0.,0.,0.,0.,H
0.,5.3,10.6,-53.7,-99.6,-65.7,-63.3,-76.4,-96.5,-781.7,-1976.8,-2577.,-2647.2,-2803.3,-2321.2,-1420.9,-1379.7,-1600.6,-1926.4,-4121.1,-7757.,-8991.,-8458.,-6701.6,-1998.5,3760.8,6735.2,6897.,6171.7,4701.8,3471.4,2758.2,2530.8,2066.,1276.5,644.4,168.5,0.,0.,H
0.,0.,-36.3,-86.8,-154.6,-208.2,-282.1,-375.9,-447.,-798.4,-1098.6,-1019.7,-900.1,-1214.8,-1487.2,-1404.2,-1852.4,-2662.9,-2795.4,-2896.7,-3227.8,-4350.1,-5726.5,-5043.6,-2483.6,-860.6,1472.4,4936.1,5582.1,4296.7,3496.,2746.9,1499.,738.9,257.2,36.8,18.4,0.,0.,H
0.,0.,0.,-25.5,-82.3,-489.,-864.4,-1429.4,-2286.7,-2541.7,-2045.9,-1587.4,-1196.6,-664.,-537.1,-1218.6,-1885.2,-2258.9,-3567.4,-5521.7,-5957.7,-5340.7,-3313.,748.,4335.6,5856.4,6226.5,5329.3,3418.5,2466.5,2158.,1754.4,1171.8,680.3,183.9,0.,0.,0.,0.,H
0.,0.,-0.3,-2.7,32.2,97.3,125.4,-89.1,-393.6,-762.4,-1268.2,-1495.2,-1429.3,-1423.9,-1324.2,-965.1,-729.3,-653.4,-848.5,-1426.4,-1770.2,-3065.9,-5126.7,-5229.5,-3206.1,-898.1,1307.6,4364.1,6538.4,6420.5,4979.1,4283.5,3803.6,2420.2,1326.8,885.6,634.3,191.5,0.,M
0.,0.,0.,-30.,-90.7,-159.2,-147.8,-98.6,-248.5,-554.2,-687.9,-639.8,-613.8,-452.9,-172.5,22.2,-63.1,-223.6,-340.6,-1255.6,-3729.7,-6080.9,-6756.,-6215.8,-4097.5,-50.5,3959.3,5500.2,5477.6,4949.9,3816.2,2660.8,2134.,1752.4,1162.8,731.1,253.7,0.,0.,M
0.,106.6,298.8,407.3,481.4,532.6,490.1,532.3,613.4,728.8,847.8,890.6,918.5,810.9,545.9,373.6,-403.8,-1545.9,-2943.5,-5548.3,-7120.2,-7701.1,-8922.3,-7732.4,-3394.,-885.8,913.,4230.5,5452.2,4581.4,4007.6,3764.,3102.6,2257.9,1470.6,1110.2,806.4,251.3,0.,M
44.4,101.3,213.8,269.4,294.,240.6,94.,-35.1,-95.6,-97.,16.4,150.7,211.6,253.,0.4,-394.8,-973.8,-1810.5,-2210.8,-2812.8,-4010.5,-4035.8,-2221.4,-977.4,606.7,3320.7,4485.1,3694.9,2870.2,2134.6,950.2,343.1,154.,123.2,106.1,87.2,67.4,24.7,0.,M
0.,0.,-11.7,-23.4,-32.3,-70.3,-251.5,-620.1,-836.6,-885.3,-1111.9,-993.7,-671.8,-646.,-658.7,-778.8,-1078.1,-1551.2,-1832.4,-3212.7,-5312.3,-5914.,-4236.7,-2677.,-463.6,3243.6,5091.9,4628.,3809.6,3234.5,2311.3,1539.,857.1,599.4,411.7,112.,0.,0.,0.,M
0.,0.,-6.1,-12.2,-112.,-314.6,-596.3,-769.1,-855.2,-966.7,-848.2,-380.,-49.6,131.8,657.9,1084.2,965.9,492.2,129.2,-1224.8,-4345.3,-6755.1,-7035.4,-6428.8,-4271.2,-320.4,2759.4,3713.2,3773.8,3289.9,2587.9,2253.9,2077.4,1684.,1049.5,579.,174.8,0.,0.,M
-172.,-185.6,-214.4,-229.6,-204.4,-115.7,-52.,-36.6,-22.1,-68.4,-114.5,-44.9,25.2,25.3,168.9,294.8,-86.4,-450.,-909.3,-2111.,-3737.6,-5546.4,-6471.,-6523.9,-5363.,-2246.7,1522.3,3388.8,4106.4,4413.2,3111.,1629.4,1039.2,809.8,397.6,96.7,-66.2,-111.,-111.,M
0.,-11.8,-23.6,-10.8,-47.4,-122.,-173.6,-200.,-224.6,-249.,-321.8,-510.7,-626.6,-683.2,-904.3,-1549.6,-2245.7,-2461.,-3708.9,-4900.5,-4367.5,-3240.8,-2590.8,-280.5,3058.3,4748.6,5279.3,5148.2,4193.3,2470.4,1167.,575.7,519.8,480.7,338.5,211.3,93.6,0.,0.,M
0.,0.,0.,0.,-69.7,-142.4,-182.5,-84.2,51.2,208.1,380.4,436.7,402.6,327.6,8.2,-309.3,-497.3,-976.8,-1266.4,-2173.3,-4750.4,-7597.7,-8442.9,-8111.,-5671.5,-786.7,3718.1,6347.,6916.4,5966.3,4524.,3335.5,1967.1,1295.,944.7,297.2,0.,0.,0.,M
0.,0.,14.2,9.5,-9.4,-68.2,-206.6,-409.2,-1046.,-1559.8,-1988.,-2488.,-2614.,-2039.,-1512.1,-1127.4,-987.4,-2864.4,-5600.9,-6705.1,-6392.6,-4586.9,-395.2,4219.5,6238.,6476.5,5924.,4497.2,3130.6,2399.8,2128.6,1551.3,977.8,532.7,355.,177.5,0.,0.,0.,M
0.,0.,0.,0.,0.,65.4,126.6,139.8,134.5,155.2,59.1,-162.8,-408.6,-526.,-500.8,-674.,-1719.5,-4314.,-6693.3,-6491.6,-4294.5,-1106.3,3124.1,6278.,6456.,4748.8,2805.,1506.3,920.8,495.2,209.2,171.,66.4,0.,0.,0.,0.,0.,0.,M
0.,90.1,179.,172.5,137.2,9.6,-304.8,-622.7,-801.4,-942.4,-1117.3,-1335.1,-1527.5,-1506.5,-1517.9,-1309.3,-927.5,-882.8,-1148.,-1432.2,-2344.,-3871.9,-4541.7,-4036.1,-2671.6,-689.4,1649.,3202.,3570.6,3169.5,2492.6,2134.4,2048.5,1745.7,1254.2,954.6,562.6,142.,0.,M
0.,0.,0.,-46.9,-156.6,-278.3,-364.2,-406.5,-445.5,-421.3,-269.7,-351.,-354.8,-116.4,-240.3,-900.3,-2179.5,-3610.4,-3607.5,-1892.1,382.3,2976.7,4952.5,4988.1,3585.9,2019.9,852.3,209.8,48.6,60.1,-21.5,-22.9,120.8,91.,-24.3,-21.,0.,0.,0.,M
0.,0.,0.,-19.1,-43.9,-74.4,-279.2,-459.2,-521.4,-866.1,-1050.7,-655.9,-359.,-450.2,-319.1,-1196.9,-3572.9,-4848.8,-4916.7,-4210.7,-1918.9,1045.6,2492.2,3179.3,3359.4,2655.2,2495.9,2533.8,2252.5,2007.1,1912.,1475.7,1170.4,1005.,602.7,203.1,20.2,0.,0.,M
0.,0.,0.,-46.2,-149.1,-260.2,-425.5,-536.4,-524.8,-523.3,-235.6,110.8,159.4,-150.5,-496.,-906.1,-1540.,-1799.4,-2016.8,-2614.7,-2462.1,-1053.4,-177.8,808.4,2667.3,3185.8,2288.9,1810.1,1449.7,625.,203.4,171.,95.9,32.,42.6,26.6,0.,0.,0.,M
0.,0.,-45.9,-103.5,-115.2,-159.2,-376.,-522.4,-495.2,-494.4,-276.4,355.4,989.8,974.7,739.,395.5,-449.3,-1570.6,-2679.4,-4131.2,-4924.7,-4640.7,-3226.5,-692.8,1504.2,2839.6,3657.1,3506.4,2621.4,2332.2,2188.2,1800.9,1272.6,778.2,568.8,340.4,56.,0.,0.,M
0.,26.9,42.6,76.6,119.2,116.6,135.7,108.7,-33.1,-190.3,-251.8,-498.9,-921.5,-1207.7,-1805.6,-2292.8,-3192.8,-5098.8,-6052.,-4940.2,-3881.2,-1866.6,2072.5,4521.5,4885.1,4724.2,4090.9,2848.2,1906.7,1323.7,1072.8,796.8,477.3,349.8,169.9,74.,69.8,32.8,0.,M
0.,0.,0.,-47.9,-135.4,-175.,-237.1,-332.5,-329.3,-283.8,-274.8,-275.3,-422.5,-805.6,-992.3,-942.6,-1191.9,-1892.9,-2399.4,-2222.3,-1990.4,-889.4,1270.7,2704.,2838.6,2599.,1794.1,477.5,-179.1,-455.7,-587.4,-571.6,-471.5,-313.9,-120.3,0.,0.,0.,0.,M
0.,-43.6,-202.8,-318.4,-320.1,-142.,339.4,946.1,1251.2,1306.8,1391.2,1313.6,897.9,588.6,267.9,-542.3,-2234.,-4792.7,-6149.2,-6588.4,-5827.8,-2494.8,1904.5,4170.6,5267.2,5563.6,3756.8,1946.3,1142.4,782.3,315.4,145.8,162.8,242.6,212.1,169.7,144.6,65.7,0.,M
0.,-2.1,-35.6,-101.7,-136.4,-170.2,-283.9,-411.5,-661.,-862.8,-1074.9,-1374.1,-1862.7,-2225.4,-2186.6,-2047.9,-1910.8,-1810.5,-2053.4,-2398.2,-2800.5,-2669.9,-1142.1,1061.9,2271.,3281.,4258.1,3787.7,2801.2,2252.2,1874.8,1248.9,821.7,525.4,407.8,284.7,80.8,0.,0.,M
0.,0.,0.,0.,-28.9,-100.4,-143.,-181.8,-211.6,-196.4,-122.5,-54.8,-47.9,-169.2,-346.6,-442.7,-489.6,-697.3,-1377.6,-2800.7,-4331.4,-4911.6,-4389.,-2379.5,744.3,3249.5,4117.8,3931.7,2858.8,1357.5,476.7,210.4,113.5,8.3,0.,0.,0.,0.,0.,M
0.,0.,0.,0.,0.,0.,0.,11.4,-45.4,-297.9,-482.2,-596.4,-832.3,-908.6,-680.9,-571.1,-529.4,-448.4,-670.1,-1609.5,-3819.1,-5277.8,-5942.,-5204.2,-3049.3,-765.2,1434.4,3344.5,3395.5,2204.8,2204.8,1536.4,434.,0.,0.,0.,0.,0.,0.,M
0.,0.,0.,-64.8,-142.7,-177.9,-282.9,-365.8,-431.2,-569.5,-659.5,-682.,-687.4,-786.1,-888.7,-784.8,-631.6,-586.2,-468.9,-1226.2,-3333.2,-5084.5,-5603.4,-4657.7,-1744.6,1932.1,4291.4,4941.4,4041.8,2237.1,870.6,456.2,503.2,568.7,536.4,354.5,135.2,0.,0.,M
0.,0.,0.,0.,134.9,396.6,548.1,572.8,700.5,687.7,480.8,861.8,1309.2,1749.1,2028.5,1320.,-151.8,-1075.6,-2407.8,-5526.,-8525.8,-9352.6,-8965.6,-6696.7,-1203.1,4329.,7095.,7553.6,6260.5,3694.8,1816.2,816.3,422.4,211.2,0.,0.,0.,0.,0.,M
0.,0.,0.,0.,0.,0.,-32.4,-95.6,-164.9,-203.4,-205.3,-289.9,-620.7,-1130.4,-1392.,-1102.7,-592.7,-175.4,-62.6,-146.4,-1248.8,-3987.8,-5866.3,-4894.9,-3681.6,-1991.9,1930.7,4908.,4823.,3993.6,3118.9,1542.3,420.2,0.,0.,0.,0.,0.,0.,M
0.,-4.6,-9.2,-22.1,-79.,-169.4,-211.2,-283.7,-417.5,-497.5,-523.1,-525.4,-522.2,-546.4,-1047.8,-1626.1,-1730.4,-1865.6,-2139.5,-2230.2,-2641.,-3099.8,-3728.6,-3961.2,-2466.9,10.4,1389.6,2879.8,4681.1,4656.5,3648.,2975.2,2356.9,1267.,526.3,162.6,68.,34.,0.,M
0.,0.,0.,-17.4,-132.6,-257.8,-937.9,-1590.6,-1557.2,-1701.3,-1817.2,-1476.3,-1197.,-1424.6,-1970.6,-2891.4,-3781.,-4068.2,-4414.8,-5767.5,-6127.7,-3599.6,-1717.4,76.6,4444.6,7648.,7380.2,6483.,5428.8,3541.9,2075.9,1118.2,793.8,612.2,289.1,73.8,0.,0.,0.,M
0.,0.,-2.6,1.8,-108.,-224.8,-353.1,-547.2,-680.1,-474.6,-202.,-258.9,-700.8,-1169.2,-1732.,-2211.4,-2511.3,-3215.3,-4446.2,-4784.3,-4295.6,-3002.8,227.,3844.8,5737.9,5950.2,5322.5,3741.2,2194.1,1223.2,841.,706.5,450.9,208.,91.,95.8,50.3,0.,0.,M
0.,-22.9,-76.,-88.6,-29.2,12.6,-36.1,-42.5,56.7,38.9,-35.8,289.,1018.3,1652.8,1451.4,1020.,465.,-889.3,-2848.5,-4497.9,-4987.4,-4522.6,-2549.5,891.7,4442.8,6061.,6076.3,5041.2,3063.4,1471.6,807.2,671.9,414.2,141.7,-8.4,-8.4,-51.4,-47.2,0.,M
-88.2,-234.2,-380.2,-395.7,-462.3,-468.9,-278.4,-168.5,-203.1,-438.9,-1160.9,-1645.6,-1424.5,-1316.6,-1263.9,-879.6,-1109.,-1741.8,-2885.2,-5256.5,-7370.6,-7624.,-6310.8,-3191.8,1650.4,6225.,8211.,7647.7,6065.1,4248.3,2505.,1619.1,1376.9,926.1,521.7,192.9,59.9,0.,0.,M
-39.2,-39.2,-35.9,12.1,45.4,5.4,-23.2,-7.9,-18.2,-118.,-369.7,-547.2,-651.,-936.3,-1028.8,-804.6,-669.4,-940.3,-1552.8,-2292.5,-2683.3,-2676.,-2072.8,-368.4,1634.5,3057.1,3578.,3531.4,3059.6,2109.9,1231.6,877.8,631.2,249.4,107.9,13.4,-74.8,-28.7,17.4,M
0.,0.,121.6,381.6,615.6,854.6,998.,1054.7,1120.,1171.4,1172.1,1130.,1088.9,1175.6,1039.4,290.3,-194.8,-809.1,-2118.3,-3479.,-5540.,-6935.2,-7846.,-7915.4,-5067.7,77.3,3216.,5246.8,7072.,5751.7,3310.8,1984.6,1341.7,483.1,167.2,33.5,0.,0.,0.,M
0.,0.,-33.3,-126.4,-284.9,-474.7,-565.8,-565.6,-564.5,-489.9,-498.1,-580.,-557.,-495.5,-522.3,-502.,-416.4,-696.7,-1898.5,-3434.,-4018.5,-3989.,-2998.9,-322.6,2493.6,3769.9,3916.2,3244.3,1797.8,538.,-38.4,-129.6,-157.4,-154.9,-65.1,-2.8,0.,0.,0.,M
0.,0.,0.,-13.1,-4.7,-39.3,-86.,-76.6,38.6,241.9,435.3,620.,699.4,598.5,321.4,-163.3,-877.4,-1283.,-2454.4,-4204.4,-5526.2,-6069.9,-5870.4,-3662.3,-33.5,2979.3,5147.6,5723.8,4972.7,3512.1,2357.5,1453.5,994.6,707.8,355.,144.5,0.,0.,0.,M
0.,0.,-84.8,-320.9,-472.2,-602.5,-865.3,-1046.,-952.9,-801.6,-661.3,-397.4,-223.1,-422.6,-672.8,-822.,-1042.9,-1240.4,-1416.7,-1477.2,-2483.9,-4945.8,-6540.9,-5830.3,-4979.8,-2961.7,1394.,4616.2,5349.7,5198.6,4704.3,3408.2,2069.8,1144.5,755.8,377.9,0.,0.,0.,M
-147.,-147.,-186.8,-390.7,-610.3,-704.,-742.2,-847.4,-905.,-1013.9,-1487.8,-1805.2,-2284.9,-2798.2,-2549.3,-1460.1,-653.4,-351.,87.1,-486.6,-2400.3,-3604.6,-4078.6,-4543.3,-3018.3,403.9,2310.4,4066.5,6630.5,7095.,5955.8,5160.,4573.9,3370.3,2234.,1416.6,1118.,744.3,370.6,M
0.,0.,0.,0.,0.,-34.9,-122.3,-174.8,-256.3,-529.3,-1163.9,-2035.5,-2464.,-2810.9,-2965.8,-2839.2,-3083.1,-3261.6,-3890.8,-6332.,-8367.8,-7261.6,-5931.6,-3424.3,1830.8,5929.,7075.1,6870.8,5679.8,3552.5,2033.,983.6,517.4,258.7,0.,0.,0.,0.,0.,M
0.,0.,-52.2,-122.4,-190.7,-241.,-263.5,-265.9,-234.3,-108.2,6.4,27.,91.5,351.4,665.5,763.6,688.,272.5,-813.,-2419.1,-3279.6,-3982.8,-5222.4,-5689.1,-4378.,-3136.6,-1305.1,2155.3,4822.8,5527.2,5193.,4210.3,2463.2,1126.6,345.3,136.2,68.1,0.,0.,M
0.,-4.7,-9.4,-189.7,-338.3,-439.5,-441.6,-310.8,-73.3,99.9,69.4,-137.8,-378.8,-809.2,-1808.1,-2134.2,-1821.1,-1750.4,-1343.3,-458.5,-679.,-1275.9,-1174.6,-460.7,974.,2708.1,3934.4,4147.4,3437.1,2050.8,965.3,258.,-39.8,-77.3,-36.2,-6.5,-27.7,0.,0.,M
-188.8,-188.8,-228.5,-232.4,-161.3,-111.6,-97.2,-61.3,-55.4,-38.3,23.4,38.,37.,-158.4,-714.3,-1345.1,-1614.4,-2086.3,-2428.4,-1804.5,-659.4,-8.4,854.8,2014.6,2197.4,1713.6,1343.6,947.4,318.7,-26.2,-116.4,-94.2,-34.9,41.5,126.9,169.6,144.,94.4,44.8,S
869.6,782.6,578.4,461.2,510.7,449.8,266.9,292.5,390.6,313.1,290.1,357.,283.6,197.8,274.,267.8,199.8,219.4,224.6,89.3,-66.9,-234.9,-622.5,-863.,-1109.3,-1199.4,-565.1,494.4,1075.8,1727.7,2466.5,2215.9,1586.4,1294.4,1063.2,755.8,675.4,540.,408.8,S
0.,0.,0.,-44.8,-170.7,-251.8,-311.9,-368.1,-342.9,-300.8,-280.,-264.8,-203.5,-127.7,-77.,-56.,-117.9,-293.8,-1037.3,-2745.,-3823.2,-4295.6,-4273.6,-2733.9,-204.8,1279.,2088.3,2743.,2330.1,1885.2,1698.6,1468.5,962.6,523.1,179.7,0.,0.,0.,0.,S
0.,0.,44.9,89.8,141.7,225.,217.5,133.7,33.5,-277.2,-564.,-506.7,-418.,-552.,-522.9,-435.8,-638.5,-765.2,-980.4,-1836.9,-2902.2,-2928.8,-2531.4,-1731.2,288.1,2280.3,2782.1,2510.8,2345.3,1800.7,1295.9,1243.,1315.8,1085.6,697.1,391.4,122.,0.,0.,S
-150.2,-205.1,-291.1,-322.2,-313.6,-277.8,-200.,-119.3,-89.2,-154.5,-258.9,-700.5,-1311.3,-1519.6,-1788.1,-1984.3,-1558.8,-1252.9,-1300.2,-1028.2,-490.3,354.7,1659.4,2385.,2816.1,3095.6,2427.8,1496.1,1080.6,814.1,457.4,348.3,317.6,305.8,209.1,88.3,73.8,41.7,0.,S
0.,-15.9,-31.8,-77.2,-148.7,-189.6,-175.6,-146.8,-53.6,92.8,193.7,239.3,237.2,137.1,-221.3,-766.9,-1138.9,-1223.6,-1647.2,-2514.,-2844.2,-2233.7,-1736.2,-765.6,1241.2,2588.8,2600.2,2300.2,1905.5,1167.3,730.6,513.8,429.4,368.6,250.3,155.2,78.4,39.2,0.,S
-31.2,-10.5,-30.4,-71.,93.8,483.8,901.4,1280.8,1467.8,1425.4,1306.6,611.3,-208.2,-408.8,-556.1,-1059.5,-1025.6,-629.8,-724.2,-804.8,-1245.5,-3451.1,-5502.1,-4891.,-3974.2,-2242.3,1917.1,5181.2,5660.6,5303.4,4476.1,3103.,2278.3,1645.,1290.6,1074.5,737.8,413.6,210.,S
0.,0.,0.,-131.,-329.2,-396.4,-424.3,-453.2,-410.8,-300.2,-233.,-225.5,-201.6,139.6,347.1,229.8,33.5,-683.7,-2037.6,-3055.3,-3240.,-2919.5,-1867.7,-349.9,738.6,1040.6,960.4,637.6,166.2,-68.9,-75.2,-98.8,-105.6,-50.7,-6.3,0.,0.,0.,0.,S
-95.2,-95.2,-100.1,-76.8,-41.9,-28.1,-21.,-71.6,-236.9,-494.4,-602.4,-567.6,-434.5,-32.2,466.7,584.2,472.,233.8,-495.6,-1539.3,-2439.6,-2787.4,-3197.1,-3120.8,-1842.3,-357.1,335.6,1091.7,1781.7,1549.6,1195.4,1007.2,890.,665.6,396.5,190.1,145.6,77.,8.4,S
0.,0.,-43.6,-159.4,-279.8,-370.,-412.,-396.3,-341.,-253.2,-157.5,-110.,-45.7,-117.6,-296.2,-585.8,-833.,-1221.,-2318.8,-4303.4,-5623.1,-5668.,-4647.4,-1887.9,1602.9,3753.5,4152.2,3583.9,2155.9,887.6,374.2,269.4,112.8,-44.4,-71.1,-104.5,-111.8,-55.9,0.,S
0.,-28.2,-42.4,-18.4,-8.4,-58.1,-158.4,-272.3,-300.9,-266.2,16.6,622.6,1108.4,1354.3,1437.6,1318.1,816.8,160.2,-1536.,-2957.4,-4759.7,-6756.3,-6163.2,-3027.2,-678.6,2106.6,5802.1,6437.9,5278.5,4393.6,3477.7,1886.6,828.7,275.7,105.4,-75.2,-159.2,-31.3,0.,S
-44.,-136.3,-325.5,-506.7,-591.,-661.6,-646.4,-543.5,-537.8,-549.2,-488.1,-549.6,-725.9,-936.6,-1093.6,-1214.3,-1361.4,-1453.1,-1291.4,-1064.4,-1201.,-1465.4,-1237.,-572.,-263.2,510.2,1926.2,2780.,2830.6,2670.,2270.1,1489.,748.,269.,149.8,74.2,20.5,33.6,24.8,S
0.,0.,0.,0.,0.,53.1,138.7,166.2,159.9,172.5,163.4,134.9,140.1,-132.,-752.1,-1120.8,-1289.4,-1760.8,-2127.9,-1752.2,-977.,-24.4,1145.9,2183.9,2749.4,2616.6,1965.,1357.6,1098.8,843.4,525.7,336.2,212.,78.3,0.,0.,0.,0.,0.,S
-78.8,-113.2,-147.6,-199.,-244.7,-206.5,-212.9,-251.8,-285.7,-324.5,-697.4,-1565.2,-2065.,-2915.4,-4561.6,-5682.5,-5377.4,-4747.2,-3397.2,-509.,2271.2,3621.5,3729.8,3554.9,2781.6,1749.,1311.4,1308.,1117.7,827.1,607.8,398.3,307.8,258.7,165.1,131.8,71.5,0.,0.,S
0.,0.,-85.7,-259.,-417.3,-488.,-528.1,-537.,-485.8,-453.7,-441.6,-466.5,-533.,-571.6,-809.6,-1050.6,-1198.4,-1490.6,-2025.7,-2354.1,-2291.8,-1887.8,-900.1,341.5,1299.1,1598.8,1399.8,825.4,181.9,-234.3,-382.4,-497.3,-580.,-482.3,-331.1,-245.4,-122.7,0.,0.,S
-358.8,-358.8,-459.3,-650.9,-741.6,-667.2,-593.2,-560.6,-548.7,-600.1,-645.5,-660.2,-870.6,-1000.2,-1075.,-1194.2,-1157.8,-1087.1,-1359.4,-1396.8,-785.5,-479.8,-40.,973.6,1646.8,1617.4,1488.6,1416.9,1253.8,1103.9,967.4,889.4,809.2,668.8,518.,342.2,257.,176.7,96.4,S
66.,66.,133.8,203.1,204.8,186.1,167.2,110.2,91.7,-16.3,-558.1,-953.4,-1309.9,-1631.3,-1452.6,-1135.,-961.,-712.2,-514.4,-468.9,212.6,797.6,1130.6,1490.1,1453.,1038.2,687.,512.3,282.8,202.1,142.5,108.8,102.7,165.3,203.6,206.4,239.6,184.3,129.,S
0.,0.,-32.9,-65.8,-94.9,-104.6,-87.9,-11.,68.6,116.5,187.,237.5,84.9,-95.6,-372.5,-777.,-1108.,-1221.5,-1131.6,-857.3,-277.2,387.1,902.,1058.4,1123.,978.3,606.1,330.7,263.7,233.,183.9,232.3,253.6,208.1,158.,115.4,38.7,0.,0.,S
310.2,434.7,559.2,705.8,895.2,856.5,713.8,652.6,469.1,339.,358.8,344.2,363.2,337.3,94.,-201.7,-449.8,-619.6,-524.6,-924.8,-2643.,-4393.6,-4921.2,-4337.1,-2396.7,753.2,3387.6,4228.4,3834.5,2810.2,1650.,914.6,732.5,533.6,201.7,89.7,67.1,23.5,0.,S
0.,-106.6,-213.2,-268.7,-432.2,-650.6,-765.2,-769.4,-843.1,-885.3,-784.,-649.9,-556.6,-398.4,-384.4,-661.7,-1004.6,-1632.4,-2079.4,-2406.7,-2854.,-2399.9,-522.7,780.4,1816.9,3449.9,3913.2,3062.7,2345.4,1970.8,1414.6,1212.3,1023.8,856.,713.1,478.,192.9,0.,0.,S
0.,20.2,15.2,-10.,-43.8,-127.2,-267.8,-396.2,-469.7,-472.,-418.,-275.9,51.1,476.9,697.6,761.2,778.7,194.8,-527.6,-1408.1,-2800.4,-3466.7,-2618.,-1799.4,-814.5,943.5,1712.3,1267.4,786.6,457.4,37.3,-96.9,-44.8,50.6,90.8,111.,103.5,37.9,0.,S
-32.,-81.6,-131.2,-180.9,-283.9,-400.8,-425.7,-387.,-378.9,-381.6,-421.3,-649.6,-849.,-834.3,-988.8,-1138.,-907.7,-1076.1,-1745.2,-1692.4,-947.3,-281.2,361.7,1297.9,1888.4,1672.3,1210.6,998.,716.7,267.2,32.5,-91.2,-148.4,-107.3,-40.9,-13.4,-5.6,0.,0.,S
0.,0.,-5.,-10.,31.1,70.3,98.2,140.8,153.6,119.9,36.6,-100.6,-227.3,-266.4,-301.5,-295.,-295.4,-556.1,-774.8,-1044.,-1360.6,-1395.3,-1483.5,-1584.4,-1582.,-1582.7,-1359.9,-489.3,155.4,822.8,1747.2,1865.4,1432.8,1139.,766.1,196.6,0.,0.,0.,S
0.,0.,-24.4,-115.9,-259.5,-416.5,-497.,-556.2,-610.9,-610.,-587.4,-561.2,-732.8,-988.9,-1247.4,-1367.8,-1314.2,-1248.7,-1432.6,-2219.,-3638.1,-4520.2,-3958.,-2146.9,292.3,2524.6,3566.6,3206.8,2079.7,893.,268.,43.2,11.3,-86.5,-151.4,-84.8,-19.2,0.,0.,S
0.,0.,0.,-60.,-156.4,-200.7,-214.1,-219.6,-189.2,-144.4,-129.,-130.4,-132.8,-62.9,-183.6,-367.3,-578.1,-795.8,-1365.6,-2359.1,-2950.8,-2539.3,-1959.8,-1009.5,731.,1674.1,1467.1,1107.2,695.4,145.2,45.9,91.,97.,88.,63.5,24.,0.,0.,0.,S
0.,0.,-12.7,-71.1,-181.9,-247.,-338.3,-521.,-690.1,-713.,-658.2,-651.8,-674.2,-810.1,-1050.4,-1183.6,-1259.1,-1055.9,-613.,-691.6,-934.4,-532.9,388.6,1291.2,2175.7,2677.6,2438.6,1587.9,796.4,571.5,526.4,633.7,686.9,496.3,289.3,218.8,109.4,0.,0.,S
0.,7.6,15.2,-73.9,-197.6,-280.2,-395.4,-462.6,-423.6,-393.,-304.4,-30.5,146.4,236.8,497.9,300.1,-500.2,-932.,-1099.3,-2177.6,-3984.6,-5277.,-5673.4,-4982.2,-2745.8,634.3,3594.9,4720.6,4382.,3478.6,2346.8,1457.7,1135.6,910.,487.3,237.8,92.7,0.,0.,S
0.,0.,-120.,-385.4,-530.8,-655.,-826.4,-853.5,-730.4,-627.4,-576.9,-521.2,-431.6,-339.5,-331.8,-482.1,-776.4,-1259.2,-1563.3,-2050.6,-2803.9,-2723.,-1370.6,-330.4,549.1,1858.2,2110.4,1219.1,505.2,50.5,-408.1,-411.5,-383.,-355.,-257.8,-131.,-50.7,0.,0.,S
0.,-78.2,-156.4,-188.9,-259.3,-343.7,-327.5,-264.8,-249.5,-131.3,-50.4,94.3,261.,236.5,-91.8,-327.1,-601.2,-943.8,-1257.2,-2107.4,-3056.2,-3035.,-2601.8,-1386.,1173.6,3462.4,4351.,4294.6,3663.9,2627.7,1843.7,1406.7,1348.2,1118.2,725.5,408.3,126.9,0.,0.,S
0.,0.,268.,536.,647.8,759.6,842.,713.8,600.1,613.2,529.4,588.7,703.8,831.5,783.5,663.6,593.9,83.1,-1154.6,-2478.9,-3006.6,-3988.5,-4520.,-2496.6,264.2,1452.,2808.8,4206.4,3368.1,2145.1,1801.2,1374.4,784.3,554.9,264.5,40.2,20.1,0.,0.,S
-42.6,-86.2,-166.5,-196.1,-195.1,-201.2,-174.4,-126.6,-163.1,-304.6,-388.6,-468.9,-606.2,-671.9,-804.6,-928.6,-718.7,-634.,-781.7,-1319.1,-1834.,-2277.6,-2210.1,-1353.5,21.9,1051.8,1710.1,2142.9,1664.,1143.3,876.,571.8,164.7,52.6,31.1,18.8,-4.5,-12.6,2.6,S
0.,-17.3,-95.8,-157.,-143.9,-213.7,-247.9,-152.1,-105.,-78.7,98.,226.4,213.9,223.4,161.5,138.1,81.7,-191.6,-370.,-709.4,-1879.6,-3143.3,-3108.8,-2641.4,-1660.3,684.,2988.3,3645.,3454.5,2924.8,1684.,719.,353.,240.9,151.4,134.6,38.5,-18.2,0.,S
0.,-31.3,-89.,-125.,-161.1,-187.6,-164.4,-126.1,-117.,-120.3,-117.6,-164.3,-426.9,-872.9,-1506.7,-1910.4,-2239.9,-2189.9,-1349.2,-546.6,-205.2,9.5,263.3,705.6,1647.9,2187.,2618.3,2982.7,2349.6,1325.1,866.8,638.5,287.1,111.5,64.3,69.6,36.2,1.4,0.,S
0.,0.,0.,-25.9,-15.,21.9,27.6,33.2,78.7,43.6,-16.3,-117.8,-240.,-452.3,-704.,-950.,-1024.,-891.4,-1022.3,-1374.1,-2006.3,-2617.5,-2817.4,-2054.7,-373.8,1710.,3384.7,3893.8,3653.,2925.4,1870.1,976.4,651.2,452.9,127.3,0.,0.,0.,0.,S
0.,0.,0.,-89.1,-336.9,-563.8,-742.4,-852.8,-832.6,-745.2,-706.6,-804.2,-873.2,-1292.2,-2098.,-2824.7,-3067.5,-2970.4,-2591.1,-2117.6,-1832.,-1172.6,-704.6,48.4,1633.8,3094.5,3457.2,3191.6,2678.9,1756.1,952.,514.9,471.8,340.1,170.2,143.,77.,0.,0.,S
0.,0.,0.,12.3,54.,83.4,98.5,120.7,96.8,-17.9,-101.6,-162.1,-279.8,-310.6,-278.2,-272.2,-324.9,-509.9,-1046.,-1930.4,-2411.,-2956.,-3962.5,-3870.6,-2788.3,-1604.4,229.5,2311.7,3177.5,3335.8,2876.6,1685.8,890.6,511.4,195.8,0.,0.,0.,0.,S
0.,0.,0.,-83.7,-300.7,-512.5,-695.3,-799.6,-799.4,-703.4,-693.9,-1113.9,-1447.6,-1528.,-1355.1,-688.4,195.,665.,819.2,-93.9,-2583.3,-4186.,-4366.6,-3238.2,-638.9,2258.7,4023.3,4361.2,3078.2,1215.9,374.3,-53.2,-218.4,-54.1,70.1,39.1,24.1,0.,0.,S
0.,0.,-64.4,-128.8,-212.9,-340.,-431.7,-502.7,-525.,-715.2,-1096.5,-1441.1,-1777.9,-1961.2,-1543.8,-795.2,-211.6,368.5,696.2,81.7,-955.,-1084.3,-376.,39.4,844.7,2211.3,2561.6,2008.6,1666.6,1401.4,995.1,808.9,632.7,501.6,432.9,269.1,87.,0.,0.,S
0.,0.,0.,0.,-230.1,-647.4,-1014.9,-1327.6,-1460.,-1303.5,-985.2,-625.4,-216.9,-6.4,155.,437.2,454.3,-135.1,-620.8,-1592.6,-3707.7,-4506.2,-2742.4,-1323.4,-57.9,2369.8,3526.2,2708.6,1896.8,1729.6,1448.1,1080.8,628.2,428.6,214.3,0.,0.,0.,0.,S
