-386.8,-495.7,-604.6,-657.9,-689.1,-611.1,-468.7,-382.2,-350.,-267.1,-124.4,-8.9,14.6,80.4,21.9,-368.5,-1126.5,-1618.4,-1998.,-2379.,-2129.8,-1266.1,-653.,104.7,1397.9,2057.2,2073.9,1966.8,1536.8,756.8,397.8,491.8,594.8,713.7,771.9,585.5,341.6,223.4,223.4,H
107.4,107.4,133.2,215.,319.3,286.7,112.9,-5.8,-181.6,-430.9,-519.9,-412.7,-315.8,-171.7,95.1,15.4,-191.,-995.4,-1845.9,-2093.7,-2193.9,-2096.4,-1269.6,40.6,1067.2,2113.9,2617.4,2986.1,3247.,3021.3,2729.6,2555.8,2206.9,1452.,746.7,239.5,31.6,-14.6,-60.8,H
-190.4,-190.4,-227.9,-299.9,-352.4,-310.5,-250.6,-229.7,-169.6,-89.,21.,89.6,123.2,181.1,146.,53.3,20.,-191.1,-295.7,-144.3,-38.4,22.6,91.1,-329.5,-1195.8,-1945.6,-2318.2,-2356.3,-2009.7,-1176.1,-148.9,429.4,814.5,1322.2,1364.2,1016.9,750.2,528.8,307.4,H
0.,38.,76.,35.5,-108.,-292.9,-482.7,-590.6,-577.8,-486.5,-432.5,-580.2,-703.4,-1036.4,-1705.7,-2053.,-2053.3,-2042.6,-1841.9,-1537.6,-1352.6,-838.,-404.8,-122.5,552.,1027.,751.7,393.6,240.4,-79.,-267.4,-129.4,30.8,61.7,123.8,130.4,52.9,0.,0.,H
299.2,299.2,228.4,-15.1,-384.2,-747.4,-914.2,-929.3,-880.8,-701.6,-475.5,-365.,-186.1,113.2,15.1,-193.5,-183.6,-426.,-996.2,-1302.6,-1465.4,-1649.6,-1641.5,-1491.8,-1207.9,-787.5,-509.4,-200.4,346.3,859.3,1273.2,1411.8,1421.3,1465.4,1452.4,1302.3,1199.8,1022.1,844.4,H
-261.2,-275.3,-281.,-272.6,-184.6,-39.7,76.6,149.2,191.5,220.,234.,221.2,216.6,277.6,315.8,282.2,-88.9,-867.5,-1666.9,-2025.2,-2150.9,-1938.1,-1055.,4.5,519.4,774.3,969.,1197.2,1906.9,2328.2,2912.8,4533.6,5979.8,6224.5,6059.2,5350.7,3647.3,1806.1,959.8,H
-929.8,-825.6,-654.6,-575.4,-521.5,-480.,-449.2,-365.6,-244.7,-136.7,-96.8,-58.6,48.6,256.,480.6,566.8,705.8,849.4,688.8,223.5,-76.6,-635.5,-1248.3,-1411.9,-1477.4,-1433.2,-1111.3,-532.7,-132.6,287.1,563.4,755.2,721.8,489.6,418.,353.4,293.3,267.7,302.2,H
-245.,-162.9,-29.4,58.9,127.1,202.7,258.3,262.1,254.6,260.7,273.3,288.7,275.7,253.8,87.9,-331.3,-918.9,-1631.3,-2009.4,-1926.8,-1892.8,-1836.9,-1333.1,-933.8,-846.3,-281.4,676.9,1524.7,1891.6,2105.2,2622.7,3317.6,3976.5,4244.4,4395.6,4428.6,4075.2,3524.5,3209.,H
191.4,221.3,193.8,38.1,-60.2,-209.7,-403.8,-364.8,-227.9,-174.6,-322.1,-677.6,-799.6,-668.6,-571.1,-243.7,233.3,340.3,245.2,87.4,-255.1,-545.,-800.8,-951.4,-688.2,-86.6,565.,1187.6,1497.,1541.1,1459.6,1225.,1008.9,901.8,699.8,396.1,216.,68.8,0.,H
-248.6,-128.6,145.,386.5,548.9,623.4,654.,731.3,801.8,871.1,916.6,955.8,978.6,996.,922.2,814.6,457.7,-374.7,-1286.6,-2041.1,-2359.2,-2209.6,-1757.,-1206.3,-721.3,-484.,-401.1,-206.,174.2,796.2,1150.2,1358.8,1574.9,1413.7,1028.9,812.8,684.1,522.6,489.8,H
374.6,374.6,271.7,-28.6,-429.,-717.2,-802.4,-792.7,-640.3,-381.6,-217.5,-169.4,-100.2,-11.8,-44.,-310.5,-525.6,-825.8,-1289.2,-1579.,-1616.5,-1527.4,-1473.4,-1321.4,-1172.9,-982.1,-841.8,-504.8,11.,412.6,689.1,742.8,727.8,675.5,639.4,652.,663.4,573.4,483.4,H
72.2,109.8,155.2,153.6,107.4,70.6,22.5,-85.3,-177.6,-188.1,-166.,-144.2,-130.5,-128.,-200.,-282.6,-353.6,-381.5,-370.5,-382.7,-362.8,-290.6,-283.7,-363.6,-344.1,-310.,-464.1,-461.2,-260.6,-191.5,-166.,10.8,72.4,-35.9,-42.2,-55.4,-96.8,-133.6,-129.,H
-106.6,-128.4,-150.2,-130.3,-103.6,-80.4,-48.4,-32.8,-35.2,-38.6,-37.2,-23.2,-11.6,10.2,-183.7,-682.3,-970.6,-1074.6,-1283.2,-1281.,-891.2,-613.6,-420.2,-28.5,329.9,546.4,605.2,512.8,314.4,166.4,64.2,4.,5.9,22.,11.3,-22.2,-33.2,-37.5,-41.8,H
-100.4,-96.3,-92.2,-70.3,-41.4,17.9,87.5,104.8,52.,-70.9,-256.2,-429.,-486.6,-447.,-350.,-149.1,-28.4,-51.2,-130.7,-355.1,-707.9,-891.7,-867.6,-865.1,-669.5,-155.9,543.2,921.8,1343.,2152.6,2566.6,2381.2,2170.2,1950.3,1396.2,965.7,736.7,604.,604.,H
-126.4,-97.8,-14.6,40.,89.6,186.1,273.7,346.9,379.4,399.5,397.5,257.9,-19.1,-178.6,-355.2,-641.6,-763.4,-703.7,-632.,-500.3,-262.4,7.1,393.3,616.2,798.6,1063.,1078.6,802.5,592.8,552.2,552.2,765.5,1079.4,1220.6,1055.3,632.6,64.7,-427.5,-609.2,H
45.2,45.2,99.,212.3,352.2,468.2,503.8,453.,238.1,-129.7,-485.3,-637.2,-702.,-721.1,-801.4,-964.7,-1002.,-887.3,-550.,149.1,1028.8,1432.,1692.3,2027.2,2073.1,1915.5,1786.6,1571.5,1210.6,803.4,234.9,-72.2,-343.,-828.1,-979.5,-752.8,-589.,-416.3,-243.6,H
247.4,116.2,-15.,-223.5,-529.6,-589.8,-421.2,-293.8,-202.6,-69.5,11.7,111.6,172.2,329.6,806.,1019.6,758.9,607.4,363.8,-317.2,-787.2,-1042.6,-1265.4,-1419.,-1713.9,-1844.9,-1516.6,-1198.6,-946.3,-438.3,-64.1,53.9,105.9,247.2,434.6,597.8,662.4,609.9,557.4,H
-687.6,-602.3,-429.6,-284.9,-233.1,-168.4,-0.5,177.2,257.2,353.9,516.1,630.3,724.3,769.6,778.8,819.3,739.6,170.2,-288.2,-924.3,-2167.4,-3403.6,-4238.4,-4444.,-4507.9,-4598.,-4449.,-3963.3,-3652.8,-2753.1,-726.8,1372.3,2868.5,3392.2,3266.2,2688.1,1793.6,1122.9,894.6,H
-267.,-164.2,27.8,117.,201.5,288.9,312.5,404.4,475.6,484.9,602.2,805.2,876.3,852.4,822.6,763.2,363.,-756.2,-1504.8,-2089.6,-3127.8,-3670.,-3241.7,-2724.6,-2307.6,-1658.5,-1159.,-697.2,-502.8,-169.8,562.1,1122.4,1437.5,1591.2,1593.6,1555.8,1533.7,1352.5,1153.2,H
-1164.4,-1091.5,-946.5,-874.4,-745.9,-543.6,-327.3,-83.5,17.8,301.5,-311.,-1428.3,-1919.1,-2188.8,-2493.8,-1747.5,-447.7,100.4,400.,709.4,1378.6,2411.1,3965.2,4846.6,5248.7,5602.2,5077.1,3841.2,3081.8,2523.4,1660.7,1306.8,1248.6,1240.,1344.,1512.2,1521.5,1314.5,1162.4,H
-360.2,-298.6,-237.,-185.5,-113.1,-53.,1.9,17.6,55.4,151.4,207.5,250.7,296.,-117.7,-1062.,-1727.4,-1939.7,-2017.2,-1799.8,-1318.3,-1071.3,-1305.3,-1522.2,-1396.9,-1124.5,-701.5,-40.9,343.8,569.9,1081.2,1556.2,1898.2,2050.4,2142.8,2138.5,1747.4,1164.8,876.6,876.6,H
-523.2,-737.4,-1209.6,-1846.4,-2561.7,-2972.2,-3128.,-3186.7,-3056.3,-2879.1,-2710.9,-2506.5,-2338.3,-2162.1,-1978.1,-2190.8,-2643.,-2946.5,-2605.5,-1941.8,-1383.5,-816.9,-72.,625.3,1180.9,2101.6,3192.1,3784.9,3541.1,2996.7,2411.5,1727.8,1096.8,665.7,368.9,191.7,97.7,57.2,48.,H
-1327.8,-1361.1,-1394.4,-1284.1,-1010.4,-721.4,-575.2,-554.6,-588.6,-602.8,-592.6,-534.7,-467.2,-338.3,-122.8,56.4,146.7,144.4,27.5,-454.4,-1735.6,-3243.9,-3836.,-3412.,-1632.4,1339.9,4105.9,5255.2,5701.3,5912.9,5487.4,5089.8,4883.2,4376.5,3426.7,2694.5,2263.9,2122.4,2122.4,H
-216.,-179.5,-88.,-148.5,-264.,-368.9,-230.6,335.2,1103.3,1548.8,1821.9,1934.8,1520.,1030.9,796.4,677.3,463.1,316.1,309.4,354.6,-332.,-1598.,-2528.3,-3027.5,-3175.8,-2201.6,-311.2,1623.1,3239.,3836.8,3823.3,3683.,2910.3,1739.8,1215.2,1049.3,862.2,864.5,888.,H
-351.,-388.9,-361.,-295.2,-261.3,-190.,-120.3,-71.9,-55.8,-48.3,-90.7,-160.3,-299.4,-418.8,-1425.8,-2237.9,-2253.7,-2580.6,-2696.8,-1929.2,-1337.4,-689.3,1575.2,3015.8,4610.3,7182.2,7921.8,6645.8,5607.6,4305.4,2129.4,887.3,233.3,-52.4,-315.9,-727.9,-809.7,-619.4,-495.8,H
-1463.6,-1349.2,-1234.8,-1108.8,-860.8,-644.8,-498.2,-445.6,-358.3,-211.4,-112.6,-102.7,-132.,-335.1,-644.9,-708.9,-1038.3,-1410.4,-1128.1,-912.,-1216.7,-1143.8,-832.4,-830.3,-200.1,993.1,2018.4,2478.6,2619.,2537.,2058.5,1599.8,1397.2,1261.9,977.9,735.,413.,185.2,185.2,H
527.4,380.5,10.1,-213.4,-462.8,-868.4,-1001.8,-809.5,-640.,-434.6,-103.1,98.3,167.6,161.6,203.7,398.1,526.1,396.5,291.2,122.,-343.4,-802.6,-1109.,-1252.4,-1516.9,-1998.4,-1895.5,-1020.3,-465.,225.9,1409.5,1886.7,1638.8,1406.4,1155.7,824.1,705.4,716.9,766.2,H
468.6,461.7,427.5,400.2,315.1,116.4,-198.3,-509.,-618.6,-603.9,-510.4,-293.9,-260.6,-365.,-598.2,-1318.8,-1724.7,-1789.3,-1935.4,-1535.1,-483.1,297.2,1232.6,2039.4,2260.7,2816.9,3227.5,3017.4,2731.6,2478.1,1853.9,1403.6,1418.6,1513.2,1676.3,1972.8,2144.9,2061.8,1940.,H
1190.8,1190.8,1171.5,1135.,1049.5,892.5,803.8,632.6,244.6,-140.8,-414.6,-519.8,-485.7,-312.1,-403.9,-873.8,-1112.4,-1375.3,-1741.8,-1798.3,-1384.1,-1017.,-466.2,479.3,1633.3,3126.5,3860.4,4340.2,5029.4,4975.8,4013.7,3314.6,2840.5,2095.5,1930.6,2210.4,2384.2,2292.2,2200.2,H
329.2,416.4,503.6,523.7,560.3,604.2,544.4,439.3,240.7,-234.6,-734.7,-940.2,-1087.3,-1296.5,-1407.8,-1938.9,-2420.8,-2438.5,-2337.4,-2088.1,-1255.6,-553.6,114.8,1269.2,2419.9,3490.2,3895.8,3726.9,3351.7,2667.8,1771.2,1352.2,1175.2,958.5,1094.6,1183.2,1096.,956.2,816.4,H
-509.6,-642.7,-879.6,-937.8,-892.2,-750.3,-485.1,-272.2,-130.8,-79.,50.9,247.3,370.3,440.8,454.8,171.2,-273.6,-610.1,-873.5,-961.6,-829.8,-692.2,-640.8,-489.2,-383.2,-62.2,773.1,1764.7,2507.,2772.,2744.2,2465.9,1967.1,1488.5,1258.2,1025.,626.7,320.,178.4,H
-271.2,-195.6,-44.8,108.3,186.2,249.3,402.5,551.8,618.2,625.4,641.8,527.9,12.,-804.9,-1236.2,-1526.3,-2085.7,-2322.,-2202.,-2115.,-1957.5,-1212.2,-18.9,1256.8,1927.,2340.8,2760.5,2665.9,2385.1,2204.8,2013.6,1732.6,1483.8,1033.6,742.4,486.2,-13.2,-363.7,-471.,H
-296.4,-180.7,-65.,38.3,211.5,328.8,402.5,428.8,471.,505.4,408.1,128.6,-61.4,-503.7,-1295.2,-1876.,-2109.6,-2111.6,-1947.3,-1692.2,-1536.4,-1251.5,-1031.6,-435.2,820.3,2146.5,3017.8,3222.,3035.3,2613.4,2182.9,1686.9,1701.7,2137.1,2338.3,2392.6,2365.6,2190.6,2015.6,H
-1196.2,-1119.5,-876.,-709.2,-564.9,-359.8,-213.3,-55.8,16.,89.4,277.5,513.1,305.3,-23.4,-306.4,-603.3,-949.7,-1258.2,-1234.2,-1435.2,-1972.2,-1991.1,-1045.1,-416.2,437.,1891.,2655.3,2663.2,2507.6,2303.,1974.,1741.,1611.,1589.6,1552.8,1499.7,1466.2,1301.7,1154.4,H
272.,221.8,-6.8,-465.1,-985.,-1225.,-1320.,-1333.7,-1091.2,-772.6,-615.2,-450.8,-554.7,-987.8,-1653.4,-2154.2,-2627.8,-2869.1,-2503.,-1645.1,-921.,-11.,1445.9,2480.6,3068.9,3169.4,2844.7,2221.2,1613.7,1160.5,1016.,1029.6,1053.1,1006.6,897.3,844.4,699.9,430.5,305.6,H
6.2,16.3,26.4,67.5,120.9,48.8,-162.1,-288.6,-440.6,-688.3,-805.4,-556.7,-286.6,98.2,578.4,251.7,-559.,-947.6,-1315.4,-1908.6,-1387.,119.1,878.2,2025.4,4132.9,5508.1,5726.8,5530.6,4638.5,3077.5,1887.1,1150.4,935.2,923.4,1058.1,1076.6,835.8,723.,723.,H
109.2,179.2,319.6,390.,472.3,639.7,769.4,830.6,847.2,879.,825.3,508.1,-464.9,-1206.2,-2229.,-4209.5,-5273.3,-5019.5,-4659.6,-3780.8,-1885.9,-212.6,1227.2,2009.8,2442.1,3074.8,3068.5,2489.3,2116.8,1817.9,1361.5,1046.9,646.4,403.,87.6,-542.5,-1007.7,-1052.5,-946.8,H
251.8,333.7,443.9,519.5,566.8,563.8,575.8,525.9,316.7,172.4,-27.2,-510.7,-879.3,-1201.5,-1439.,-1289.6,-1057.2,-851.5,-260.7,207.4,384.4,1068.9,1877.1,2483.9,2790.,3011.7,3117.1,2899.3,2470.9,2144.,1761.7,1019.1,269.3,-370.9,-621.6,-705.1,-737.6,-559.3,-432.,H
406.4,342.8,81.4,-116.4,-318.6,-700.8,-935.7,-885.5,-780.4,-672.1,-614.2,-927.5,-1522.9,-1855.4,-2079.9,-2337.6,-2406.,-2327.3,-2213.4,-2248.5,-2311.7,-2066.1,-1195.2,-598.,221.,1848.9,3295.8,3958.6,3983.4,3809.7,3332.4,2717.1,2216.6,2027.8,1870.2,1639.6,1532.8,1490.1,1481.2,H
0.,0.,0.,60.,197.4,274.8,323.6,368.2,241.,-33.5,-185.,-291.8,-392.,-308.9,-158.3,-84.2,-47.1,-34.8,-159.5,-250.7,-242.,173.5,994.7,1655.9,2077.8,2244.2,2122.9,1618.3,1066.7,706.1,513.8,240.5,-32.8,-33.6,-17.2,0.,0.,0.,0.,M
135.2,63.6,-103.7,-343.5,-487.6,-538.8,-517.6,-360.1,-188.2,-101.4,-75.6,-50.6,-145.1,-418.6,-598.4,-972.5,-1346.6,-1398.8,-1414.7,-1378.4,-1167.1,-1093.4,-1132.6,-707.5,-380.8,168.,1117.1,1825.2,2105.3,2077.6,1792.9,1326.2,954.4,661.2,557.8,477.3,316.1,175.5,115.6,M
-116.2,-131.8,-167.4,-190.3,-100.1,-7.,36.7,143.6,260.8,341.6,368.4,358.8,168.5,-77.4,-371.5,-600.4,-739.4,-914.3,-1082.5,-1197.6,-1180.4,-1169.4,-1126.6,-898.2,-510.5,-319.4,-189.3,172.6,433.3,551.4,640.6,751.1,862.4,908.4,823.2,692.8,561.7,339.6,248.6,M
181.2,232.4,353.9,462.6,501.,467.4,318.,5.4,-270.8,-448.9,-630.2,-686.5,-562.4,-464.6,-403.4,-280.4,-176.2,-86.1,-38.4,-8.,-63.8,-223.4,-431.4,-566.,-613.2,-713.5,-730.5,-446.,-197.6,12.3,468.7,756.,633.3,469.8,263.6,-45.,-155.,-131.9,-101.2,M
0.,0.,-14.,-13.3,30.3,112.6,166.,261.9,435.7,581.8,667.,684.,703.7,731.1,717.7,561.5,426.4,-34.1,-1246.1,-2738.3,-3975.1,-4471.2,-4299.6,-3476.8,-1723.5,959.,2539.4,3690.1,5591.,6455.8,5967.2,5364.,4400.6,2687.,1384.8,416.4,0.,0.,0.,M
125.,125.,171.7,269.2,343.6,396.2,425.2,351.4,64.4,-382.2,-843.4,-1071.2,-1184.4,-1246.7,-1176.9,-1181.7,-1205.4,-1279.9,-1426.6,-1403.,-1128.9,-950.6,-723.2,-352.4,-189.1,-228.6,-288.,-411.9,-590.7,-598.3,-383.7,-216.4,85.,648.2,906.8,808.5,713.4,523.3,333.2,M
0.,0.,0.,0.,-42.,-104.5,-125.8,-99.5,-31.1,122.1,319.8,489.6,602.2,718.5,782.2,630.5,291.2,-209.,-872.2,-1515.8,-1873.2,-1804.3,-1286.2,-566.,160.8,806.3,1166.6,1221.,1193.8,1050.1,778.5,540.1,328.9,114.4,0.,0.,0.,0.,0.,M
0.,0.,0.,1.9,-0.7,-44.6,-101.,-86.5,-22.7,58.7,198.6,343.6,457.7,555.7,646.3,730.1,770.,742.2,761.4,937.2,1148.9,1276.4,1317.7,1343.9,1403.,1495.6,1644.2,1829.1,1855.5,1619.,1255.,887.2,560.2,324.7,156.9,36.8,0.,0.,0.,M
135.4,192.9,307.,298.4,36.,-161.2,-345.6,-686.4,-853.,-747.3,-631.4,-548.1,-403.5,-403.3,-643.7,-823.,-1149.,-1795.,-2263.4,-2327.1,-2242.4,-1815.9,-843.3,234.,1109.,1452.8,1519.,1368.5,835.2,283.,-30.5,-254.6,-395.9,-344.,-297.,-219.1,-118.1,-70.8,-46.6,M
-39.2,31.5,159.5,216.8,294.1,423.5,513.2,523.7,496.6,366.4,67.8,-276.4,-536.,-619.8,-616.,-531.3,-389.9,-335.3,-341.2,-331.4,-299.4,-221.6,-72.6,20.8,149.5,410.5,669.8,940.5,1084.2,1394.8,1590.4,1399.9,1127.1,929.8,478.8,27.8,-19.5,-23.1,20.6,M
-3560.4,-3332.3,-3104.2,-2927.4,-2594.4,-2540.,-2356.9,-2072.,-1989.1,-1813.9,-1443.2,-1323.6,-1482.4,-1426.7,-1297.,-1232.2,-1341.5,-1441.6,-1755.3,-2657.1,-3983.3,-5124.1,-5526.8,-5806.6,-5983.8,-5567.8,-4990.6,-4726.8,-4084.3,-2481.3,-163.,2565.9,3937.,4992.,6275.1,6063.3,4770.8,3918.2,3918.2,M
-897.,-1076.7,-1373.,-1311.3,-1133.,-990.5,-745.7,-567.6,-472.3,-452.8,-425.3,-348.8,-331.3,-536.1,-709.4,-984.3,-1653.6,-2503.9,-3281.3,-3602.8,-3662.7,-3458.7,-2740.,-1544.8,-804.4,84.8,1661.8,2723.5,3118.4,3139.4,2837.3,2193.3,1693.,1414.2,1293.8,1076.7,672.6,343.5,201.4,M
62.2,95.6,143.8,158.6,173.6,188.2,146.3,58.5,12.2,-6.5,-46.5,-89.7,-116.7,-121.8,-117.4,-115.9,-163.3,-171.2,-118.,-106.6,-53.6,130.2,305.7,339.,332.5,341.6,338.1,323.6,311.6,330.2,286.2,160.9,60.3,33.1,4.4,-20.9,7.3,21.4,21.4,M
-737.6,-879.2,-1020.8,-1083.5,-1120.,-1046.2,-976.4,-954.2,-906.3,-815.6,-716.3,-581.8,-560.6,-533.5,-369.9,-275.1,-227.1,-137.4,-116.8,-158.3,-168.6,-219.6,-265.6,-334.2,-467.3,-592.8,-759.2,-864.6,-837.3,-631.,-203.7,335.8,627.,770.,870.3,730.2,522.4,412.,412.,M
-1362.6,-1490.2,-1629.7,-1641.6,-1577.5,-1459.6,-1303.2,-1107.8,-1015.,-911.,-723.4,-592.4,-563.9,-582.8,-556.7,-496.1,-383.1,-172.9,-41.2,58.3,220.4,224.5,86.1,6.2,-210.7,-391.4,-280.2,-220.4,-235.6,-97.4,81.7,93.,125.5,187.6,215.7,134.5,67.1,83.5,58.,M
-718.2,-648.,-537.9,-498.,-445.1,-352.1,-259.8,-146.1,-84.6,4.8,41.8,-19.9,-19.4,-9.6,-187.7,-462.,-689.7,-942.5,-1063.8,-912.1,-482.9,42.8,505.9,720.8,796.9,840.,810.1,770.2,727.2,648.9,506.,353.6,223.6,181.4,118.4,-86.8,-415.,-826.6,-1052.2,M
-728.6,-731.9,-688.4,-605.3,-490.,-433.1,-391.3,-292.4,-187.6,-117.8,-90.6,7.1,149.,267.1,313.8,232.5,-114.7,-676.7,-1121.2,-1269.6,-1339.3,-1168.,-758.5,-293.6,2.8,426.,1188.4,1943.3,2409.,2459.,2381.6,2140.6,1786.9,1470.3,1343.8,1286.5,1164.7,969.4,838.6,M
-809.,-870.5,-818.7,-705.4,-666.5,-554.5,-433.2,-317.3,-259.,-168.,5.4,154.,229.6,307.7,430.3,552.8,467.3,303.8,190.7,-282.1,-1048.9,-1586.6,-1717.2,-1896.8,-1684.1,-857.5,-74.8,273.6,637.2,998.7,962.,902.5,877.6,840.7,781.8,734.1,710.3,712.2,712.2,M
-1610.6,-1502.6,-1223.3,-1052.,-953.1,-755.4,-599.3,-448.,-354.,-251.5,-75.8,84.2,222.4,273.8,242.7,39.3,-507.1,-1269.3,-1657.4,-1730.8,-2044.9,-2079.4,-1686.1,-1499.,-1172.4,-328.6,629.,1667.9,2266.4,2545.4,3183.7,3512.3,3241.4,3001.2,2641.9,1942.6,1457.9,1106.5,899.8,M
450.8,459.7,500.1,509.2,419.2,254.8,-16.8,-354.2,-584.6,-652.4,-575.9,-375.2,-183.5,-120.8,-125.6,-295.6,-764.8,-1294.,-1672.5,-1821.,-1829.8,-1683.,-1301.1,-753.,-431.2,258.2,1572.,2593.7,3027.1,3063.2,2664.8,1880.3,1198.3,800.9,699.4,688.7,623.4,541.4,514.,M
450.8,430.,311.8,73.2,-68.,-211.2,-454.7,-590.4,-664.2,-702.6,-819.1,-1017.4,-1143.6,-1188.7,-1189.4,-1138.9,-1103.4,-1123.8,-1172.1,-1215.,-1191.9,-1075.8,-868.1,-535.7,-318.,-86.6,452.1,1024.1,1450.8,1612.8,1625.3,1533.8,1304.2,1033.5,888.4,822.1,686.6,555.5,493.6,M
-407.2,-291.4,-175.6,-83.,31.1,64.5,56.1,35.8,13.3,13.5,30.,9.4,-5.,-8.9,-35.8,-118.7,-371.2,-563.8,-679.9,-932.3,-1186.9,-1388.3,-1471.4,-1539.2,-1546.3,-1271.2,-621.2,-185.6,354.2,1452.6,2403.7,2964.6,3133.,3073.,2773.3,2202.8,1602.4,1332.8,1332.8,M
-251.2,-276.8,-259.5,-248.,-279.4,-409.3,-625.3,-651.3,-402.1,-213.,123.7,640.3,850.7,801.9,722.6,379.6,-509.,-1660.2,-2662.3,-3058.8,-2759.8,-1473.5,510.8,2191.3,2874.8,3049.9,2900.1,2239.7,1669.4,1434.6,1134.6,572.1,96.7,-253.2,-390.2,-444.9,-446.9,-323.7,-253.2,M
-847.8,-755.1,-662.4,-623.9,-545.,-442.2,-364.8,-349.8,-314.7,-221.7,-140.9,-141.7,-165.4,-390.4,-622.8,-776.2,-993.2,-1064.2,-1004.7,-1292.4,-1803.3,-2097.7,-2228.4,-2192.2,-1923.2,-1280.1,-310.1,249.6,1008.1,2478.2,3723.,4276.7,4297.2,3805.2,2735.4,1537.6,507.6,-78.1,-253.8,M
-179.2,-172.8,-94.9,-1.4,20.6,-16.8,-88.4,-98.4,-41.2,-8.2,18.5,98.6,126.4,92.,83.2,65.5,-195.6,-986.7,-2176.3,-2818.2,-3473.8,-4377.9,-4407.8,-3399.5,-2609.8,-1030.3,1953.2,4368.9,5723.7,6066.8,5446.8,4100.2,2755.4,1662.8,1188.4,885.2,367.5,75.5,-2.,M
463.6,463.6,441.,357.,261.6,197.3,167.,156.2,171.3,198.6,181.6,163.2,155.6,97.2,-99.7,-417.6,-589.4,-885.5,-1448.6,-1736.,-1459.1,-1161.8,-493.,1136.9,3016.1,4403.3,4872.4,4854.6,4360.5,3203.7,1970.7,1418.2,1103.,548.2,170.3,-38.6,-109.2,-234.9,-360.6,M
-22.4,-1.4,64.4,205.9,302.6,382.4,538.9,666.3,747.,777.,793.3,822.4,886.4,949.4,961.2,894.8,483.9,-422.,-1345.9,-1708.4,-1988.7,-2208.7,-1761.9,-888.3,-79.4,486.1,1242.2,2076.2,2334.7,2099.7,1927.8,1728.6,1372.,1130.6,896.7,746.8,607.3,331.8,195.8,M
-155.2,-125.9,-96.6,-51.5,78.4,224.1,368.1,451.2,471.,514.7,501.7,210.8,-43.2,-287.6,-742.3,-1229.6,-1710.2,-1913.8,-2171.8,-2566.8,-2708.4,-2380.7,-2048.4,-1466.9,-124.7,1417.3,2738.4,3278.2,3566.3,3658.6,3253.1,2651.9,2260.4,1801.6,962.5,222.9,-256.2,-376.,-376.,M
-706.6,-613.6,-520.6,-456.3,-330.7,-190.7,-6.7,98.6,172.3,259.4,351.,421.8,414.4,284.1,-6.3,-366.3,-639.7,-713.2,-685.7,-642.4,-728.4,-923.4,-1016.6,-1056.2,-1031.6,-658.2,55.3,459.6,750.8,1303.8,1618.4,1579.9,1488.6,1348.7,964.7,414.2,-184.,-475.8,-475.8,M
-1053.4,-909.5,-656.8,-548.,-439.7,-275.6,-145.7,36.7,145.,232.3,369.8,480.,568.8,597.6,571.9,567.1,619.7,578.4,505.4,472.6,336.,105.,-149.9,-277.6,-326.8,-353.9,-191.8,419.,889.8,1345.3,2144.8,2701.5,2770.5,2626.8,2409.5,2018.3,1678.8,1388.6,1264.,M
-836.4,-887.9,-781.8,-624.2,-441.1,-156.5,0.4,68.1,80.4,140.4,251.7,391.8,509.5,538.4,562.8,559.3,591.4,810.1,968.8,905.,738.7,458.4,120.5,-39.6,50.2,322.2,546.3,466.6,345.,155.2,-195.4,-396.8,-358.7,-280.,-168.,39.2,238.4,324.2,306.,M
102.,150.8,172.1,18.2,-263.5,-418.8,-578.2,-784.3,-793.4,-768.9,-782.,-877.7,-1145.2,-1662.6,-2238.7,-2469.2,-2549.2,-2608.3,-2265.8,-1603.9,-1263.6,-799.4,251.4,1221.1,1984.5,2364.8,2319.9,1909.2,1272.,647.6,294.6,180.,89.3,112.4,175.6,239.6,293.7,321.4,295.,M
-517.,-517.,-567.1,-643.5,-565.6,-356.4,-251.4,-221.,-145.1,-2.4,154.9,215.,345.8,525.,678.4,578.7,374.,99.1,-432.9,-979.3,-972.9,-677.2,-299.,478.9,1201.7,1515.5,1506.2,1420.8,1210.5,999.9,853.2,792.2,692.5,440.,184.4,2.6,-76.4,-105.7,-135.,M
-653.6,-839.9,-1026.2,-1214.2,-1432.4,-1344.2,-1108.2,-990.6,-879.9,-716.7,-618.7,-431.1,-289.,-50.5,369.8,532.5,319.6,125.8,-191.,-767.6,-1114.7,-1063.,-1241.9,-1664.2,-1883.8,-2008.,-2017.,-1844.1,-1482.9,-442.1,1079.1,1747.8,2299.,3244.1,3320.2,2725.1,2447.8,2203.6,1959.4,M
325.2,142.1,-41.,-234.6,-565.8,-702.8,-585.8,-469.4,-352.4,-157.9,-23.6,65.9,98.6,105.5,74.1,-141.,-531.2,-744.6,-995.8,-1492.7,-1788.6,-1940.1,-2041.4,-2106.1,-2389.1,-2789.7,-2825.9,-2679.8,-2145.6,-276.4,2444.,3972.7,4982.5,6259.1,6225.8,5031.3,4280.2,3657.7,3035.2,M
704.6,704.6,745.4,769.9,754.5,706.1,656.8,504.4,182.,-224.6,-598.,-734.8,-1156.6,-1809.5,-2317.6,-2922.9,-3251.2,-3061.4,-2904.7,-2761.4,-2248.1,-1911.2,-1362.5,-85.3,1259.5,2350.7,2825.6,2990.8,3033.9,2671.7,2094.1,1756.6,1397.1,844.4,600.9,594.5,638.4,681.4,724.4,M
274.8,334.8,499.1,603.4,639.1,679.5,731.5,680.,581.2,328.2,-197.1,-735.9,-1007.9,-1148.1,-1256.8,-1120.,-888.9,-768.6,-683.1,-464.1,-97.5,406.5,677.4,932.3,1381.7,1608.,1562.3,1484.8,1446.5,1251.5,818.6,225.5,-91.4,-388.2,-725.1,-674.4,-421.2,-258.8,-258.8,M
134.4,192.5,285.4,337.1,354.,369.6,272.3,-113.9,-661.5,-935.8,-1198.7,-1482.8,-1393.8,-1056.6,-829.6,-883.8,-996.9,-1165.8,-1372.,-1468.2,-1308.1,-869.8,-49.1,932.8,1372.2,1737.5,2013.6,1453.7,511.9,40.8,-301.4,-631.9,-396.9,-32.7,92.2,16.2,-190.5,-463.,-588.8,M
379.,451.3,523.6,554.9,596.4,603.8,599.,597.,603.2,652.9,625.7,332.,109.,-179.5,-767.4,-1226.6,-1340.1,-1293.8,-1063.5,-586.5,-173.7,354.,715.6,989.2,1308.1,1454.2,1462.3,1522.6,1382.5,1083.1,1030.8,871.4,605.,449.8,304.2,-46.1,-529.,-805.,-805.,M
0.,0.,-73.3,-185.2,-223.8,-242.7,-276.6,-223.1,-127.3,-100.,-41.4,55.6,102.2,163.6,216.8,175.6,145.2,156.3,156.4,156.2,231.3,400.5,563.7,648.9,665.,636.4,513.9,362.7,247.6,189.8,170.4,157.4,148.3,132.8,132.8,107.2,40.8,0.,0.,S
0.,-81.3,-256.2,-349.8,-425.5,-569.2,-627.8,-651.7,-685.,-789.1,-1022.1,-1225.8,-1285.,-1269.4,-1160.8,-982.8,-1021.,-1306.8,-1485.,-1662.9,-1875.3,-1581.,-761.5,-270.8,198.6,992.1,1363.5,1296.1,1181.4,1027.9,754.4,513.5,236.,79.4,12.6,-96.3,-139.3,-70.1,0.,S
114.8,114.8,180.,264.5,240.1,-8.1,-212.6,-405.5,-711.7,-923.8,-875.5,-728.4,-658.7,-527.2,-356.5,-236.5,-225.4,-136.3,68.8,288.4,393.,394.,261.9,-23.2,-327.2,-529.6,-581.,-519.5,-332.4,2.2,270.1,329.,-46.8,-479.,-663.4,-811.,-830.6,-415.3,0.,S
0.,0.,-76.,-224.3,-327.9,-381.8,-404.4,-324.9,-170.5,-32.1,74.,116.6,128.9,143.,122.7,-75.1,-250.8,-490.,-1055.9,-1615.6,-1812.,-1775.4,-1539.,-910.1,-291.3,25.4,115.8,130.6,82.1,-3.2,3.5,35.,18.1,-8.5,3.2,21.8,19.,8.1,0.,S
0.,52.2,160.5,289.2,453.8,545.8,514.,343.4,17.3,-370.4,-570.8,-665.7,-745.9,-668.3,-561.,-516.6,-640.8,-883.2,-1131.5,-1296.9,-1332.2,-1120.2,-670.1,-149.1,352.6,571.4,674.4,836.4,903.5,889.5,867.4,726.,388.9,84.1,-122.4,-219.8,-194.7,-84.8,0.,S
0.,0.,-112.1,-412.6,-601.,-757.6,-1030.5,-1125.,-997.2,-891.2,-806.1,-658.7,-572.,-465.3,-383.,-294.,-129.8,-59.8,-64.9,-64.8,-162.9,-313.,-277.4,-121.7,-53.6,150.1,476.7,591.9,371.7,159.2,-139.1,-670.2,-911.8,-776.2,-631.8,-456.6,-140.7,0.,0.,S
0.,0.,0.,66.6,191.8,204.6,11.1,-290.4,-624.5,-910.7,-1013.2,-881.3,-666.,-565.8,-631.2,-667.6,-692.8,-794.8,-761.7,-519.4,-256.9,126.3,734.5,1247.6,1589.,1731.9,1505.1,983.4,463.6,55.3,-215.8,-285.4,-183.7,-42.8,8.2,0.,0.,0.,0.,S
-88.6,-118.1,-160.6,-163.6,-68.7,16.2,60.6,133.2,202.1,253.4,264.,295.3,319.9,128.,-397.8,-738.4,-1096.4,-1776.9,-2192.5,-2073.4,-1861.2,-1512.6,-714.7,278.1,1255.,1688.4,1962.9,2367.6,2444.,2226.3,2062.4,1895.8,1576.7,1280.4,944.3,752.,607.3,349.6,236.6,S
-158.,-222.1,-286.2,-313.3,-385.1,-382.8,-300.,-264.2,-265.,-206.,-128.7,-160.4,-209.6,-471.9,-1113.8,-1803.9,-2277.4,-2440.4,-2209.3,-1522.1,-603.5,189.7,520.4,654.2,756.1,642.,444.8,405.6,406.7,308.7,254.9,255.9,211.6,151.9,131.6,70.4,38.9,32.2,32.2,S
27.,42.5,1.2,-210.3,-550.4,-735.8,-879.9,-1080.3,-1028.9,-844.6,-768.,-688.8,-531.3,-521.3,-661.9,-734.2,-845.1,-1096.5,-1268.8,-1294.7,-1400.5,-1421.,-1117.6,-623.,-178.9,292.,802.7,1062.2,1043.5,966.8,816.7,594.5,434.9,308.9,270.4,223.,115.3,47.6,40.2,S
194.6,299.7,404.8,527.4,736.6,721.3,398.4,177.4,-56.5,-455.9,-612.5,-479.3,-355.,-247.2,-69.2,-44.,-90.9,-92.8,-101.9,-103.,-73.1,-12.,27.2,167.8,503.8,806.3,828.5,637.6,403.6,35.8,-306.2,-321.9,-129.4,-18.6,31.3,90.3,56.9,9.6,9.6,S
126.,126.,118.6,95.7,-78.6,-411.3,-585.2,-745.8,-1023.5,-1150.1,-1124.,-1088.4,-1021.2,-942.5,-925.3,-883.8,-848.,-935.2,-1116.4,-1382.3,-1755.7,-1957.2,-2052.1,-2116.1,-1782.,-948.7,-418.6,208.8,1194.3,1581.8,1385.,1158.8,832.6,337.,113.3,33.9,8.8,-9.5,-27.8,S
-1310.6,-1310.6,-1298.4,-1285.6,-1235.7,-1136.3,-1086.2,-1002.8,-829.6,-671.5,-562.2,-521.2,-462.7,-372.6,-322.9,-285.7,-266.6,-246.,-286.7,-520.6,-858.6,-1024.,-1114.9,-1272.2,-1132.8,-782.,-637.,-560.5,-382.8,-190.1,153.,404.6,551.7,920.2,1126.3,989.9,868.8,795.6,722.4,S
-252.4,-257.,-165.4,-34.7,-0.2,3.9,-61.2,-325.5,-732.9,-945.2,-1082.6,-1296.9,-1304.1,-1108.8,-983.2,-914.1,-788.4,-640.5,-525.6,-502.,-478.7,-421.9,-424.9,-484.8,-508.2,-473.3,-382.3,-360.1,-343.6,-293.2,-307.5,-323.5,-259.6,-163.1,-132.2,-79.1,-19.8,13.1,39.8,S
-67.6,-46.4,6.5,80.2,122.2,38.6,-172.3,-411.2,-611.3,-699.8,-665.6,-657.8,-748.3,-893.5,-974.6,-1041.6,-901.8,-398.,104.3,309.6,418.3,475.1,439.,562.5,670.2,819.2,981.6,789.8,423.4,262.2,141.3,72.9,214.2,367.8,432.6,417.4,318.,165.2,96.6,S
-471.6,-396.8,-308.9,-295.8,-269.5,-205.3,-123.1,1.7,82.2,148.2,243.6,288.2,265.7,228.,204.4,154.4,68.7,-83.8,-177.,-314.2,-510.6,-516.9,-286.3,-108.6,61.8,296.2,329.1,246.1,194.2,210.1,244.7,258.4,227.4,244.1,257.,241.8,291.6,326.8,326.8,S
-264.4,-370.6,-541.6,-683.8,-709.6,-658.,-625.2,-541.1,-451.7,-344.5,-275.4,-212.4,-190.6,-176.4,-109.5,-96.1,107.8,599.,982.2,1076.2,1090.8,860.5,441.5,267.,266.6,307.6,411.3,421.9,252.2,134.6,58.,-49.7,-114.5,-139.4,-130.6,-111.5,-70.7,-23.6,1.8,S
-398.6,-465.,-561.6,-698.8,-952.,-1098.2,-1232.3,-1402.5,-1357.3,-1184.1,-1092.2,-950.1,-724.3,-583.4,-463.9,-401.6,-405.4,-442.8,-564.6,-722.3,-791.8,-848.5,-897.5,-806.1,-624.8,-527.2,-366.5,-74.5,236.3,518.1,620.4,635.2,645.5,512.3,356.2,328.8,342.8,308.5,260.2,S
173.4,173.4,35.,-276.2,-609.,-826.8,-884.6,-821.1,-681.4,-545.,-470.1,-455.4,-396.6,-326.7,-133.3,195.4,341.8,409.6,574.9,510.5,158.6,-31.4,-335.,-924.8,-1341.6,-1345.4,-1218.6,-925.5,-294.,347.6,751.5,852.2,910.5,975.9,987.7,1019.,1045.6,917.1,788.6,S
-199.4,-174.9,-134.1,-117.8,-92.7,-122.6,-337.4,-691.6,-886.,-1042.1,-1227.3,-1155.4,-940.2,-826.,-728.1,-574.9,-470.8,-350.2,-278.4,-185.7,-78.,-155.7,-413.8,-579.2,-861.1,-1241.4,-1259.5,-1035.9,-892.6,-627.7,-155.4,156.4,353.7,446.6,468.6,443.8,392.4,371.6,355.4,S
504.6,567.4,630.2,542.,394.4,341.6,335.,321.8,320.9,339.5,358.8,381.3,404.,392.7,323.1,62.6,-561.3,-983.,-1321.,-1853.,-2080.6,-2016.5,-1918.8,-1631.4,-920.5,-47.3,915.6,1428.8,1682.6,1918.,1784.7,1526.4,1383.,1246.1,911.1,572.9,314.7,196.6,196.6,S
0.,0.,1.8,-20.7,-45.,-35.,-12.2,51.5,135.6,138.5,-17.6,-266.3,-528.,-724.1,-794.,-713.3,-623.2,-723.6,-992.3,-1280.7,-1437.4,-1221.1,-451.,724.3,1929.5,2825.1,3198.,3001.2,2403.8,1641.6,891.7,360.6,83.9,-90.8,-154.1,-77.7,0.,0.,0.,S
0.,0.,0.,-250.3,-707.1,-1124.9,-1615.3,-2273.2,-2796.8,-3059.4,-3207.7,-3116.7,-2788.8,-2331.6,-1897.9,-1650.7,-1659.2,-1740.6,-1830.3,-1940.1,-1954.7,-1765.4,-1227.8,-166.1,1220.5,2402.1,3161.7,3315.2,2707.3,1684.1,826.3,285.5,5.8,-41.6,-9.5,0.2,0.,0.,0.,S
-71.6,-64.8,-44.3,-19.3,-33.6,-12.3,22.4,-72.3,-279.5,-504.3,-717.5,-886.,-933.3,-927.5,-975.1,-1106.2,-1131.2,-1115.5,-1200.6,-1133.6,-805.1,-584.3,-586.4,-463.2,-241.4,26.5,647.7,1710.7,2703.5,3293.5,3517.,3252.7,2529.3,1834.,1417.3,1019.2,616.1,384.4,324.4,S
0.,-262.6,-755.9,-1205.,-1611.9,-1981.4,-2041.4,-1810.2,-1604.1,-1399.8,-1194.7,-1037.1,-936.6,-831.4,-741.3,-755.5,-959.1,-1378.1,-1921.6,-2561.1,-3133.8,-3326.8,-2990.2,-2123.3,-830.6,674.1,1985.4,2682.2,2657.7,2174.6,1452.9,724.,264.9,82.5,24.9,-6.8,-27.6,-21.3,0.,S
420.8,542.9,665.,782.1,917.9,884.6,659.2,485.8,277.9,-107.4,-310.4,-292.7,-249.4,-133.4,-100.7,-298.7,-477.6,-541.8,-606.3,-318.3,327.5,923.3,1225.8,1477.4,1691.6,1638.7,1570.,1516.8,1346.7,940.6,447.2,-47.2,-284.2,-363.5,-395.9,-271.5,-134.1,-74.2,-74.2,S
213.8,213.8,345.1,614.2,877.3,1047.4,1092.2,1083.8,918.1,472.5,-126.6,-437.4,-662.6,-935.4,-818.7,-575.2,-496.,-523.2,-669.9,-811.7,-464.3,-94.6,432.6,1513.5,2406.8,2728.2,2957.1,3041.8,2679.6,2208.,1664.6,1044.9,333.6,-287.5,-592.2,-639.,-538.,-309.1,-181.2,S
-849.2,-849.2,-735.1,-565.6,-435.5,-301.,-241.2,-185.8,-65.5,31.,16.4,-29.8,-173.2,-589.4,-1078.7,-1494.4,-1693.6,-1832.7,-1922.8,-1623.5,-773.3,-173.4,710.6,2338.3,3448.9,3731.1,3646.4,3306.2,2667.9,2143.4,1793.5,1670.,1545.,1324.3,1189.2,1144.3,1138.8,997.6,856.4,S
-1676.,-1676.,-1480.8,-1152.9,-883.4,-632.9,-519.2,-436.,-194.7,67.5,280.4,389.2,489.9,664.2,724.,664.3,618.4,316.,-324.6,-909.,-1237.3,-1319.4,-903.6,-6.,1011.9,1889.7,2231.4,2253.1,2216.1,2008.5,1738.7,1617.8,1544.5,1404.1,1299.,1250.1,1239.2,1077.4,915.6,S
-102.2,-108.8,-115.4,-90.,-17.8,99.4,222.,274.2,359.,469.6,495.5,470.6,445.6,260.4,-199.7,-594.,-647.3,-581.2,-333.2,321.2,938.4,1202.7,1256.2,1242.8,1150.5,1033.9,927.4,858.6,799.9,664.,528.7,366.,261.4,58.9,-344.,-587.8,-598.,-564.8,-564.8,S
-206.2,-343.5,-609.8,-818.9,-899.,-840.4,-647.4,-422.8,-243.7,-154.8,-71.5,16.2,64.2,26.5,-54.8,-183.5,-324.,-270.1,-30.,144.4,402.7,734.2,812.5,771.8,726.,596.7,482.5,453.8,380.1,350.2,345.6,318.3,329.,408.1,453.8,419.3,329.5,209.,143.8,S
-299.4,-247.,-125.7,30.2,117.2,159.4,140.4,-80.7,-463.,-685.4,-831.4,-990.7,-939.4,-787.7,-700.6,-688.1,-643.3,-628.7,-576.6,-506.8,-389.6,-143.8,178.3,284.7,197.6,14.6,-476.2,-1007.2,-1205.3,-1180.2,-1103.7,-884.5,-653.9,-502.7,-439.4,-379.,-195.9,-42.5,-11.8,S
-346.4,-275.4,-204.4,-172.8,-122.3,-57.1,18.8,48.4,93.8,161.,154.6,18.3,-89.8,-220.8,-460.8,-574.3,-503.1,-427.4,-369.8,-243.1,-164.4,-142.6,-130.4,-64.9,89.6,344.3,686.7,863.4,915.6,855.5,556.6,201.2,32.4,-7.1,24.4,141.7,208.6,229.2,229.2,S
-241.6,-241.6,-180.4,-70.8,14.4,139.1,227.,308.4,437.,514.8,468.5,436.4,457.4,436.3,335.8,232.6,49.7,-391.8,-833.7,-1199.8,-1382.6,-1512.1,-1716.7,-1870.6,-1765.1,-1580.8,-1158.7,-47.7,1178.3,2141.6,2567.8,2711.3,2711.9,2417.6,1995.3,1724.4,1511.6,974.5,650.2,S
96.,96.,124.,202.7,295.9,354.6,370.8,414.7,473.,329.7,-118.4,-408.8,-675.4,-1130.3,-1304.6,-1141.2,-991.8,-893.6,-746.1,-646.,-511.8,-428.4,-214.1,182.1,560.4,1023.5,1590.4,1772.8,1793.1,1936.4,1602.3,962.8,484.,-158.,-772.6,-857.8,-791.8,-613.2,-434.6,S
-1400.,-1400.,-1564.7,-1606.4,-1353.4,-1111.2,-999.,-927.4,-822.9,-760.8,-783.2,-834.8,-1044.5,-1555.1,-2271.5,-2936.7,-3186.4,-3158.5,-2713.1,-1440.3,304.5,1194.,1896.3,2818.8,2866.2,2263.2,1833.,1453.2,844.5,445.5,153.7,32.,-190.7,-635.5,-1005.7,-1090.7,-1027.6,-852.5,-677.4,S
-178.6,-265.4,-352.2,-430.4,-571.5,-602.6,-484.,-451.6,-461.6,-360.6,-257.2,-210.4,-204.3,-354.4,-842.2,-1474.6,-1775.4,-1985.5,-2049.7,-1270.7,172.2,982.,1689.2,2820.9,3256.9,3022.5,2952.3,2679.2,1984.5,1507.5,1118.9,785.7,726.8,788.5,657.8,487.3,392.4,275.6,158.8,S
-498.,-401.9,-305.8,-218.9,-63.4,76.4,182.6,217.6,224.4,246.5,273.8,273.2,260.6,179.5,-123.4,-550.,-736.9,-719.,-705.9,-456.1,82.,583.5,783.6,1144.8,1777.5,2207.5,2332.5,2299.,2117.4,1723.1,1296.7,909.5,736.,640.5,453.3,188.4,-223.1,-461.4,-461.4,S
0.,0.,0.,-4.6,-1.2,6.9,7.,-1.6,1.,1.,-12.,-13.8,-12.1,-3.3,10.2,5.8,-5.,11.1,19.3,7.4,15.7,28.,12.3,-11.7,-22.,-18.7,-13.4,-4.2,11.5,15.6,8.1,3.,0.3,-6.4,-5.2,0.,0.,0.,0.,S
