195.4,210.6,200.1,115.1,55.8,-46.5,-228.5,-400.8,-450.8,-468.5,-384.7,-23.7,478.8,1058.1,1412.1,1722.3,2108.2,2313.5,2089.1,2030.2,2142.5,1894.2,1656.3,1544.2,1474.4,1405.3,1317.2,1047.8,794.7,557.2,168.3,-119.2,-123.,76.8,216.8,307.7,419.,462.,484.6,H
-59.6,-31.4,-3.2,28.8,111.3,209.3,232.8,208.8,266.4,351.8,449.3,632.7,746.4,816.1,922.6,1007.9,1196.,1335.6,1402.2,1575.2,1606.6,1346.5,1161.4,903.3,390.9,82.,65.3,103.2,236.9,455.6,567.8,560.6,526.2,471.8,377.4,257.,106.5,36.4,36.4,H
-627.2,-591.9,-556.6,-556.8,-560.,-558.9,-516.7,-478.6,-419.2,-282.8,-75.6,142.2,229.8,333.8,489.8,567.,706.3,820.4,915.9,1129.5,1286.2,1245.2,1165.6,1084.5,966.7,837.8,552.,358.4,246.9,92.7,144.1,498.1,758.,859.4,943.9,843.4,645.2,530.6,530.6,H
256.2,300.,337.8,331.8,-24.8,-381.4,-602.8,-973.8,-1123.4,-913.4,-704.6,-586.9,-416.7,-365.4,-453.5,-699.8,-889.,-818.9,-717.8,-456.,63.,576.5,988.,1143.2,1257.,1547.6,1879.5,2188.7,2342.8,2466.4,2657.,2682.3,2486.8,2333.,2164.6,1833.3,1524.3,1333.9,1289.6,H
688.2,564.2,228.4,-132.9,-282.4,-425.1,-551.8,-341.,-26.8,92.6,383.2,1046.2,1691.7,2345.4,2726.,2883.6,3046.3,3031.7,2857.1,2702.2,2635.9,2430.5,2030.,1504.8,1241.,914.1,442.7,227.8,200.1,242.8,302.3,337.6,297.7,229.9,177.8,136.6,87.1,97.5,116.2,H
0.,90.2,257.7,335.,424.4,591.5,556.1,181.2,-80.6,-404.2,-1062.1,-1374.7,-1164.3,-975.6,-660.2,60.,616.8,944.,1119.2,1206.2,1338.6,1394.6,1409.5,1413.8,1423.5,1264.5,976.2,760.,663.4,600.2,620.6,751.1,789.9,781.8,667.1,443.9,246.7,79.,0.,H
212.2,189.,40.1,-306.6,-527.6,-726.6,-1010.3,-1073.5,-817.,-582.,-385.2,60.5,515.4,714.2,707.,717.6,658.,614.2,680.9,866.7,954.6,781.2,487.8,124.2,-236.1,-410.4,-439.5,-460.,-448.2,-492.4,-539.8,-514.8,-481.7,-427.4,-307.5,-233.8,-184.7,-102.9,-70.2,H
544.6,628.4,712.2,730.6,818.,926.6,1089.9,1213.6,1305.8,1594.8,1969.9,2260.3,2372.4,2552.6,2718.9,2734.7,2808.5,2852.6,2832.2,2813.4,2731.2,2411.7,2176.,1890.6,1290.3,735.,397.1,299.6,253.4,139.8,39.4,-69.6,-145.6,-197.7,-235.,-244.2,-240.4,-212.6,-212.6,H
-628.4,-579.6,-553.5,-653.7,-453.5,-175.8,110.,1058.4,2496.1,3646.7,4022.2,4286.4,4422.2,4046.1,3511.5,3224.6,3000.4,2579.6,2184.6,1790.4,1594.6,1239.3,521.6,-44.9,-370.7,-492.4,-442.3,-247.3,-75.2,-45.3,-42.6,-31.3,-35.2,-37.8,-68.3,-111.4,-198.4,-392.8,-500.2,H
-266.8,-309.7,-352.6,-341.4,-319.4,-285.4,-143.3,-24.4,215.,929.1,1717.7,2335.2,2638.8,2746.4,2755.1,2791.,2978.2,3030.6,3031.,3006.5,2795.5,2336.4,2063.4,1854.7,1396.5,1021.9,796.7,696.6,669.3,633.8,567.3,433.4,357.8,219.8,-55.7,-244.7,-279.5,-262.8,-262.8,H
-64.8,-50.7,-20.4,-4.2,18.9,-32.9,-145.5,-155.7,-128.2,31.6,519.2,1128.,1469.1,1529.2,1425.6,1124.2,759.6,590.1,587.4,554.4,616.1,688.6,639.5,612.6,549.4,387.5,253.3,146.2,74.6,95.,64.,36.8,117.4,173.8,125.5,9.8,-144.2,-324.1,-417.4,H
-169.,-169.,-251.2,-356.2,-422.6,-395.3,-324.4,-273.9,-170.,-55.8,45.9,86.8,153.7,240.4,294.7,374.5,419.8,408.6,271.9,14.9,-236.3,-356.,-380.,-308.,-140.9,-18.4,33.,47.3,59.7,115.8,217.4,261.,313.8,347.6,279.3,182.1,134.2,67.1,0.,H
-53.4,-70.4,-87.4,-61.2,-52.1,-72.1,-154.2,-233.4,-438.9,-729.3,-835.5,-675.9,-495.,-169.8,418.6,874.1,1047.8,1029.2,1003.2,918.9,816.1,849.9,928.2,940.4,947.6,836.1,672.1,614.6,600.6,591.3,672.,743.7,739.4,699.4,596.9,460.5,304.,221.4,221.4,H
-245.,-248.7,-328.5,-533.1,-548.3,-435.,-332.8,49.2,796.1,1576.3,1889.4,2199.7,2541.9,2429.,2025.3,1766.4,1508.9,1191.4,1091.7,1135.6,1219.2,1314.8,1468.,1415.3,959.3,613.6,194.,-683.9,-1434.8,-1782.6,-1837.8,-1809.7,-1661.5,-1422.6,-1193.4,-1083.,-986.2,-862.2,-835.,H
-160.6,-160.,60.7,280.8,528.,1055.5,1642.7,2079.,2208.4,2330.3,2539.5,2563.5,2506.8,2513.4,2462.3,2340.6,2272.3,2179.6,2325.8,2284.5,1854.,1486.8,1141.9,811.2,606.2,453.9,156.2,-167.3,-381.6,-508.,-620.3,-586.6,-467.3,-403.8,-322.8,-203.9,-120.2,-57.7,-41.,H
-149.8,-353.9,-741.5,-925.,-1010.8,-1263.1,-1496.4,-1601.7,-1640.2,-1586.8,-1360.,-1060.9,-764.7,-594.2,-456.8,-296.3,-87.1,261.3,423.6,627.6,1164.4,1801.2,2360.,2614.8,2770.6,2935.1,2703.7,2158.8,1854.,1500.9,859.5,491.8,341.3,270.2,294.5,318.2,320.6,352.5,381.4,H
-654.8,-595.7,-507.1,-392.3,-307.,-184.8,142.1,567.3,1063.,1338.2,1559.3,1990.1,2437.6,2809.,2942.6,3140.5,3346.6,3325.5,3163.6,3031.,2720.5,2073.1,1332.2,658.1,388.,275.7,166.4,244.3,360.1,401.,399.7,436.5,478.3,453.8,425.6,338.8,110.3,-166.3,-301.2,H
-624.2,-572.3,-428.4,-181.8,-27.2,348.,1343.4,2830.5,4755.7,5814.,6632.2,7896.1,8393.,8150.,7855.8,7456.8,6709.8,5960.5,5187.1,4815.,4480.9,3807.7,3191.8,2575.8,2236.6,1854.,1068.6,316.,-183.5,-333.2,-429.6,-567.2,-634.9,-764.1,-866.8,-937.6,-1030.3,-1027.,-1001.8,H
-21.8,6.5,77.7,183.1,245.6,292.6,368.6,448.4,507.4,515.6,511.8,346.3,298.4,852.6,1293.,1828.6,2976.6,3839.9,4052.3,4013.8,3851.2,3560.7,3322.1,2931.8,2652.2,2299.3,1518.1,702.8,90.6,-134.6,-240.3,-377.7,-413.7,-444.,-470.,-459.4,-420.9,-336.3,-279.6,H
-1031.6,-1139.9,-1370.5,-1410.5,-1228.7,-1029.5,-674.5,433.1,2680.6,5399.,7705.9,9283.9,9732.1,8817.7,7232.,5932.9,5046.7,4394.8,3984.8,3607.2,3051.2,2296.5,1394.9,404.7,-455.4,-953.7,-1061.4,-906.7,-687.8,-499.4,-499.9,-698.9,-950.2,-1190.1,-1375.6,-1485.9,-1355.2,-1030.3,-856.6,H
-1095.6,-1095.6,-1004.2,-847.,-716.3,-608.6,-565.8,-477.1,-261.4,17.2,471.4,774.,1306.4,2248.9,2999.1,3477.8,3616.4,3131.9,2130.9,1099.4,161.2,-262.,-293.4,-351.5,-369.7,-376.3,-391.4,-446.8,-429.,-297.2,-209.1,-179.6,-157.8,-137.,-296.8,-704.,-952.4,-1181.9,-1411.4,H
405.,325.7,302.,308.8,260.,465.6,735.9,649.,326.6,155.8,-276.7,-809.,-781.9,-388.2,-121.4,169.8,681.8,963.,1147.9,1272.4,1480.1,1686.4,1624.8,1468.1,1371.6,1120.4,722.6,476.3,266.3,156.,125.2,154.1,278.6,340.1,336.8,259.2,65.8,-135.5,-221.,H
-939.6,-906.7,-833.8,-741.6,-652.7,-616.,-549.5,-395.7,-121.,454.4,842.4,1195.5,1920.4,2466.,2636.3,2632.8,2638.4,2550.2,2398.,2276.8,2214.,2160.7,2007.3,1781.,1409.8,1164.8,861.9,411.3,150.1,5.2,-26.2,-28.9,-83.5,-166.9,-316.5,-434.6,-612.4,-969.7,-1149.2,H
362.2,280.9,199.6,258.7,566.8,1233.7,2234.2,2816.8,3328.,3980.,3952.4,3373.1,2962.2,2535.,1869.4,1634.9,1804.4,1970.,2161.7,2320.9,2020.7,1358.1,963.2,491.,-288.2,-725.4,-874.8,-894.,-888.,-860.6,-813.9,-764.9,-741.2,-712.4,-660.7,-588.9,-501.3,-462.6,-462.6,H
-795.2,-724.6,-610.9,-540.1,-507.2,-502.,-464.6,-431.6,-398.5,-218.1,-75.2,-11.9,220.9,470.2,575.1,600.2,721.2,895.8,1033.1,1147.8,1178.8,1055.6,821.3,680.7,607.1,563.,576.,557.5,313.1,-127.1,-354.4,-524.1,-779.1,-846.,-705.3,-688.6,-751.8,-678.1,-646.8,H
12.6,18.2,5.3,-13.2,-8.6,-1.3,0.9,-6.4,-13.2,0.4,5.5,-4.9,7.1,21.,10.3,-3.2,-1.4,-7.9,-19.,-12.4,-3.6,-2.9,-4.7,-5.,3.4,14.6,14.4,12.4,13.4,-3.9,-17.4,-7.9,-13.3,-24.4,-9.3,3.9,-0.2,12.5,27.4,H
-2.,-2.,1.6,4.,7.4,14.9,17.8,1.8,-10.4,-4.,-8.5,-15.6,-2.,8.6,7.9,11.4,7.,15.5,17.6,-6.9,-7.4,10.2,1.4,-3.6,6.,-10.4,-27.,-15.2,-7.5,-8.7,-1.2,5.6,3.7,-5.8,2.5,7.1,-4.2,-10.3,-14.2,H
-23.,-16.2,-1.7,2.5,15.7,32.4,30.9,4.6,-2.3,6.9,-1.8,-11.2,-5.2,-5.5,-11.3,-1.4,-0.1,6.7,11.9,3.1,-5.4,-2.6,6.4,-0.3,0.3,13.8,5.6,-18.2,-14.4,-4.3,-13.6,-13.7,3.7,15.5,7.7,5.6,13.9,10.3,-1.6,H
35.6,13.9,-7.8,-26.2,-21.7,-14.3,-14.8,0.2,11.4,9.6,-1.6,4.5,8.8,13.2,11.,21.9,28.,16.6,10.2,2.8,-6.9,-19.4,-23.2,-23.3,-19.1,-13.,-5.1,1.,-2.1,4.,0.7,-5.2,1.4,4.1,-2.9,-7.4,0.2,2.6,2.6,H
2.2,-6.6,-23.8,-32.2,-19.,-16.5,-17.6,13.9,35.8,14.1,-1.7,9.4,0.7,-13.2,2.2,12.7,1.5,1.9,8.6,5.6,2.9,3.8,9.8,15.2,-0.8,-16.7,-7.,-1.6,-5.8,-5.2,7.6,3.4,-13.9,-14.8,-18.7,-30.5,-19.1,6.,11.8,H
-0.4,3.6,-11.1,-29.8,-18.6,-2.4,7.6,6.5,0.4,6.1,8.9,-0.5,-2.8,1.4,-3.2,-14.9,-23.8,-15.2,-4.8,4.7,9.8,21.8,22.7,7.2,-8.2,1.4,10.7,-5.6,-6.2,12.3,13.1,0.6,17.8,29.8,12.3,-10.3,-10.,-15.9,-27.2,H
2.2,-4.8,-0.4,10.9,10.8,5.,16.7,25.6,17.9,18.8,1.1,-20.9,-14.7,-4.7,-5.2,12.8,20.4,1.1,-1.5,4.8,8.,-9.2,-20.4,-9.7,-8.2,-17.8,0.7,15.3,3.8,5.8,10.3,3.8,-4.,-10.,-19.2,-6.3,2.7,4.5,10.2,H
-7.8,-7.8,-3.8,-1.6,2.2,7.4,7.,-7.1,-10.9,-8.3,-10.6,-5.2,4.4,6.8,1.3,3.9,4.8,2.7,-3.8,5.,12.3,6.4,3.6,-1.3,-16.6,-19.9,-10.,-14.7,2.2,20.5,10.1,3.,6.9,-5.9,-5.2,-2.4,-17.,2.9,22.8,H
-219.2,-121.4,-23.6,254.4,954.8,1786.8,2546.1,2895.8,2983.,3022.1,2593.8,1784.2,1354.8,1044.3,464.,222.9,240.8,230.,108.4,-165.6,-434.,-555.,-560.,-476.,-327.,-204.4,-112.2,-77.6,-40.9,35.4,120.7,195.4,224.4,245.6,307.7,359.5,304.8,239.2,239.2,H
-305.2,-305.2,-298.7,-430.9,-697.3,-754.5,-684.,-713.6,-565.6,5.,620.6,843.2,1170.1,1796.7,2179.2,2267.9,2273.8,2439.8,2474.4,2426.8,2438.9,2367.2,2005.2,1516.8,988.2,394.9,203.8,161.,142.6,232.7,333.7,369.,310.6,136.,-119.1,-370.2,-482.4,-497.,-511.6,H
779.4,943.1,1378.5,1650.2,2070.6,2902.2,3662.8,4187.4,4362.6,4375.7,4300.1,3830.,2832.9,2217.2,1550.4,400.9,-292.7,-397.9,-292.2,-174.4,-39.6,-46.3,-111.7,-153.4,-154.1,-209.8,-387.1,-656.9,-804.4,-934.9,-1139.6,-1194.,-1143.2,-1112.2,-1065.6,-983.3,-934.3,-863.2,-805.4,H
-1096.6,-1205.1,-1178.2,-790.2,-537.6,-228.2,358.,708.4,665.2,548.4,453.,244.2,-6.2,-112.1,-81.,-19.3,-46.8,-189.2,-269.4,-296.4,-321.1,-207.7,33.9,192.5,247.6,297.3,378.8,361.,170.8,30.2,-173.1,-589.9,-915.,-1043.9,-1061.2,-1031.8,-954.8,-863.3,-819.4,H
-70.,-47.4,23.2,85.9,100.6,110.7,148.5,167.,96.3,34.8,-91.3,-490.,-930.2,-1127.3,-1156.8,-1168.7,-1035.4,-892.,-960.2,-1026.6,-970.3,-931.2,-820.3,-619.3,-546.4,-387.7,152.,669.7,924.9,1043.4,1023.1,764.3,481.8,463.4,489.,528.1,623.,673.4,668.,H
-138.6,-143.9,-149.2,-105.7,-61.1,5.6,129.8,188.4,237.,365.,519.7,585.2,575.4,421.9,14.6,-527.,-1056.9,-1299.,-1415.8,-1382.4,-1056.5,-780.8,-680.8,-355.3,91.4,337.6,674.3,886.,892.1,857.5,732.,544.7,442.2,310.2,139.4,58.3,5.4,-5.2,-5.2,H
105.6,140.6,175.6,221.2,315.7,381.2,416.9,436.,437.3,355.2,148.6,-95.2,-215.8,-320.3,-444.1,-389.9,-233.4,-150.4,-72.1,62.6,139.8,161.2,161.8,187.5,235.2,290.5,359.6,395.4,414.7,464.,455.1,323.3,230.4,79.3,-139.,-228.5,-210.8,-170.8,-170.8,M
-143.2,-143.2,-127.4,-68.7,17.4,98.5,136.4,156.3,196.5,244.,317.5,363.8,357.,306.7,218.1,168.4,163.8,227.6,405.2,645.5,862.,952.,1048.8,1198.4,1233.5,1144.1,1072.4,976.9,809.8,709.9,647.9,614.2,585.9,451.1,194.2,-73.6,-191.,-312.1,-433.2,M
-1027.6,-975.7,-866.3,-770.1,-731.4,-706.3,-637.6,-552.5,-423.5,-354.3,-311.6,-221.8,-166.2,-164.4,-171.1,-135.7,-139.4,-256.3,-545.1,-737.8,-955.6,-1325.3,-1495.7,-1410.1,-1306.,-1156.3,-874.4,-662.5,-476.5,-370.2,-262.7,-37.4,258.4,443.7,451.,462.7,477.3,432.5,384.8,M
110.6,13.8,-83.,-223.4,-528.8,-858.3,-1035.6,-1048.4,-1020.1,-955.5,-817.3,-685.3,-655.2,-517.7,-259.,-25.5,214.7,342.6,425.1,614.8,782.4,832.1,821.4,688.5,378.8,11.9,-264.4,-350.6,-344.2,-323.3,-285.8,-256.,-249.2,-254.6,-223.5,-156.3,-88.,-50.4,-50.4,M
72.2,113.3,219.5,322.8,361.,405.7,465.,400.2,165.7,10.6,-171.6,-625.,-1046.3,-1191.5,-1186.6,-1094.3,-740.3,-190.2,309.6,521.,705.4,1020.8,1200.4,1261.2,1273.4,1251.9,1174.9,993.5,735.5,603.4,422.4,98.9,-77.5,-107.3,-103.2,-53.6,23.3,67.9,85.2,M
116.4,134.9,106.6,-20.9,-101.6,-191.6,-344.3,-389.,-314.1,-257.2,-206.6,-154.5,-157.4,-218.5,-275.2,-232.6,-136.5,16.,232.6,350.2,381.2,472.6,517.8,409.7,316.8,214.6,108.1,113.4,209.3,295.6,378.5,432.2,358.7,302.8,291.2,288.1,277.3,240.4,211.2,M
415.2,469.4,523.6,575.1,674.8,796.4,935.6,1001.4,1009.9,914.,654.3,351.4,203.8,130.,89.1,178.2,259.3,284.2,299.2,338.3,415.8,542.4,615.6,662.5,745.2,782.,796.3,809.6,766.5,563.4,230.5,-112.9,-283.4,-403.4,-502.1,-408.1,-318.,-300.6,-300.6,M
-165.,-165.,-121.1,-53.7,-12.9,23.7,43.,37.2,50.7,119.,209.,250.,286.1,330.7,341.8,330.3,316.2,270.4,133.1,-71.3,-253.3,-322.4,-358.5,-354.2,-151.,161.3,310.8,421.6,586.5,616.8,555.7,518.4,513.6,516.9,540.4,576.2,596.6,569.5,542.4,M
-175.8,-175.8,-152.8,-72.6,20.4,74.8,93.4,91.6,51.2,3.6,-102.3,-199.2,-237.6,-367.3,-465.9,-440.7,-408.2,-324.2,-98.,98.1,190.4,250.6,287.1,344.3,419.1,451.4,532.6,673.3,729.,706.3,687.4,628.8,424.5,153.5,-43.6,-115.4,-172.6,-188.2,-146.6,M
-405.6,-351.3,-297.,-299.2,-371.1,-463.5,-669.7,-853.2,-1044.4,-1415.4,-1728.8,-1823.8,-1785.2,-1618.6,-1253.7,-946.3,-671.1,-505.,-439.7,-205.1,179.5,397.6,492.3,731.6,953.4,1141.1,1254.4,1333.7,1332.9,1067.6,581.7,281.,31.6,-311.7,-437.7,-500.6,-531.4,-519.4,-507.4,M
7.2,7.2,3.1,3.5,34.7,99.9,138.4,117.5,92.5,59.3,73.7,117.2,311.1,688.3,1048.4,1316.4,1407.6,1420.9,1383.8,1241.6,1034.5,919.2,808.7,615.5,496.9,476.9,492.8,432.1,261.2,8.,-316.4,-497.8,-598.4,-725.5,-721.9,-649.5,-607.2,-568.6,-530.,M
185.8,-16.9,-428.3,-779.,-878.5,-836.,-719.2,-529.2,-374.3,-251.,-209.4,-164.,6.2,206.,372.4,463.8,540.,662.6,689.8,602.4,534.2,366.5,7.1,-314.7,-515.5,-586.2,-542.5,-440.7,-308.1,-146.3,-59.,-16.7,98.5,234.2,324.1,351.2,398.1,483.8,522.6,M
130.8,26.3,-260.,-441.8,-615.1,-931.4,-1098.2,-1011.7,-901.4,-764.3,-450.8,-114.1,196.7,347.2,463.7,659.8,817.5,955.,1014.4,1072.6,1174.9,1248.9,1162.9,1047.,863.5,493.6,135.8,-56.7,-77.8,-65.7,-29.,11.5,38.8,50.2,79.9,144.9,250.7,349.3,377.4,M
221.,262.8,346.3,413.1,438.2,445.4,295.7,-90.8,-570.9,-821.4,-1022.5,-1218.6,-1086.2,-842.3,-725.8,-656.4,-544.5,-472.,-373.9,-315.7,-278.2,-220.4,-127.2,66.5,187.3,379.,633.6,529.6,110.9,-131.,-381.7,-755.1,-804.1,-599.4,-521.7,-508.3,-380.3,-304.,-289.,M
-43.4,-43.4,-44.,0.7,55.7,87.1,145.9,250.8,357.4,409.6,423.,323.8,-6.8,-329.3,-495.2,-570.,-456.8,-139.4,123.8,285.5,388.2,408.,472.8,583.7,702.9,756.2,820.2,938.5,980.6,848.7,729.,549.6,201.3,-88.1,-193.2,-177.8,-133.3,-59.2,-29.6,M
235.6,235.6,243.9,217.7,-6.6,-420.1,-643.8,-818.3,-1097.6,-1114.2,-950.,-874.,-809.2,-664.7,-530.7,-349.6,-222.8,-107.1,161.9,437.,647.7,736.6,883.3,1042.5,1233.2,1529.5,1647.6,1737.8,1968.3,2020.4,1773.,1613.8,1437.6,1068.1,735.,555.9,516.6,424.7,332.8,M
482.6,586.1,705.7,674.6,481.1,334.8,98.1,-335.1,-669.3,-770.3,-733.6,-598.4,-309.2,-47.9,142.4,225.4,261.9,318.3,403.,483.7,499.6,561.1,680.,802.,964.2,1061.8,1071.1,990.1,774.,526.5,404.8,346.5,332.7,412.2,458.2,469.2,501.3,461.5,389.6,M
-352.8,-331.6,-293.9,-263.,-224.2,-215.1,-193.1,-107.2,6.9,72.4,117.9,213.9,264.3,200.4,136.6,-7.4,-264.8,-432.7,-423.,-358.8,-212.5,-1.3,127.1,176.8,163.,194.4,327.4,495.3,632.,702.4,737.7,746.1,734.8,722.7,695.,591.8,344.4,54.,-92.2,M
-898.8,-864.4,-770.6,-648.7,-548.4,-484.1,-396.2,-293.7,-195.3,-66.4,49.7,134.6,171.7,73.9,-157.,-423.1,-643.6,-768.3,-705.9,-507.8,-288.,-100.8,27.7,175.3,473.2,857.6,1164.4,1386.5,1469.7,1370.8,1152.7,876.1,588.5,321.6,90.3,-40.5,-61.,-11.5,29.2,M
-874.6,-742.,-530.3,-409.9,-368.6,-470.7,-790.2,-1235.6,-1663.9,-1864.2,-1939.3,-1956.8,-1810.6,-1485.7,-1431.9,-1500.3,-1264.8,-1053.2,-963.,-817.9,-583.,-362.4,-129.2,-26.8,56.1,142.4,41.9,-182.4,-302.8,-487.3,-775.4,-929.6,-956.2,-932.2,-882.6,-773.2,-634.4,-476.8,-398.2,M
-1122.4,-1248.2,-1403.,-1396.9,-1369.6,-1377.4,-1421.1,-1539.5,-1649.9,-1588.6,-1491.6,-1354.8,-1041.1,-686.6,-378.8,-248.6,-215.4,-162.2,-132.5,-82.9,-43.,27.3,71.5,47.4,5.6,-38.2,-13.8,141.,360.2,550.6,652.2,721.4,838.6,926.3,841.1,828.6,915.6,756.1,622.,M
-1041.2,-972.4,-829.3,-755.,-726.6,-641.2,-524.8,-357.5,-249.6,-134.3,21.4,153.9,271.1,296.2,302.8,257.7,95.7,-140.5,-266.4,-355.7,-404.3,-222.5,72.8,227.,433.3,728.3,810.7,751.2,698.,562.7,342.2,199.3,114.4,87.2,104.,48.5,-213.4,-608.,-813.,M
313.6,358.1,402.6,447.6,548.,594.5,614.5,745.6,780.9,711.2,687.6,534.1,299.2,123.5,-88.9,-293.8,-304.5,-249.2,-150.2,31.,175.3,251.7,266.,300.5,343.,325.6,343.1,386.,367.8,391.7,490.9,558.1,568.2,595.,552.,339.1,65.2,-65.6,-65.6,M
704.,729.7,794.7,858.1,882.2,880.5,881.6,858.8,709.,584.8,457.5,200.9,12.3,-11.8,23.4,128.1,332.4,506.3,629.9,679.2,716.2,756.,728.6,689.5,680.6,672.,755.4,944.5,1142.1,1242.6,1241.5,1089.8,777.9,449.8,283.,185.8,73.1,72.7,87.8,M
-1140.6,-1133.3,-1096.5,-1067.,-1026.5,-1023.6,-906.5,-705.3,-434.2,87.1,595.7,807.6,996.6,1140.,939.5,610.3,489.,503.,494.3,497.2,469.8,440.2,373.1,267.6,221.4,243.2,263.7,302.9,354.9,380.,371.8,276.6,67.3,-139.7,-316.8,-401.,-378.7,-291.7,-227.,M
-591.2,-495.4,-343.4,-287.2,-262.8,-375.5,-776.3,-1319.9,-1599.8,-1837.1,-2160.4,-2054.2,-1679.6,-1497.2,-1276.2,-849.5,-572.8,-337.2,-172.6,-72.,107.2,302.4,477.3,535.6,541.9,515.7,291.9,-133.4,-367.4,-548.1,-799.,-840.3,-732.2,-653.,-588.7,-473.5,-362.1,-227.2,-152.8,M
-134.6,-274.1,-510.7,-607.8,-691.4,-778.3,-789.6,-840.4,-883.2,-896.9,-889.7,-790.5,-597.7,-483.2,-314.9,-71.5,119.2,215.9,197.,62.2,-171.5,-429.1,-586.8,-585.8,-531.1,-397.2,-148.,107.3,192.6,334.6,655.2,905.4,1013.,1049.,1029.2,967.,870.7,797.3,777.8,M
-387.2,-387.2,-289.4,-114.2,-0.8,71.3,107.4,82.3,-74.,-371.9,-671.7,-804.8,-869.,-862.1,-661.3,-438.8,-346.,-274.5,-123.,24.6,161.4,230.6,340.7,495.4,570.9,612.5,623.2,589.7,550.5,461.4,229.3,80.6,-79.7,-347.1,-477.4,-437.5,-374.4,-294.7,-215.,M
34.4,13.7,-7.,0.4,-2.8,-10.2,-4.,-1.,-11.3,-14.9,-12.,-13.,-10.2,1.3,10.4,8.1,6.,3.8,12.6,21.1,15.4,9.7,9.4,5.1,-6.4,-5.2,-1.3,-5.8,-6.5,-11.7,-17.5,-5.3,8.2,-8.1,-4.7,8.8,3.7,4.8,4.8,M
-8.2,-8.2,13.3,17.,-6.5,-0.5,11.2,5.8,8.2,20.,11.9,-0.2,-10.5,-11.2,-11.9,-10.9,0.4,-6.4,-8.8,-2.6,3.9,8.6,15.,13.5,12.1,7.4,-3.8,-0.1,-7.1,-9.2,-9.,-17.4,-8.6,6.5,4.9,4.,11.,6.5,2.,M
-6.4,1.3,7.3,-9.7,-25.,-12.2,1.6,0.9,0.,0.8,3.5,1.8,-5.4,-5.2,-2.2,-1.5,-8.5,-8.9,-1.5,-1.4,5.6,9.1,0.8,10.,24.,16.1,-2.6,3.5,14.1,7.8,-9.9,-16.4,-15.9,-24.,-21.4,1.4,18.4,11.5,10.4,M
-17.8,-10.,-2.2,-11.,-14.3,11.8,7.6,-17.2,-9.3,-8.4,-15.6,-8.,-0.2,9.8,16.6,2.3,-4.2,0.4,-9.2,-13.2,5.6,7.5,-3.8,2.6,6.,3.1,0.8,-1.6,3.6,8.,-1.,-1.6,6.,5.2,2.9,-1.4,-2.4,-0.6,-0.6,M
12.2,12.2,8.8,-0.4,-4.2,-6.8,-11.4,-4.6,5.2,7.6,-2.5,-12.,-1.1,8.5,-1.3,-0.4,9.,5.4,1.6,7.8,7.5,0.8,1.5,-15.6,-13.6,0.7,-4.8,-7.5,11.8,11.4,-11.5,-12.,-9.8,-10.9,-13.1,-2.2,7.6,-0.5,-8.6,M
3.6,0.2,-3.2,-9.,-6.2,4.6,-6.4,-19.6,-2.4,12.4,10.5,10.5,10.,9.5,-7.6,-24.9,-5.8,14.,6.,-2.8,-3.7,-11.7,-19.6,-18.7,1.6,17.,13.8,14.6,11.3,-2.8,-7.1,-6.2,-11.8,-16.9,-12.6,-5.6,1.6,11.2,11.2,M
36.,36.,67.9,122.8,184.,131.,39.8,-109.4,-440.5,-869.3,-1247.7,-1379.2,-1378.5,-1269.3,-965.8,-523.8,-276.8,-58.1,326.9,571.8,698.3,746.2,780.,866.7,1012.2,1135.4,1166.,1110.8,908.7,595.6,286.8,144.2,70.8,-4.1,10.4,39.,51.1,70.4,90.2,M
-310.2,-240.4,-118.,-13.8,37.8,69.6,176.8,323.1,518.1,642.2,702.5,731.9,633.,430.6,296.2,234.1,197.4,234.7,207.,167.4,65.5,-214.8,-475.4,-501.3,-445.,-311.3,-2.,255.5,346.9,356.4,330.2,310.4,330.,274.6,206.,82.4,-224.6,-523.1,-638.2,M
-178.,-202.,-211.3,-196.6,-145.9,-87.2,-49.,-6.9,5.,-3.,23.4,74.3,80.7,70.6,-8.5,-202.9,-412.3,-583.6,-660.8,-649.3,-598.5,-555.3,-510.6,-469.8,-447.,-391.5,-307.5,-193.8,-131.4,-87.6,-12.5,47.6,70.1,63.8,22.1,-127.4,-301.4,-373.,-378.4,M
213.4,261.7,328.5,348.6,318.9,347.8,411.,420.7,446.2,536.9,548.6,497.1,488.3,447.6,352.5,306.8,311.7,285.8,286.,290.8,312.1,324.3,315.1,334.3,353.6,333.6,328.,373.5,434.9,465.2,537.8,638.,644.1,537.2,451.8,365.5,222.1,114.7,64.4,M
-6.4,1.3,7.3,-9.7,-25.,-12.2,1.6,0.9,0.,0.8,3.5,1.8,-5.4,-5.2,-2.2,-1.5,-8.5,-8.9,-1.5,-1.4,5.6,9.1,0.8,10.,24.,16.1,-2.6,3.5,14.1,7.8,-9.9,-16.4,-15.9,-24.,-21.4,1.4,18.4,11.5,10.4,M
104.,118.8,133.6,97.1,-35.2,-289.9,-568.9,-689.,-734.1,-743.9,-640.9,-509.1,-445.,-381.5,-243.3,-90.6,105.5,223.6,339.4,486.9,485.2,382.,312.2,179.2,-93.6,-335.8,-521.5,-604.8,-646.1,-597.,-432.9,-319.,-278.8,-202.2,-122.1,-95.3,-36.,0.,0.,S
66.4,101.,151.,204.7,243.,262.5,301.,352.7,374.9,364.4,360.,307.9,174.1,14.5,-59.,-108.1,-156.6,-128.4,-90.4,-77.2,-59.8,-56.2,-32.7,48.8,93.,107.8,165.1,204.6,210.5,216.6,247.2,293.4,285.4,210.3,158.8,70.5,-68.6,-119.7,-120.,S
0.,0.,4.,23.2,95.7,222.1,237.7,100.2,-69.7,-267.8,-455.9,-504.3,-410.8,-218.7,61.6,380.4,803.8,1306.8,1683.3,1905.7,1998.4,1894.7,1643.4,1349.,1034.9,729.3,497.3,363.1,326.2,364.6,394.9,408.1,381.1,294.5,193.1,118.6,50.5,0.,0.,S
0.,34.2,129.7,234.1,326.3,426.7,479.4,484.1,490.7,427.6,259.6,86.1,-83.5,-227.3,-267.1,-189.9,-82.9,17.7,124.6,216.,293.3,366.2,446.2,493.9,515.4,527.1,464.3,291.6,101.5,-71.2,-239.9,-303.,-278.8,-242.5,-172.,-101.9,-69.3,-32.,0.,S
360.6,360.6,416.1,383.,150.2,-121.8,-249.6,-327.,-379.,-251.7,-80.6,-11.4,32.1,90.1,71.6,51.5,64.4,55.6,75.9,189.9,297.,319.2,377.9,430.,294.6,73.,-19.8,-54.6,-52.6,106.1,303.2,378.4,374.9,345.5,299.,321.2,364.,330.8,297.6,S
-195.2,-275.5,-355.8,-415.9,-511.3,-465.7,-300.,-215.2,-152.5,-46.2,33.6,76.6,83.4,68.1,-66.2,-399.3,-785.9,-958.4,-1096.4,-1216.7,-1031.8,-690.,-515.4,-343.3,-38.,193.9,310.9,329.2,385.3,487.1,542.4,604.6,657.2,687.5,631.9,465.1,299.9,215.6,215.6,S
-261.,-350.5,-516.8,-671.6,-674.4,-599.2,-560.5,-468.1,-386.5,-373.2,-387.8,-385.3,-335.8,-169.2,40.2,130.,122.1,12.,-226.6,-429.4,-495.8,-489.,-456.2,-406.4,-349.3,-316.,-268.7,-178.3,-70.4,18.1,41.8,52.,106.7,117.4,73.1,62.6,54.5,11.1,-24.2,S
-27.4,-53.3,-79.2,-86.8,-85.5,-77.,-48.3,-19.2,5.,-14.3,-57.6,-60.7,-64.,-86.4,-58.8,19.3,134.2,221.,313.8,441.3,461.9,352.3,256.8,155.4,10.8,-27.7,-3.8,15.4,49.3,82.7,87.4,119.4,146.2,126.7,100.8,84.4,37.2,0.,0.,S
-887.,-999.,-1111.,-1081.5,-968.6,-864.2,-984.2,-1125.2,-1000.8,-803.3,-538.4,19.4,385.4,486.4,741.8,941.2,985.5,984.8,980.3,905.2,817.,724.6,649.8,556.3,373.,272.4,398.,534.4,655.9,878.5,932.3,753.1,621.2,521.,362.8,294.9,197.2,109.4,109.4,S
15.8,15.8,66.7,161.6,262.5,384.4,449.4,459.4,488.8,536.3,527.,489.6,399.8,190.8,-48.7,-228.8,-288.6,-256.6,-163.6,-71.3,0.,40.,70.9,117.1,207.,314.9,348.2,388.3,484.,539.2,542.2,545.6,436.,164.5,-71.1,-193.7,-242.6,-207.1,-171.6,S
304.8,333.1,398.6,472.,548.2,588.2,603.6,543.,314.8,-26.7,-216.,-355.6,-564.,-580.4,-378.4,-228.8,-144.5,59.5,232.,337.9,391.,462.6,575.6,714.,836.8,862.6,866.2,900.9,865.4,683.6,568.4,447.8,210.3,39.,16.9,49.2,112.9,193.5,210.4,S
0.,0.,27.3,54.6,88.1,155.7,234.6,265.,250.6,90.5,-247.1,-601.6,-791.5,-909.3,-947.2,-765.8,-564.9,-478.4,-416.8,-312.4,-211.2,-65.8,21.2,100.8,255.,358.2,431.6,476.4,495.9,478.1,291.,55.1,-31.,-86.8,-163.1,-91.8,0.,0.,0.,S
578.2,421.4,89.4,-232.9,-383.1,-386.2,-201.9,197.3,630.7,988.7,1128.2,1131.4,1093.7,977.,825.8,750.4,675.2,562.5,515.8,495.6,484.6,466.7,343.2,109.,-159.,-298.4,-380.1,-437.,-363.1,-250.6,-187.2,-163.8,-124.6,-88.,-32.2,2.8,67.7,192.2,251.8,S
-166.4,-187.5,-185.9,-95.9,-28.6,16.5,118.8,221.2,294.2,322.,351.5,308.4,68.8,-285.3,-472.4,-624.,-805.6,-747.1,-568.1,-477.6,-430.3,-334.6,-279.6,-226.9,-180.8,-118.9,-25.,40.7,78.,81.6,118.6,155.1,116.2,63.4,-99.5,-473.1,-861.9,-998.7,-971.8,S
247.6,296.,344.4,382.4,428.,369.6,126.6,-50.4,-260.,-639.7,-909.1,-1024.8,-1041.2,-1023.7,-947.6,-835.2,-671.2,-561.,-342.7,3.1,302.9,650.1,825.,848.,934.5,959.2,738.8,557.2,377.7,22.2,-257.,-334.1,-308.,-257.6,-149.8,-57.9,-8.,7.4,7.4,S
0.,16.9,67.7,185.6,269.6,356.2,525.5,665.5,738.1,753.4,721.6,549.,262.6,-0.7,-118.4,-114.9,133.9,732.6,1410.,1734.,1898.7,2126.2,2134.6,2013.5,1946.8,1884.4,1672.,1386.2,1115.,979.6,928.3,853.3,700.5,467.9,364.4,255.1,52.6,-20.3,0.,S
0.,0.,-103.3,-280.6,-407.3,-502.,-544.,-486.1,-376.5,-279.5,-188.8,-143.4,-127.5,-88.9,-83.7,-97.3,-93.4,-33.5,26.6,29.9,-25.2,-83.4,-236.3,-382.1,-327.1,-157.6,-36.,157.,394.,483.,524.6,521.2,450.7,328.5,205.7,67.3,0.,0.,0.,S
372.4,310.4,102.3,-255.9,-600.1,-732.2,-741.8,-701.8,-600.3,-435.9,-323.4,-208.,51.,354.5,677.7,841.,951.7,1111.7,1189.8,1032.2,967.5,1047.9,932.5,674.5,403.9,195.5,-128.4,-470.6,-605.3,-564.6,-529.2,-481.4,-417.2,-376.7,-301.,-249.4,-198.6,-90.2,-32.6,S
-604.,-690.1,-734.1,-692.,-646.6,-563.,-521.9,-588.9,-658.8,-601.8,-429.7,-188.6,52.9,168.4,164.8,151.1,223.3,468.6,631.6,818.2,1216.,1517.5,1586.1,1564.4,1509.4,1319.8,1068.9,925.9,899.2,855.3,769.4,717.,608.5,582.7,585.6,347.4,-24.3,-227.2,-227.2,S
-387.6,-438.4,-508.1,-527.,-449.6,-311.9,-219.4,-217.2,-247.2,-249.8,-186.4,-129.2,27.2,192.4,375.7,739.8,1108.2,1179.5,1142.2,1281.1,1364.8,1425.6,1462.6,1518.9,1476.9,1270.8,1061.8,960.6,916.9,823.4,710.4,604.1,561.,383.7,141.2,5.2,-118.5,-171.4,-171.4,S
0.,0.,23.3,74.1,86.7,71.8,-33.9,-327.5,-722.1,-1078.9,-1229.,-1237.5,-1246.7,-1168.9,-1052.2,-1014.,-1001.2,-814.6,-486.9,-135.5,62.,239.,463.5,520.,532.5,536.,533.,499.,314.4,-22.,-204.8,-277.4,-375.,-308.6,-108.6,0.,0.,0.,0.,S
-12.8,23.4,106.7,224.8,358.7,421.6,469.9,545.,612.9,643.8,633.6,527.4,250.8,-146.8,-519.4,-664.8,-688.1,-603.9,-328.5,-67.7,25.2,112.,265.4,411.1,574.9,659.6,715.6,812.7,843.4,841.2,849.4,854.8,867.8,865.4,769.3,683.2,580.,350.5,224.2,S
133.8,133.8,186.4,213.2,43.6,-273.5,-446.8,-588.7,-782.8,-742.4,-532.9,-416.,-352.1,-245.,-55.3,302.8,514.4,596.5,753.8,814.3,716.,632.4,704.5,830.6,800.8,574.6,432.2,281.5,12.2,-123.1,-72.4,-5.,27.3,83.8,94.4,50.8,20.8,10.4,0.,S
101.,199.3,341.2,422.5,460.2,487.4,521.2,460.7,268.1,142.6,-8.3,-285.,-412.6,-364.1,-313.8,-259.6,-153.2,-61.,53.9,128.8,224.1,446.8,654.5,814.8,894.8,933.2,950.5,848.5,617.6,467.6,309.3,34.,-95.9,-44.8,19.2,109.3,230.4,282.8,304.2,S
-44.8,-44.8,-177.7,-501.8,-885.7,-1185.8,-1293.2,-1279.5,-1238.5,-1174.7,-1137.3,-1136.4,-1183.6,-1153.,-987.9,-756.8,-613.,-428.8,-180.2,-14.5,115.6,144.4,33.4,-225.6,-572.9,-933.1,-1094.,-1122.6,-1101.,-980.5,-879.5,-848.8,-812.1,-728.,-618.8,-453.4,-349.8,-264.7,-179.6,S
351.8,351.8,317.5,145.,-75.,-161.8,-166.8,-136.1,-63.9,-18.5,-22.6,-30.6,-79.6,-159.6,-165.2,-103.6,-67.4,45.,252.5,412.8,428.7,379.4,297.7,176.6,62.6,12.7,37.4,87.5,138.6,160.7,184.1,186.4,214.1,257.7,307.9,327.7,313.2,257.3,201.4,S
17.2,19.6,22.,10.2,-0.6,-1.7,-10.,-16.2,-0.9,7.2,-12.6,-16.,-6.8,-10.3,-12.9,3.4,17.7,16.6,23.9,17.,7.2,8.7,5.8,-19.4,-14.7,5.3,-1.1,2.4,4.8,0.6,-5.9,-2.4,1.,2.4,-0.6,-0.1,-3.5,-11.8,-11.8,S
30.,32.1,39.1,36.2,8.7,-11.,-1.,3.7,-16.1,-13.5,3.6,3.5,-2.2,1.4,3.5,-3.6,-9.3,-13.4,-14.7,-4.8,8.,11.2,10.9,6.5,5.9,6.2,0.9,6.5,17.6,6.5,-4.8,-6.8,-11.5,-10.5,5.1,17.,14.8,12.3,12.,S
-36.2,-36.2,-22.9,-24.,-24.6,3.7,18.2,-3.3,-1.8,17.8,5.4,-3.6,5.7,11.9,-1.,-4.,2.8,7.,2.5,2.3,20.9,31.,17.2,-4.5,-4.9,-11.1,-24.8,-15.4,5.3,-1.5,-16.4,-13.2,-3.8,-2.9,0.8,8.5,4.,-6.3,-16.6,S
4.4,-5.5,-15.4,3.1,21.6,6.8,0.9,12.3,3.8,-7.2,-10.7,-8.3,-2.4,-1.7,-1.,25.9,29.1,-4.6,-18.1,-21.6,-28.8,-19.5,-1.5,6.6,13.2,9.9,-10.,-6.1,6.9,-0.6,8.8,20.3,15.1,7.8,7.8,-1.,-2.4,1.5,-2.,S
-12.,5.3,5.5,-17.8,-4.7,14.6,-4.5,-8.5,17.3,22.7,17.4,25.2,20.6,4.2,-13.9,-28.,-30.9,-11.8,-3.1,-11.,-5.6,-5.8,-14.5,-14.1,15.1,35.4,31.,27.2,28.9,12.6,-4.8,-14.7,-24.7,-26.1,-31.7,-36.,-10.3,11.3,7.2,S
7.4,7.3,-5.,-12.6,-2.,-3.7,-17.7,-7.4,9.2,2.5,0.7,11.3,1.8,-13.4,-10.,-3.6,-9.2,-14.2,-10.6,7.6,-0.3,-12.3,9.,19.2,-0.3,-1.4,3.4,-13.2,-2.2,12.4,3.5,2.2,13.4,-11.3,-14.3,14.2,21.6,22.2,22.2,S
-138.8,-138.8,-134.5,-46.8,36.6,91.,179.1,248.6,304.2,324.,299.1,84.2,-375.9,-854.1,-1062.2,-1246.7,-1365.9,-1115.4,-803.4,-676.6,-401.,37.6,300.2,513.3,626.8,572.5,514.2,503.3,479.9,463.4,506.2,550.2,537.4,394.7,266.,178.,20.8,-82.3,-116.2,S
188.,258.8,393.7,508.7,591.7,623.8,568.,316.9,-137.9,-613.9,-830.4,-886.7,-821.3,-517.4,-186.7,-38.2,43.4,180.1,292.2,425.3,501.4,560.3,677.5,768.1,798.,795.6,796.5,708.2,444.2,105.9,-57.6,-232.2,-477.1,-507.1,-394.5,-322.2,-247.7,-117.6,-62.,S
208.,224.6,153.7,-118.,-302.2,-486.9,-806.9,-1006.6,-1060.6,-1050.2,-1030.8,-1026.8,-966.6,-777.1,-663.2,-532.3,-214.2,112.5,390.4,528.8,619.8,758.8,694.1,345.4,109.4,-146.6,-636.1,-985.2,-1086.6,-1072.4,-1020.4,-941.1,-864.4,-791.6,-768.2,-704.5,-573.7,-451.7,-396.8,S
0.,0.,-23.1,-46.2,-60.2,-81.8,-97.,-72.7,-40.8,-6.5,39.2,62.4,109.2,144.2,182.3,254.8,331.8,308.1,241.8,102.9,-181.3,-447.,-572.6,-577.8,-426.3,-127.5,133.9,299.9,351.8,285.9,180.7,100.9,36.2,12.,6.9,0.9,0.,0.,0.,S
0.,33.1,109.1,188.3,224.6,259.4,239.7,120.1,0.7,-53.6,-96.8,-115.6,-107.3,-130.6,-137.8,-161.3,-196.8,-204.6,-192.6,-184.8,-140.9,-54.6,21.7,90.1,124.6,177.8,272.2,371.3,417.4,405.6,343.7,193.8,57.9,4.7,-0.6,-3.9,6.2,9.8,0.,S
-55.8,-65.9,-83.1,-59.2,-28.2,-0.4,56.6,99.,141.3,170.4,160.6,129.2,84.9,20.6,-21.,-77.1,-167.3,-197.1,-203.6,-214.4,-187.2,-100.8,1.9,88.7,132.,177.9,214.,212.3,198.7,177.,192.2,232.8,247.7,275.4,313.6,267.,182.2,115.2,86.4,S
68.,68.,5.7,-115.3,-269.5,-401.3,-437.6,-423.6,-384.9,-333.8,-287.6,-267.8,-225.2,-167.5,-153.9,-120.4,-85.4,-70.4,-33.,13.8,67.9,97.6,139.3,221.9,223.6,84.8,-14.8,-106.8,-302.,-393.2,-347.5,-313.8,-302.7,-247.4,-171.,-113.9,-89.,-59.1,-29.2,S
