5393.5,37.1,2350.8,1734.79,3009512.61,5356.4,-197.1,-1417.4,-1201.2,364.13,132591.76,1220.3,H
1802.8,20.9,613.8,665.21,442508.97,1781.9,-8.3,-429.3,-254.65,135.76,18431.41,421.,H
1979.,32.6,585.,672.75,452590.95,1946.4,-5.2,-601.,-360.3,173.21,30001.87,595.8,H
3333.7,33.3,1144.2,1269.86,1612551.31,3300.4,-18.5,-1770.1,-351.1,601.6,361918.62,1751.6,H
842.4,9.4,262.,264.58,70004.5,833.,-6.8,-599.8,-299.9,192.28,36973.21,593.,H
680.2,51.2,408.8,203.12,41258.35,629.,-6.4,-356.7,-182.8,112.85,12734.57,350.3,H
2611.7,24.3,1235.2,942.51,888332.02,2587.4,-21.7,-563.7,-155.7,163.4,26699.21,542.,H
1537.2,6.4,205.4,489.99,240094.91,1530.8,-10.3,-422.2,-369.2,155.17,24077.1,411.9,H
402.5,47.6,214.6,108.2,11706.44,354.9,-64.9,-1370.6,-333.3,427.9,183094.31,1305.7,H
3201.8,1.2,500.3,1064.73,1133643.26,3200.6,-23.5,-369.4,-112.8,116.13,13485.84,345.9,H
997.2,53.3,490.7,294.09,86488.1,943.9,-37.,-834.2,-389.45,260.03,67613.11,797.2,H
2001.2,1.9,1458.,717.9,515383.86,1999.3,-79.2,-520.,-316.75,152.73,23327.,440.8,H
868.3,12.3,202.9,294.16,86530.4,856.,-1.1,-242.,-127.45,71.59,5125.79,240.9,H
378.7,8.7,237.3,152.44,23239.1,370.,-79.5,-1316.3,-724.9,361.84,130925.32,1236.8,H
693.2,39.5,325.6,187.56,35178.21,653.7,-1.3,-813.3,-252.25,306.04,93657.44,812.,H
2571.3,11.,440.85,891.78,795265.93,2560.3,-94.2,-1053.2,-755.6,321.64,103450.31,959.,H
7451.3,99.2,3957.3,2599.79,6758927.83,7352.1,-43.8,-2844.1,-979.4,1015.81,1031863.8,2800.3,H
462.8,36.,154.1,122.98,15125.24,426.8,-6.7,-16.6,-11.65,4.95,24.5,9.9,H
1343.2,107.8,879.05,407.18,165792.29,1235.4,-47.,-1585.4,-417.15,448.71,201340.46,1538.4,H
468.2,3.8,159.45,150.6,22681.15,464.4,-40.5,-134.1,-107.9,32.29,1042.33,93.6,H
1710.4,20.6,969.7,580.72,337230.7,1689.8,-42.1,-1246.7,-750.55,437.38,191297.51,1204.6,H
2508.2,207.1,1071.8,840.8,706951.95,2301.1,-57.9,-426.9,-208.6,107.05,11459.77,369.,H
2585.2,0.4,631.6,867.26,752133.53,2584.8,0.,0.,0.,0.,0.,0.,H
924.5,13.2,274.4,245.15,60100.89,911.3,-25.3,-860.,-398.75,222.78,49631.21,834.7,H
887.2,18.,369.8,263.89,69640.52,869.2,-1.1,-388.3,-222.75,124.04,15385.97,387.2,H
3758.,7.7,469.7,1264.19,1598183.55,3750.3,-2.9,-1308.6,-451.45,369.61,136608.04,1305.7,H
456.8,10.,118.,137.2,18823.19,446.8,-2.1,-1117.4,-618.55,364.6,132934.11,1115.3,H
1222.6,7.4,409.2,337.17,113686.9,1215.2,-59.7,-194.,-85.8,49.45,2445.16,134.3,H
1371.,50.7,539.3,384.17,147584.46,1320.3,-271.5,-675.6,-597.5,158.91,25253.07,404.1,H
4429.2,12.5,871.2,1572.38,2472388.55,4416.7,-211.1,-1054.2,-779.3,297.22,88342.46,843.1,H
0.,0.,0.,0.,0.,0.,-143.2,-2276.6,-1310.8,536.18,287488.34,2133.4,H
536.3,23.3,307.6,153.14,23450.5,513.,-120.5,-879.4,-410.2,205.67,42298.19,758.9,H
5310.5,16.4,655.6,1893.93,3586985.74,5294.1,-19.4,-2155.2,-577.05,747.98,559478.61,2135.8,H
1179.5,36.9,336.4,357.74,127980.6,1142.6,-55.6,-716.6,-474.5,169.23,28638.61,661.,H
860.,175.2,569.8,217.09,47128.44,684.8,-43.4,-1865.6,-1455.6,630.03,396937.19,1822.2,H
239.,40.4,136.6,61.61,3795.71,198.6,-18.,-889.4,-467.2,250.93,62966.78,871.4,H
2495.6,51.1,884.8,922.47,850950.79,2444.5,-44.2,-1686.2,-674.75,438.59,192365.44,1642.,H
3518.9,16.7,1768.1,1186.76,1408387.55,3502.2,-16.,-449.4,-275.55,125.08,15645.82,433.4,H
8317.5,377.,4622.,2465.01,6076256.67,7940.5,-43.1,-1812.1,-1067.8,559.93,313521.92,1769.,H
4892.8,66.1,1806.9,1498.33,2245006.75,4826.7,-117.,-760.8,-451.15,205.93,42407.91,643.8,H
0.,0.,0.,0.,0.,0.,-116.8,-1691.4,-969.3,385.92,148936.36,1574.6,H
9550.9,1.7,4653.7,3598.2,12947029.34,9549.2,-174.3,-3135.7,-825.2,992.25,984561.04,2961.4,H
847.4,10.,435.4,217.62,47360.1,837.4,-4.2,-35.2,-19.7,15.5,240.25,31.,S
639.9,46.4,402.6,194.39,37789.21,593.5,-8.5,-334.7,-225.2,86.71,7518.81,326.2,S
3.,1.5,2.25,0.75,0.56,1.5,-9.2,-1376.8,-234.4,436.48,190511.97,1367.6,S
451.6,9.2,219.6,171.24,29323.25,442.4,-9.2,-720.9,-131.85,250.31,62655.91,711.7,S
1074.8,20.3,417.7,380.64,144886.78,1054.5,-18.8,-416.7,-240.5,124.33,15458.11,397.9,S
0.,0.,0.,0.,0.,0.,-62.5,-756.2,-259.6,217.59,47345.19,693.7,S
411.4,121.4,287.2,104.35,10889.38,290.,-14.8,-734.4,-222.8,215.7,46525.81,719.6,S
579.4,26.2,357.35,171.22,29317.16,553.2,-11.3,-391.8,-199.2,117.51,13807.95,380.5,S
675.9,0.3,256.55,218.75,47851.27,675.6,-3.7,-291.1,-111.05,108.71,11818.88,287.4,S
2569.3,203.4,1584.95,805.59,648982.14,2365.9,-7.6,-694.8,-420.95,260.19,67697.67,687.2,S
482.,14.5,271.2,163.54,26745.17,467.5,0.,0.,0.,0.,0.,0.,S
355.3,6.,175.3,111.88,12516.63,349.3,-29.,-529.3,-285.9,157.52,24812.88,500.3,S
186.9,50.4,71.6,59.98,3597.31,136.5,-28.2,-2250.2,-823.7,756.88,572869.14,2222.,S
647.1,23.7,429.85,223.19,49815.67,623.4,-10.9,-55.,-21.7,16.71,279.27,44.1,S
1155.4,1.9,257.7,431.47,186169.05,1153.5,-29.6,-944.6,-128.9,316.89,100421.71,915.,S
568.8,20.7,352.,129.5,16771.07,548.1,-1.6,-468.6,-283.8,187.98,35335.15,467.,S
240.5,0.9,155.9,95.,9025.91,239.6,-13.3,-1146.7,-402.,317.9,101062.9,1133.4,S
990.2,151.9,842.8,291.63,85046.08,838.3,-3.8,-690.1,-117.5,220.42,48585.57,686.3,S
415.3,52.4,323.65,125.91,15852.26,362.9,-100.5,-371.8,-288.05,108.84,11846.75,271.3,S
1867.5,10.5,614.7,623.,388135.21,1857.,-43.1,-271.4,-205.25,84.66,7167.37,228.3,S
698.4,23.9,264.85,178.02,31690.14,674.5,-38.1,-800.8,-516.75,269.4,72577.69,762.7,S
202.6,6.9,131.,63.06,3976.25,195.7,-25.3,-602.6,-359.7,196.96,38793.61,577.3,S
277.9,2.,67.6,87.85,7717.32,275.9,-16.4,-315.9,-212.2,94.74,8976.56,299.5,S
232.5,8.2,88.9,71.15,5062.24,224.3,-147.1,-605.1,-309.9,149.37,22310.38,458.,S
250.8,6.6,71.5,78.67,6188.25,244.2,-0.6,-687.8,-289.8,196.58,38645.34,687.2,S
486.2,21.9,288.1,162.62,26444.82,464.3,-3.8,-367.8,-192.65,106.6,11362.89,364.,S
16.9,11.8,15.7,2.18,4.74,5.1,-13.9,-534.2,-254.45,164.83,27169.31,520.3,S
205.2,0.6,112.55,61.36,3765.58,204.6,-49.2,-1260.8,-757.9,399.22,159374.14,1211.6,S
921.,82.3,680.6,312.3,97532.55,838.7,-28.6,-990.9,-340.7,266.84,71202.96,962.3,S
128.3,26.,73.25,37.4,1398.43,102.3,-6.6,-640.4,-295.3,201.68,40672.88,633.8,S
0.,0.,0.,0.,0.,0.,-95.5,-992.4,-753.55,270.89,73381.95,896.9,S
1494.8,25.6,284.55,470.35,221231.88,1469.2,-32.4,-32.4,-32.4,0.,0.,0.,S
810.6,75.8,327.5,240.45,57816.7,734.8,-50.9,-328.4,-188.,83.16,6915.6,277.5,S
457.4,15.2,179.45,132.88,17656.08,442.2,-28.,-539.8,-292.4,137.58,18929.44,511.8,S
972.4,7.9,492.,323.03,104348.15,964.5,-0.7,-0.7,-0.7,0.,0.,0.,S
0.,0.,0.,0.,0.,0.,-120.2,-1570.,-944.55,465.45,216643.09,1449.8,S
171.,32.6,114.85,51.63,2665.82,138.4,-10.1,-702.,-215.8,205.14,42080.71,691.9,S
387.4,19.1,268.2,137.9,19016.59,368.3,-10.4,-782.9,-137.3,271.23,73566.69,772.5,S
748.5,10.8,356.7,205.76,42335.64,737.7,-2.4,-805.8,-429.05,217.87,47468.37,803.4,S
517.3,43.9,271.4,137.55,18920.97,473.4,-140.9,-906.6,-699.8,225.84,51004.09,765.7,S
0.,0.,0.,0.,0.,0.,-88.5,-2236.4,-1285.6,572.21,327422.52,2147.9,S
1381.3,11.2,405.4,485.18,235402.49,1370.1,-66.2,-588.4,-350.9,174.27,30369.35,522.2,S
