2124.8,189.4,1703.25,707.48,500523.42,1935.4,-150.6,-1509.,-713.8,424.41,180127.9,1358.4,H
1390.,1.6,725.4,443.21,196438.29,1388.4,-3.6,-3352.7,-451.2,1212.5,1470158.7,3349.1,H
1350.6,71.9,403.9,426.7,182071.97,1278.7,-4.6,-392.1,-217.9,140.25,19669.88,387.5,H
1118.9,88.6,416.1,400.12,160097.88,1030.3,-75.,-892.8,-525.4,270.23,73021.9,817.8,H
3047.6,103.3,1280.05,803.08,644941.45,2944.3,-80.5,-655.4,-542.6,199.01,39603.97,574.9,H
3.08e+04,8.55e+01,1.85e+03,1.05e+04,1.10e+08,3.07e+04,-1.00e+02,-1.61e+04,-5.95e+03,6.25e+03,3.90e+07,1.60e+04,H
1477.5,144.7,1044.2,380.92,145098.4,1332.8,-209.5,-3126.8,-523.8,896.13,803043.2,2917.3,H
2285.2,71.2,426.35,774.16,599326.06,2214.,-72.6,-1192.5,-666.2,393.06,154496.38,1119.9,H
1691.,33.2,690.8,524.63,275232.06,1657.8,-117.3,-298.8,-208.05,90.75,8235.56,181.5,H
1638.,29.5,701.4,481.1,231456.53,1608.5,-46.4,-1016.5,-395.95,281.74,79376.45,970.1,H
2926.1,0.2,2098.15,948.3,899278.04,2925.9,-41.5,-802.6,-557.7,206.86,42790.74,761.1,H
1411.,191.1,1122.8,319.03,101779.47,1219.9,-143.2,-2003.,-506.5,516.47,266744.61,1859.8,H
1328.8,55.5,369.5,337.85,114140.18,1273.3,-104.5,-1074.8,-499.1,261.22,68238.03,970.3,H
3020.5,42.8,1506.3,856.87,734232.78,2977.7,-342.4,-1958.9,-449.35,539.58,291145.1,1616.5,H
507.7,14.3,304.9,173.77,30197.2,493.4,-66.6,-1394.2,-729.8,421.28,177474.25,1327.6,H
760.5,69.,356.95,237.89,56591.83,691.5,-9.5,-1399.4,-451.,396.35,157090.95,1389.9,H
1691.,104.2,1401.1,424.92,180560.64,1586.8,-530.9,-1549.3,-929.9,321.22,103179.59,1018.4,H
2909.8,472.2,1673.6,915.07,837349.84,2437.6,-69.9,-951.4,-297.,242.94,59017.55,881.5,H
3414.8,34.6,904.4,1158.88,1343005.55,3380.2,-25.2,-1188.6,-467.6,378.61,143345.66,1163.4,H
1630.8,4.3,284.8,332.2,110359.7,1626.5,-14.7,-2178.7,-538.8,775.82,601892.75,2164.,H
938.6,38.8,813.9,271.33,73622.13,899.8,-62.1,-666.8,-355.6,220.31,48534.53,604.7,H
1577.5,45.,771.85,402.33,161872.4,1532.5,-65.2,-941.4,-303.9,320.05,102434.67,876.2,H
1497.4,125.8,1255.7,423.97,179751.95,1371.6,-73.1,-1590.7,-976.9,397.6,158089.31,1517.6,H
719.1,20.4,535.45,231.94,53797.63,698.7,-32.8,-1555.2,-409.2,532.28,283321.35,1522.4,H
1143.9,97.6,508.75,315.75,99700.22,1046.3,-97.,-1944.,-1313.9,501.54,251537.6,1847.,H
2799.9,158.2,724.85,883.23,780092.62,2641.7,-11.9,-754.9,-521.4,179.71,32295.62,743.,H
1659.6,7.5,429.3,525.44,276089.22,1652.1,-16.8,-792.8,-343.2,255.69,65378.58,776.,H
2268.4,26.7,487.4,599.22,359065.41,2241.7,0.,0.,0.,0.,0.,0.,H
1252.9,214.4,646.7,376.99,142120.86,1038.5,-251.9,-2396.6,-1647.85,539.38,290928.24,2144.7,H
1602.6,10.6,527.65,456.76,208628.58,1592.,-73.4,-1232.3,-382.9,379.1,143718.82,1158.9,H
583.3,6.8,235.,198.19,39280.13,576.5,-4.,-1483.2,-420.1,432.29,186871.67,1479.2,H
2498.4,151.6,1236.65,738.73,545724.85,2346.8,-5.,-325.4,-226.,133.91,17930.84,320.4,H
1957.7,266.5,1135.65,533.16,284263.77,1691.2,-28.2,-1313.,-635.8,400.04,160030.33,1284.8,H
18830.2,882.8,3805.45,6191.4,38333484.8,17947.4,-227.,-12105.1,-3184.1,4397.73,19340066.72,11878.1,H
984.2,82.3,754.5,330.96,109533.95,901.9,-358.4,-2685.4,-963.85,714.01,509804.32,2327.,H
2620.6,28.7,991.7,1084.22,1175534.97,2591.9,-16.8,-1249.5,-505.35,335.27,112406.19,1232.7,H
3074.8,18.4,441.6,1094.54,1198010.54,3056.4,-136.9,-1564.2,-1306.2,457.75,209536.16,1427.3,H
1123.,151.6,629.85,251.47,63236.2,971.4,-151.2,-1186.6,-346.7,340.34,115831.18,1035.4,H
3785.4,837.4,2294.05,993.28,986600.64,2948.,-31.3,-2864.6,-1443.1,715.27,511604.74,2833.3,H
1163.6,16.5,287.,301.68,91011.51,1147.1,-1.4,-702.8,-402.5,262.95,69143.33,701.4,H
1530.1,91.8,692.6,489.21,239329.36,1438.3,-236.1,-3557.4,-941.9,996.56,993135.52,3321.3,H
23168.4,27.8,311.9,7204.44,51903915.64,23140.6,-33.3,-17533.6,-494.1,6903.15,47653447.02,17500.3,H
246.6,12.9,112.3,85.77,7356.97,233.7,-0.6,-290.4,-155.2,83.94,7045.99,289.8,S
344.4,13.9,62.35,107.87,11636.61,330.5,-3.,-654.8,-206.1,178.24,31770.36,651.8,S
107.,20.1,49.65,27.,729.18,86.9,-9.8,-593.,-285.9,172.26,29674.88,583.2,S
914.2,8.6,264.35,345.58,119424.91,905.6,-17.3,-273.7,-193.2,84.9,7207.97,256.4,S
82.2,2.2,74.4,32.99,1088.09,80.,-41.2,-995.9,-567.5,270.77,73319.02,954.7,S
1036.8,5.7,456.3,298.99,89393.27,1031.1,-5.6,-151.4,-44.7,51.41,2643.11,145.8,S
1238.2,26.,399.15,428.88,183935.2,1212.2,-25.1,-917.9,-203.1,308.03,94881.65,892.8,S
1918.4,80.,570.1,741.35,549594.76,1838.4,-20.,-845.8,-308.35,206.87,42796.92,825.8,S
447.4,60.9,221.75,126.88,16098.45,386.5,-46.9,-706.9,-409.8,254.39,64716.42,660.,S
1552.5,59.1,756.5,397.13,157713.49,1493.4,-118.5,-259.4,-193.35,60.1,3612.19,140.9,S
537.4,18.2,413.2,132.95,17674.52,519.2,-72.3,-231.8,-167.2,52.56,2762.45,159.5,S
137.4,11.2,63.4,46.97,2206.57,126.2,-1.8,-412.4,-55.55,129.75,16836.19,410.6,S
0.,0.,0.,0.,0.,0.,-3.,-608.2,-400.9,186.05,34614.92,605.2,S
71.4,3.4,71.4,32.06,1027.56,68.,-28.7,-762.,-317.45,203.28,41321.54,733.3,S
943.2,8.,222.4,274.98,75615.85,935.2,-50.6,-203.9,-129.1,52.84,2792.44,153.3,S
669.7,21.4,191.4,219.97,48386.28,648.3,-62.3,-577.1,-375.75,168.64,28440.03,514.8,S
0.,0.,0.,0.,0.,0.,-25.6,-386.9,-172.9,105.43,11114.62,361.3,S
388.2,29.8,89.1,129.79,16846.17,358.4,-9.5,-871.7,-455.5,293.51,86151.05,862.2,S
524.,37.,430.5,152.88,23372.82,487.,-53.5,-703.2,-415.3,220.52,48627.96,649.7,S
534.8,45.5,392.85,151.61,22984.31,489.3,-2.8,-56.,-29.4,26.6,707.56,53.2,S
820.6,15.3,490.3,228.5,52214.29,805.3,-61.2,-202.4,-173.7,55.37,3066.01,141.2,S
571.9,32.,307.5,170.72,29144.,539.9,-72.4,-554.9,-193.1,146.65,21506.3,482.5,S
606.2,19.2,349.7,223.56,49980.51,587.,-1.,-1501.8,-366.9,447.37,200141.58,1500.8,S
354.7,1.,133.2,106.82,11410.78,353.7,-11.2,-994.8,-532.75,348.69,121583.,983.6,S
1256.2,1.6,672.2,313.48,98272.22,1254.6,-52.,-1171.,-731.45,325.99,106269.74,1119.,S
288.5,7.4,131.8,104.46,10911.47,281.1,-30.8,-1040.8,-374.1,251.19,63096.53,1010.,S
1369.9,19.8,750.4,400.23,160185.48,1350.1,-63.,-518.7,-246.9,123.97,15368.31,455.7,S
2781.4,15.8,452.85,1005.61,1011247.15,2765.6,-14.5,-2807.3,-470.7,892.,795656.03,2792.8,S
1494.4,147.7,691.6,298.7,89219.29,1346.7,-74.4,-306.6,-182.1,83.77,7017.17,232.2,S
629.,11.7,436.2,188.49,35530.21,617.3,-29.5,-620.3,-339.9,172.49,29753.76,590.8,S
1033.9,116.2,755.2,300.72,90434.03,917.7,-21.3,-561.,-254.7,176.07,31001.38,539.7,S
846.6,343.6,521.8,150.33,22597.96,503.,0.,0.,0.,0.,0.,0.,S
0.,0.,0.,0.,0.,0.,-132.5,-924.,-434.6,234.64,55057.18,791.5,S
2256.8,532.7,1726.1,601.4,361675.99,1724.1,-21.6,-1353.3,-268.8,333.86,111464.95,1331.7,S
351.8,258.,287.9,35.54,1263.18,93.8,-52.7,-1193.9,-594.7,294.64,86810.01,1141.2,S
1512.1,1.9,440.9,532.42,283468.29,1510.2,-28.3,-746.4,-355.2,224.82,50543.49,718.1,S
627.8,24.8,271.05,143.,20447.77,603.,-46.,-561.7,-419.5,191.44,36647.56,515.7,S
278.4,16.9,167.8,76.95,5920.89,261.5,-21.9,-1164.1,-334.55,316.37,100091.65,1142.2,S
1449.6,32.1,792.3,432.27,186860.96,1417.5,-86.5,-314.,-277.45,81.37,6620.54,227.5,S
1225.5,44.4,635.7,451.5,203850.61,1181.1,-28.9,-942.7,-325.2,303.74,92254.99,913.8,S
463.5,6.1,214.15,164.55,27075.27,457.4,-227.6,-1496.4,-734.1,352.38,124171.01,1268.8,S
2060.,2.8,694.6,546.29,298431.28,2057.2,-10.1,-10.1,-10.1,0.,0.,0.,S
