321.8,29.1,136.35,82.75,6847.37,292.7,-50.9,-1935.7,-535.6,539.59,291155.39,1884.8,H
0.,0.,0.,0.,0.,0.,-25.9,-1318.6,-560.4,394.21,155404.41,1292.7,H
2713.2,3.8,679.1,753.87,568326.21,2709.4,-27.8,-958.4,-485.25,288.25,83088.84,930.6,H
154.,43.4,120.,41.62,1732.25,110.6,-115.3,-1532.4,-596.5,503.22,253226.8,1417.1,H
2154.5,11.8,1007.7,712.45,507578.53,2142.7,-8.4,-1707.3,-872.7,605.62,366780.95,1698.9,H
14996.9,18.5,1001.3,3551.82,12615456.13,14978.4,-17.4,-8118.7,-369.7,2796.84,7822322.28,8101.3,H
2502.2,3.2,583.7,860.48,740433.,2499.,-73.4,-2838.9,-810.75,964.02,929332.74,2765.5,H
1775.6,91.,344.7,590.99,349272.47,1684.6,-31.4,-732.6,-355.6,200.18,40070.33,701.2,H
2310.2,29.3,704.6,752.7,566553.24,2280.9,-9.4,-1933.5,-527.25,578.16,334272.98,1924.1,H
1879.2,351.8,1363.9,571.55,326672.04,1527.4,-48.7,-1993.4,-350.45,538.03,289477.42,1944.7,H
4191.6,183.9,2329.,1390.63,1933838.64,4007.7,-76.4,-1454.7,-536.1,420.8,177069.24,1378.3,H
3261.1,7.2,1232.4,1021.28,1043007.77,3253.9,-65.1,-817.6,-332.6,207.89,43218.93,752.5,H
2654.8,126.4,1199.75,743.69,553082.2,2528.4,0.,0.,0.,0.,0.,0.,H
1392.6,81.8,1090.8,443.52,196705.78,1310.8,-80.5,-522.4,-327.55,145.33,21120.35,441.9,H
1653.3,63.1,904.3,438.84,192582.65,1590.2,-61.7,-2977.6,-2037.8,941.82,887021.25,2915.9,H
818.6,0.7,376.4,286.21,81915.19,817.9,-28.,-2662.8,-1821.8,878.55,771847.08,2634.8,H
2740.,25.4,679.35,799.33,638930.73,2714.6,-63.3,-126.6,-96.8,25.86,668.58,63.3,H
5540.1,124.9,2153.3,2045.03,4182153.25,5415.2,-6.2,-9183.3,-487.2,2925.87,8560689.51,9177.1,H
5780.1,23.5,1449.95,2208.98,4879585.62,5756.6,-88.8,-456.,-298.1,117.54,13814.76,367.2,H
2615.3,19.4,1327.6,991.,982084.1,2595.9,-105.8,-2013.2,-619.,668.36,446698.6,1907.4,H
2424.6,15.1,1281.1,584.32,341430.5,2409.5,-43.5,-299.8,-187.2,104.89,11002.02,256.3,H
2926.2,28.4,967.25,941.33,886109.6,2897.8,-40.4,-1081.7,-404.85,335.79,112755.29,1041.3,H
1526.8,28.,966.8,417.54,174342.24,1498.8,-61.8,-553.7,-314.9,177.28,31429.76,491.9,H
15961.7,171.8,626.05,4121.69,16988321.35,15789.9,-67.1,-11738.2,-1053.7,3981.14,15849454.02,11671.1,H
2519.8,31.5,1122.8,925.92,857324.4,2488.3,-0.5,-95.5,-56.1,31.88,1016.56,95.,H
2800.9,19.2,1241.45,921.73,849580.09,2781.7,-47.4,-448.7,-397.8,148.43,22030.44,401.3,H
3251.6,75.,1479.2,1222.17,1493689.76,3176.6,-47.7,-3387.5,-1319.5,1160.03,1345658.06,3339.8,H
4435.2,72.4,560.6,1474.08,2172898.42,4362.8,-60.6,-1882.,-859.45,724.96,525568.02,1821.4,H
1753.6,172.,671.65,505.06,255081.97,1581.6,-51.9,-912.1,-345.15,302.02,91216.9,860.2,H
18.6,0.3,9.55,4.72,22.23,18.3,-0.4,-26.8,-5.2,8.64,74.6,26.4,H
28.6,0.2,11.1,9.25,85.65,28.4,-0.2,-24.4,-6.5,6.74,45.47,24.2,H
2052.8,86.5,1123.8,656.,430341.98,1966.3,-7.3,-447.3,-226.7,113.01,12771.89,440.,H
1805.6,5.9,332.6,585.77,343129.5,1799.7,-56.2,-467.2,-237.,150.61,22684.66,411.,H
23.6,1.,8.35,7.13,50.78,22.6,-0.2,-22.4,-9.,6.62,43.82,22.2,H
2338.,19.8,1057.3,799.66,639448.93,2318.2,-0.6,-1846.,-909.45,586.88,344431.43,1845.4,H
5332.6,37.4,476.6,1223.26,1496369.6,5295.2,-480.6,-3608.8,-1875.35,1305.74,1704955.79,3128.2,H
2434.2,74.8,896.7,600.79,360953.17,2359.4,0.,0.,0.,0.,0.,0.,H
0.,0.,0.,0.,0.,0.,-91.7,-1970.8,-1011.4,575.77,331516.56,1879.1,H
5275.2,41.6,1013.8,1863.74,3473517.79,5233.6,-55.8,-331.7,-186.7,110.59,12231.13,275.9,H
3245.9,2.3,1914.2,1077.65,1161322.51,3243.6,-18.1,-740.6,-245.4,259.63,67408.97,722.5,H
2169.9,57.1,1040.5,786.33,618317.89,2112.8,-30.,-1051.9,-419.5,386.47,149358.43,1021.9,H
4867.6,4.,1063.25,1687.43,2847409.1,4863.6,-92.7,-1092.8,-708.4,353.43,124915.54,1000.1,H
485.2,9.9,368.55,144.23,20802.58,475.3,-1.,-670.9,-349.8,179.26,32132.85,669.9,S
460.,6.3,192.6,129.33,16726.63,453.7,-78.4,-172.,-134.4,39.14,1532.27,93.6,S
202.3,92.3,147.3,55.,3025.,110.,-34.6,-1272.3,-773.8,404.93,163967.16,1237.7,S
398.9,11.5,95.55,100.38,10076.77,387.4,-1.6,-614.5,-204.8,174.28,30372.95,612.9,S
482.2,2.,144.1,157.6,24837.79,480.2,-88.2,-649.4,-303.25,170.93,29217.74,561.2,S
131.4,61.9,117.4,28.76,827.14,69.5,-32.2,-1572.7,-399.8,437.79,191662.29,1540.5,S
942.9,9.4,494.55,271.66,73798.11,933.5,-9.6,-285.2,-183.45,90.41,8173.14,275.6,S
841.3,5.3,374.6,270.28,73050.37,836.,-25.3,-209.3,-153.25,66.3,4395.25,184.,S
201.3,4.8,82.2,76.68,5880.38,196.5,-71.9,-1475.8,-996.5,466.42,217546.65,1403.9,S
1179.6,129.7,614.25,317.37,100725.81,1049.9,-20.7,-606.8,-227.7,168.54,28406.45,586.1,S
334.4,18.6,241.4,105.98,11231.46,315.8,-16.7,-597.2,-302.,211.9,44902.66,580.5,S
272.1,16.1,101.5,91.68,8405.18,256.,-46.5,-1136.,-834.6,346.85,120306.73,1089.5,S
0.,0.,0.,0.,0.,0.,-43.4,-1399.,-415.,424.2,179943.08,1355.6,S
776.2,1.4,192.4,260.05,67626.29,774.8,-8.6,-2695.3,-921.1,1028.99,1058817.96,2686.7,S
506.,7.,249.7,149.69,22408.21,499.,-6.9,-445.5,-128.,147.8,21844.59,438.6,S
788.5,34.2,481.9,252.96,63989.62,754.3,-49.2,-2234.6,-983.8,748.34,560013.2,2185.4,S
196.4,10.6,111.9,54.91,3015.5,185.8,-18.3,-1337.4,-809.3,386.06,149041.38,1319.1,S
651.6,13.8,217.5,202.72,41096.76,637.8,-138.,-1703.8,-562.55,446.02,198933.36,1565.8,S
51.2,51.2,51.2,0.,0.,0.,-5.,-1039.6,-483.25,297.72,88638.83,1034.6,S
1199.6,1.8,615.5,398.89,159115.94,1197.8,-20.6,-1219.4,-563.9,357.95,128126.92,1198.8,S
227.4,47.2,170.8,65.92,4345.01,180.2,-9.8,-1029.5,-592.75,264.57,69996.61,1019.7,S
45.4,14.7,28.6,10.17,103.51,30.7,-41.5,-1372.,-537.2,355.22,126181.55,1330.5,S
586.8,22.6,323.6,163.99,26891.12,564.2,-32.8,-884.2,-364.75,308.31,95057.05,851.4,S
156.8,25.1,84.3,43.2,1866.15,131.7,-4.2,-1671.1,-513.8,509.96,260057.47,1666.9,S
1481.,18.5,416.35,412.61,170244.69,1462.5,-84.4,-648.7,-217.8,201.39,40559.54,564.3,S
1620.7,19.,452.15,622.8,387875.89,1601.7,-50.6,-1020.9,-747.5,350.59,122912.59,970.3,S
613.7,7.3,160.,170.56,29089.65,606.4,-154.2,-853.3,-676.3,248.67,61835.72,699.1,S
1202.6,8.3,252.75,362.92,131708.85,1194.3,-48.8,-971.4,-364.95,282.99,80082.67,922.6,S
3231.6,0.9,1315.9,1188.45,1412415.56,3230.7,-11.2,-233.4,-88.1,73.27,5368.7,222.2,S
652.,1.,269.6,195.51,38223.68,651.,-12.7,-1476.8,-695.7,511.3,261426.37,1464.1,S
325.4,0.9,50.85,121.6,14785.67,324.5,-2.2,-814.6,-323.8,217.84,47452.24,812.4,S
1531.4,13.1,182.2,503.54,253547.57,1518.3,-9.3,-361.9,-212.,125.61,15777.01,352.6,S
24.8,0.4,7.9,5.85,34.21,24.4,-0.4,-21.1,-6.55,5.8,33.64,20.7,S
303.5,14.7,186.,104.09,10835.71,288.8,-29.6,-376.2,-184.1,107.15,11481.46,346.6,S
161.,0.8,36.7,54.83,3005.95,160.2,-1.7,-759.2,-476.5,287.08,82414.65,757.5,S
318.5,7.2,111.5,89.16,7949.34,311.3,0.,0.,0.,0.,0.,0.,S
211.8,7.2,135.2,73.04,5334.19,204.6,-1.4,-511.6,-69.5,175.66,30856.58,510.2,S
518.1,3.8,318.8,175.46,30785.36,514.3,-7.6,-918.8,-244.1,287.12,82436.72,911.2,S
761.9,140.5,326.15,191.58,36701.74,621.4,-53.1,-428.1,-272.95,134.55,18102.96,375.,S
1196.3,6.,818.3,301.39,90834.15,1190.3,-13.3,-293.2,-107.05,101.59,10319.55,279.9,S
80.2,42.2,61.2,19.,361.,38.,-126.8,-1340.4,-480.1,374.52,140263.74,1213.6,S
860.3,22.3,379.05,316.67,100280.31,838.,-38.6,-784.,-578.2,240.61,57895.18,745.4,S
