14640.4,965.7,9266.85,4447.17,19777335.32,13674.7,-97.6,-8471.2,-4377.4,2749.6,7560314.62,8373.6,H
16163.4,110.1,4856.1,4830.07,23329610.92,16053.3,-199.5,-5427.2,-1641.4,1502.44,2257326.06,5227.7,H
1872.8,45.6,911.2,567.96,322581.21,1827.2,-43.,-4767.5,-1778.65,1276.42,1629248.23,4724.5,H
11066.4,103.9,2454.3,3463.81,11997948.21,10962.5,-141.7,-2615.1,-1428.8,829.68,688361.5,2473.4,H
10684.3,207.7,3773.5,3550.41,12605445.21,10476.6,-161.6,-9328.7,-7254.1,2800.68,7843826.36,9167.1,H
4.50e+04,4.22e+02,1.56e+04,1.61e+04,2.60e+08,4.46e+04,-4.15e+02,-1.19e+04,-5.84e+03,2.98e+03,8.88e+06,1.15e+04,H
17332.,2650.8,6896.8,4398.24,19344546.08,14681.2,0.,0.,0.,0.,0.,0.,H
10877.3,78.2,4609.9,3363.13,11310628.49,10799.1,-134.6,-10620.2,-3918.4,3336.36,11131310.16,10485.6,H
128.2,128.2,128.2,0.,0.,0.,-261.2,-2051.1,-1032.75,427.88,183080.74,1789.9,H
1826.,107.8,1220.3,584.4,341519.08,1718.2,-120.5,-2449.1,-1686.,574.43,329975.04,2328.6,H
16540.1,4135.6,13712.,3481.12,12118231.24,12404.5,-898.6,-17675.8,-7694.95,4016.1,16129052.21,16777.2,H
13003.5,628.,5203.8,3997.38,15979011.38,12375.5,-709.8,-14717.6,-5939.2,5176.18,26792798.,14007.8,H
10152.8,86.2,2275.3,3095.05,9579320.4,10066.6,-212.8,-20086.6,-11015.6,6465.69,41805177.48,19873.8,H
12961.8,1232.5,4808.6,3458.74,11962850.25,11729.3,-72.8,-4048.,-2152.95,1244.96,1549919.26,3975.2,H
13701.4,386.3,6929.5,4423.11,19563876.85,13315.1,-2512.8,-13194.,-5693.2,2785.67,7759978.61,10681.2,H
9498.6,547.9,3622.5,3206.71,10282986.69,8950.7,-174.4,-5060.4,-1341.95,1510.31,2281025.51,4886.,H
10342.,638.5,2701.9,2768.41,7664088.33,9703.5,-17.9,-3414.,-1829.5,1179.38,1390945.47,3396.1,H
13821.6,17.5,2380.3,5686.48,32336021.38,13804.1,-7.,-7818.4,-1388.8,1930.85,3728169.92,7811.4,H
14857.2,143.,4219.5,4560.65,20799528.25,14714.2,-34.8,-4539.8,-2414.,1591.04,2531397.11,4505.,H
16024.7,180.,4242.5,6202.7,38473482.87,15844.7,-1145.7,-9368.8,-5656.35,2303.65,5306797.28,8223.1,H
9375.4,5.5,5717.1,2744.97,7534882.16,9369.9,-804.8,-981.5,-842.45,68.85,4740.52,176.7,H
3971.5,503.8,1555.35,1404.78,1973411.9,3467.7,-59.6,-5701.1,-3916.4,1683.66,2834695.99,5641.5,H
11120.9,266.,3380.65,3690.93,13622936.09,10854.9,-1279.1,-15813.,-9839.,5842.79,34138152.98,14533.9,H
6.49e+04,2.97e+01,2.07e+04,2.60e+04,6.78e+08,6.48e+04,-2.22e+02,-1.13e+04,-2.27e+03,3.11e+03,9.69e+06,1.11e+04,H
22334.9,575.,5856.2,7796.3,60782304.83,21759.9,-217.5,-4872.,-2490.3,1405.02,1974080.49,4654.5,H
15719.6,263.,9235.4,4577.3,20951640.64,15456.6,-463.6,-13738.4,-12298.6,4474.,20016710.17,13274.8,H
18763.2,2199.6,12268.85,5971.61,35660134.,16563.6,-765.9,-11405.2,-6194.5,2986.23,8917548.88,10639.3,H
10675.1,56.2,5217.35,2993.86,8963214.84,10618.9,-211.5,-6541.4,-3846.6,2512.37,6312002.88,6329.9,H
8848.,614.2,6878.7,2406.07,5789177.91,8233.8,-273.6,-11381.7,-7750.8,3549.01,12595503.82,11108.1,H
6816.4,54.5,2188.95,1466.81,2151529.05,6761.9,-37.2,-1017.5,-571.5,331.96,110200.37,980.3,H
4846.2,251.9,1827.15,1242.79,1544522.41,4594.3,-161.6,-12313.6,-2329.,3029.38,9177122.85,12152.,H
7283.6,1347.2,4042.8,1434.24,2057057.09,5936.4,-2155.9,-26169.,-22507.25,7816.14,61091991.26,24013.1,H
7906.8,210.8,2276.8,2324.64,5403959.84,7696.,-38.,-2754.4,-1960.85,964.9,931033.05,2716.4,H
9362.,10.4,2987.3,3610.43,13035197.16,9351.6,-1423.9,-11096.6,-9273.3,3023.05,9138826.97,9672.7,H
12290.6,151.9,4198.75,3796.95,14416802.65,12138.7,-88.8,-3110.3,-2207.1,1091.74,1191892.94,3021.5,H
5.95e+04,9.41e+02,3.29e+04,2.12e+04,4.50e+08,5.86e+04,-4.00e+00,-1.71e+04,-6.58e+03,5.23e+03,2.73e+07,1.71e+04,H
13544.5,462.2,6420.95,4208.99,17715555.23,13082.3,-149.1,-8847.8,-4698.3,2822.72,7967753.84,8698.7,H
17696.7,853.1,9524.4,5261.61,27684526.03,16843.6,-643.1,-10591.7,-4815.4,2826.84,7991039.55,9948.6,H
2519.8,921.9,1720.85,798.95,638321.1,1597.9,-508.8,-13199.1,-6432.4,4123.1,16999962.14,12690.3,H
1.05e+04,3.39e+02,3.38e+03,2.94e+03,8.65e+06,1.02e+04,-1.68e+02,-3.31e+04,-9.54e+03,1.18e+04,1.40e+08,3.29e+04,H
24167.8,2754.7,17112.7,5942.48,35313055.48,21413.1,-1562.4,-10635.,-8344.6,2368.92,5611782.69,9072.6,H
7163.6,196.8,1681.6,1939.99,3763542.42,6966.8,-12.5,-9621.,-6117.7,3408.26,11616248.76,9608.5,H
2643.8,85.,1250.6,827.05,684012.74,2558.8,-142.6,-4732.8,-1639.8,1192.23,1421401.99,4590.2,S
1863.8,62.1,1333.35,551.42,304068.49,1801.7,-59.8,-4295.2,-2517.4,1520.04,2310521.47,4235.4,S
1517.2,130.7,702.6,403.58,162874.04,1386.5,-115.2,-5557.8,-1844.6,1571.31,2469020.12,5442.6,S
7084.,1390.7,5206.,1887.28,3561819.28,5693.3,-158.2,-9512.2,-2364.6,2561.85,6563068.07,9354.,S
2407.5,170.6,1299.2,644.6,415513.29,2236.9,-297.7,-2249.8,-1452.8,694.7,482608.15,1952.1,S
5878.9,305.8,4212.6,1693.78,2868896.66,5573.1,-399.9,-8829.3,-5230.55,2622.23,6876090.45,8429.4,S
3666.6,229.6,2112.05,1282.24,1644149.3,3437.,-332.8,-9301.6,-3135.3,2641.88,6979510.95,8968.8,S
4306.5,22.8,1685.25,1357.15,1841847.83,4283.7,-45.9,-3946.4,-2258.1,1327.93,1763402.76,3900.5,S
2194.6,464.4,1363.95,504.18,254197.9,1730.2,-71.9,-4380.6,-2514.7,1208.45,1460356.7,4308.7,S
8456.6,42.1,1112.5,2206.28,4867674.55,8414.5,-16.6,-2855.,-885.75,968.25,937516.98,2838.4,S
3138.8,139.9,1552.4,920.72,847730.14,2998.9,-239.9,-5185.8,-1437.,1439.53,2072250.83,4945.9,S
2251.8,530.3,1772.4,496.29,246306.07,1721.5,-117.5,-7087.3,-4365.,2502.52,6262592.52,6969.8,S
4381.6,421.7,2832.45,1194.66,1427202.25,3959.9,-45.4,-2508.7,-1298.65,798.05,636883.63,2463.3,S
3228.8,188.6,1126.25,1097.11,1203654.48,3040.2,-158.2,-7994.3,-4642.7,2020.84,4083798.77,7836.1,S
9130.8,285.4,6639.,2208.49,4877440.86,8845.4,-2193.6,-10135.9,-6909.7,2606.64,6794568.11,7942.3,S
7849.7,167.1,788.,2835.26,8038716.96,7682.6,-77.8,-5334.4,-1929.6,1496.63,2239892.7,5256.6,S
2911.8,181.8,926.4,780.77,609604.51,2730.,-142.2,-3216.9,-2269.4,1064.41,1132962.74,3074.7,S
12264.2,650.4,2542.7,4078.29,16632418.,11613.8,-852.6,-7817.7,-6880.3,2610.18,6813059.2,6965.1,S
5258.6,271.4,2715.2,1506.66,2270024.67,4987.2,-381.3,-3812.5,-1710.1,1192.21,1421370.86,3431.2,S
14929.6,31.7,7604.75,5224.14,27291601.1,14897.9,-62.7,-7941.8,-3089.4,2848.59,8114452.81,7879.1,S
7288.,146.2,4099.5,2632.94,6932357.05,7141.8,-172.4,-3736.1,-1533.6,1076.02,1157828.27,3563.7,S
6957.8,41.1,3244.4,2265.43,5132178.58,6916.7,-61.4,-3606.8,-1196.4,1190.78,1417967.97,3545.4,S
10012.5,101.1,5609.,3467.87,12026151.8,9911.4,-54.7,-3821.6,-1387.6,1083.04,1172970.75,3766.9,S
10788.8,74.5,5392.4,3849.66,14819895.72,10714.3,-87.7,-4119.6,-1715.4,1040.44,1082515.38,4031.9,S
12214.1,79.5,5443.8,3792.07,14379798.76,12134.6,-872.9,-9748.9,-6060.6,2748.05,7551778.73,8876.,S
5386.,312.7,3547.6,1422.83,2024449.7,5073.3,-173.6,-4650.6,-2963.95,1385.67,1920088.29,4477.,S
11034.1,88.1,4055.4,4130.93,17064590.29,10946.,-299.4,-7299.7,-4706.1,2123.26,4508248.41,7000.3,S
5885.,53.1,1554.25,1678.11,2816059.4,5831.9,-71.3,-3303.,-659.9,825.17,680913.75,3231.7,S
7750.8,423.4,4135.65,1765.8,3118064.01,7327.4,-603.6,-603.6,-603.6,0.,0.,0.,S
4831.3,528.5,2914.2,1386.87,1923397.46,4302.8,-387.4,-7803.4,-2281.5,1998.77,3995096.94,7416.,S
7479.2,1096.,3870.95,2299.2,5286297.68,6383.2,-495.5,-7481.6,-5038.6,1876.56,3521491.27,6986.1,S
15158.8,976.7,4822.9,3994.7,15957617.51,14182.1,-287.1,-5564.4,-3729.35,1606.19,2579835.39,5277.3,S
2970.6,833.4,1512.,562.89,316842.46,2137.2,-199.8,-3617.1,-2679.6,1255.45,1576155.57,3417.3,S
14291.7,1061.4,9216.25,4841.28,23438019.9,13230.3,-390.8,-6767.6,-2941.1,1711.83,2930356.32,6376.8,S
7544.8,190.1,4249.25,2323.82,5400156.12,7354.7,-1572.4,-7347.8,-4359.2,1680.53,2824194.22,5775.4,S
6156.3,138.9,2266.9,1787.74,3196002.1,6017.4,-1048.6,-6737.4,-3589.85,1719.52,2956754.27,5688.8,S
12233.6,1434.1,8513.2,3303.43,10912626.57,10799.5,-3768.,-11043.5,-9100.95,1930.93,3728496.64,7275.5,S
5697.,277.2,2646.8,1808.7,3271398.82,5419.8,-29.8,-5679.4,-3295.,1845.12,3404462.24,5649.6,S
4444.9,339.8,2046.05,1532.52,2348630.02,4105.1,-459.4,-14381.6,-8323.4,4873.83,23754253.49,13922.2,S
11310.7,648.3,9113.6,3647.34,13303109.58,10662.4,-432.8,-8994.6,-2395.4,2720.66,7401977.3,8561.8,S
11232.1,34.6,5513.6,2920.01,8526447.34,11197.5,-493.4,-7740.6,-3978.65,2089.62,4366500.06,7247.2,S
4182.9,52.8,1203.85,1320.16,1742828.76,4130.1,-112.5,-3574.,-1268.4,1071.91,1148996.04,3461.5,S
