12.6,0.1,4.6,3.76,14.17,12.5,-0.8,-31.8,-6.55,7.08,50.13,31.,H
12.8,1.4,8.15,3.44,11.86,11.4,-0.9,-30.2,-7.6,9.36,87.64,29.3,H
26.8,0.1,9.5,7.2,51.89,26.7,-0.2,-21.2,-9.05,6.6,43.55,21.,H
26.6,0.6,5.9,6.96,48.49,26.,-1.2,-21.7,-7.8,6.32,39.94,20.5,H
1697.1,39.5,552.3,430.5,185328.36,1657.6,-80.4,-1255.3,-656.15,372.88,139043.1,1174.9,H
4.11e+04,1.10e+01,2.69e+02,1.32e+04,1.74e+08,4.11e+04,-8.60e+00,-3.93e+04,-7.78e+01,1.37e+04,1.87e+08,3.93e+04,H
477.9,7.1,182.15,157.54,24818.49,470.8,-51.9,-1511.2,-387.6,439.25,192939.41,1459.3,H
1123.6,10.8,197.75,328.72,108055.9,1112.8,-51.7,-921.8,-353.4,270.48,73159.96,870.1,H
2332.,96.5,725.,724.97,525583.55,2235.5,-7.9,-2646.7,-393.,944.37,891826.09,2638.8,H
1315.8,55.1,503.4,453.97,206091.31,1260.7,-0.1,-1403.,-165.05,350.58,122903.64,1402.9,H
2191.6,23.3,638.8,755.46,570722.35,2168.3,-43.,-1997.8,-693.8,587.09,344677.55,1954.8,H
1306.5,2.6,216.1,460.24,211816.28,1303.9,-48.9,-2926.9,-535.6,756.91,572916.91,2878.,H
3238.4,12.,446.4,913.18,833895.69,3226.4,-13.3,-645.8,-264.,243.99,59533.55,632.5,H
1657.5,29.2,504.15,571.14,326196.16,1628.3,-6.9,-678.,-231.5,198.29,39320.45,671.1,H
2995.2,945.2,1728.,673.46,453542.66,2050.,-121.7,-1060.9,-566.75,231.58,53631.18,939.2,H
449.2,70.,337.7,134.44,18073.82,379.2,-21.6,-1297.7,-626.65,329.64,108660.45,1276.1,H
1178.1,8.9,468.6,403.03,162429.61,1169.2,-26.,-2268.4,-939.65,813.2,661288.94,2242.4,H
1718.,55.4,579.05,496.25,246263.09,1662.6,-68.6,-1223.8,-202.4,398.45,158764.77,1155.2,H
237.6,31.4,124.55,75.36,5678.96,206.2,-10.2,-1161.1,-540.8,369.89,136817.87,1150.9,H
3040.8,16.6,678.6,997.64,995281.69,3024.2,-12.8,-425.4,-164.75,104.14,10846.14,412.6,H
2308.,5.5,533.2,783.75,614263.53,2302.5,-9.1,-1838.6,-445.8,482.31,232618.55,1829.5,H
2027.5,12.8,437.3,660.32,436027.04,2014.7,-15.8,-1043.9,-301.25,330.62,109306.81,1028.1,H
2141.6,88.4,442.9,585.12,342367.69,2053.2,-19.1,-732.1,-404.8,190.4,36250.66,713.,H
3.34e+04,3.20e+00,1.19e+04,1.35e+04,1.82e+08,3.33e+04,-1.45e+01,-2.79e+04,-2.13e+02,8.59e+03,7.38e+07,2.79e+04,H
978.8,48.8,643.2,334.61,111966.79,930.,-8.8,-1525.6,-331.25,457.99,209752.19,1516.8,H
2267.3,91.9,772.9,789.07,622627.25,2175.4,-22.8,-1275.7,-257.9,359.66,129354.03,1252.9,H
2863.9,21.3,848.,943.37,889946.1,2842.6,-34.4,-1553.7,-470.75,449.98,202479.05,1519.3,H
1332.8,35.5,639.4,433.17,187632.31,1297.3,-57.4,-901.4,-195.05,210.92,44488.24,844.,H
1414.8,10.7,437.2,406.85,165525.44,1404.1,-92.,-1319.8,-352.4,454.66,206719.19,1227.8,H
2335.4,90.2,562.1,788.56,621833.12,2245.2,-16.7,-1059.8,-244.,330.23,109052.82,1043.1,H
1276.8,51.4,393.1,354.63,125765.16,1225.4,-62.5,-729.1,-428.6,195.93,38389.32,666.6,H
1831.7,112.9,801.8,543.61,295507.6,1718.8,-30.5,-1578.2,-406.4,455.32,207319.49,1547.7,H
2178.8,16.6,684.5,605.85,367052.69,2162.2,-60.2,-1064.1,-640.8,288.81,83412.51,1003.9,H
1172.8,51.6,382.2,354.24,125483.92,1121.2,-50.3,-978.8,-157.,293.,85851.35,928.5,H
1877.3,213.8,1273.25,572.44,327681.9,1663.5,-43.5,-1355.5,-529.2,350.94,123156.99,1312.,H
4.63e+04,2.00e-01,4.94e+02,1.51e+04,2.28e+08,4.63e+04,-3.86e+01,-4.35e+04,-1.17e+03,1.36e+04,1.86e+08,4.34e+04,H
1705.9,51.9,417.55,524.8,275417.25,1654.,-52.7,-685.3,-447.8,218.31,47659.03,632.6,H
1997.6,2.1,232.,680.97,463717.38,1995.5,-79.8,-1813.,-815.9,638.41,407567.42,1733.2,H
993.3,16.8,442.7,285.51,81513.43,976.5,-13.3,-872.4,-245.75,284.98,81213.91,859.1,H
2488.1,2.8,1405.4,889.,790319.94,2485.3,-37.3,-1711.4,-326.3,600.99,361190.85,1674.1,H
1809.4,166.5,1130.4,571.17,326230.38,1642.9,-145.1,-1938.,-497.,533.14,284236.07,1792.9,H
1708.5,49.3,664.5,489.44,239549.69,1659.2,-14.2,-1516.6,-460.4,565.58,319876.64,1502.4,H
22.1,0.1,8.,7.09,50.21,22.,-0.4,-21.,-7.85,5.98,35.77,20.6,S
19.2,1.5,9.7,5.85,34.26,17.7,-1.7,-20.5,-11.5,5.73,32.85,18.8,S
15.3,1.7,8.,4.61,21.26,13.6,-0.2,-22.4,-13.,6.93,48.,22.2,S
27.9,1.,11.8,8.09,65.47,26.9,-0.6,-32.9,-12.15,7.75,60.05,32.3,S
23.2,5.6,14.35,5.07,25.73,17.6,-0.8,-28.2,-12.95,10.16,103.19,27.4,S
2228.7,18.7,1370.35,699.74,489640.81,2210.,-61.3,-477.2,-264.95,130.7,17083.48,415.9,S
714.3,19.5,232.1,241.52,58329.65,694.8,-7.8,-454.2,-337.9,126.08,15895.17,446.4,S
10735.,78.6,4035.8,4274.36,18270135.85,10656.4,-21.5,-7984.4,-364.85,2487.48,6187552.8,7962.9,S
1022.,0.1,191.1,355.87,126641.53,1021.9,-2.,-1515.,-369.2,402.67,162140.44,1513.,S
541.9,3.3,164.6,172.1,29618.86,538.6,-40.,-486.4,-191.,137.79,18987.07,446.4,S
0.,0.,0.,0.,0.,0.,-30.6,-1103.5,-368.3,289.09,83574.13,1072.9,S
487.4,2.,225.1,147.79,21842.19,485.4,-16.2,-479.,-163.9,146.1,21344.5,462.8,S
154.,3.6,63.3,51.53,2655.43,150.4,-12.6,-1706.,-414.05,492.92,242968.41,1693.4,S
333.8,1.3,69.5,118.26,13986.61,332.5,-5.4,-1359.,-681.1,487.73,237875.91,1353.6,S
1058.7,23.5,380.,376.84,142010.47,1035.2,-17.9,-1660.8,-684.1,550.83,303416.83,1642.9,S
1500.9,79.6,955.9,478.5,228966.14,1421.3,-4.7,-892.2,-354.35,304.16,92514.74,887.5,S
493.5,41.7,331.5,165.63,27431.71,451.8,-12.3,-1031.4,-456.2,373.38,139414.28,1019.1,S
709.6,8.8,305.8,210.67,44383.74,700.8,-11.4,-1527.5,-1001.55,470.18,221068.41,1516.1,S
858.,101.,676.85,269.35,72547.71,757.,-13.,-943.7,-233.5,262.41,68857.56,930.7,S
2058.5,1.4,716.35,743.89,553373.79,2057.1,-67.8,-1498.5,-415.5,481.42,231765.46,1430.7,S
189.6,55.8,181.1,56.62,3206.38,133.8,-13.6,-737.6,-395.3,234.23,54863.29,724.,S
896.8,155.3,491.95,261.79,68532.07,741.5,-15.1,-279.,-148.,86.48,7478.35,263.9,S
407.,54.6,285.7,119.34,14242.34,352.4,-12.3,-966.7,-634.4,298.75,89250.25,954.4,S
28.2,0.1,10.3,8.54,72.89,28.1,-0.5,-38.,-9.7,10.63,113.06,37.5,S
808.3,16.1,250.85,236.16,55773.11,792.2,-97.1,-1656.8,-850.4,430.59,185408.34,1559.7,S
572.4,12.3,277.6,164.06,26914.54,560.1,-8.8,-660.2,-231.8,207.93,43234.61,651.4,S
1153.8,302.3,824.25,314.1,98656.05,851.5,-67.,-1183.7,-558.,328.6,107978.2,1116.7,S
9188.,159.7,323.8,3121.58,9744272.35,9028.3,-114.2,-5114.3,-1361.2,1816.19,3298547.16,5000.1,S
744.5,8.4,270.4,266.13,70825.3,736.1,-23.9,-730.7,-195.,235.78,55590.43,706.8,S
1383.4,245.3,856.05,361.74,130858.93,1138.1,-17.,-1365.4,-694.3,439.48,193146.01,1348.4,S
1197.,18.8,651.75,363.1,131841.29,1178.2,-1.1,-1709.3,-483.2,470.15,221036.72,1708.2,S
1429.8,20.7,734.05,438.59,192364.4,1409.1,-26.5,-1014.5,-645.7,299.87,89923.19,988.,S
254.2,0.1,131.2,93.24,8693.79,254.1,-31.4,-917.,-260.,239.8,57505.14,885.6,S
6348.4,143.4,804.9,2381.45,5671290.31,6205.,-52.1,-5534.9,-353.2,1812.86,3286443.82,5482.8,S
199.4,1.3,43.8,72.15,5205.54,198.1,-3.7,-299.7,-113.8,85.55,7318.67,296.,S
1433.6,22.3,290.8,446.31,199188.72,1411.3,-149.9,-1131.7,-830.,349.79,122354.83,981.8,S
478.3,9.,109.1,136.58,18653.3,469.3,-5.7,-816.,-337.8,245.69,60365.34,810.3,S
1064.8,14.5,529.4,323.21,104465.85,1050.3,-12.7,-614.8,-338.9,234.47,54976.12,602.1,S
1665.5,7.4,645.3,628.93,395551.12,1658.1,-29.3,-663.6,-112.1,219.6,48226.11,634.3,S
641.7,5.9,118.3,235.7,55554.87,635.8,-59.2,-577.1,-243.6,122.26,14946.91,517.9,S
1026.3,9.4,322.8,286.49,82078.75,1016.9,-5.7,-756.4,-369.25,260.7,67965.08,750.7,S
488.1,37.4,221.7,121.19,14687.69,450.7,-29.9,-238.9,-119.45,72.63,5275.66,209.,S
