451.7,80.2,219.95,129.29,16715.94,371.5,-38.4,-3757.2,-1443.8,1067.32,1139177.57,3718.8,H
1133.,15.3,532.6,341.26,116455.91,1117.7,-56.2,-737.,-366.8,234.5,54990.9,680.8,H
2152.6,20.6,802.2,667.67,445788.44,2132.,-1.9,-1296.2,-445.7,450.28,202755.1,1294.3,H
2396.5,81.8,960.2,761.09,579254.58,2314.7,-55.2,-4561.,-1264.2,1409.49,1986657.64,4505.8,H
1139.2,155.3,751.7,333.02,110902.94,983.9,-290.5,-4475.2,-1790.25,1138.59,1296386.46,4184.7,H
6254.8,60.4,1504.6,1871.41,3502183.65,6194.4,0.,0.,0.,0.,0.,0.,H
3029.4,31.5,1085.,950.33,903125.84,2997.9,-49.3,-5658.5,-2365.,1664.7,2771216.56,5609.2,H
3636.8,116.5,1940.5,986.87,973903.26,3520.3,-148.8,-4142.8,-2222.55,1129.61,1276013.08,3994.,H
4226.3,131.8,1379.,1372.73,1884386.56,4094.5,-457.1,-6001.5,-3681.85,1804.27,3255385.66,5544.4,H
1669.4,135.1,1244.3,504.15,254164.82,1534.3,-64.2,-6833.8,-1575.35,2178.47,4745718.31,6769.6,H
3439.3,136.8,1660.,985.98,972152.03,3302.5,-177.1,-501.8,-429.85,123.61,15280.66,324.7,H
2978.4,37.,1511.4,1083.24,1173418.81,2941.4,-73.5,-6123.6,-1767.9,1971.02,3884933.65,6050.1,H
4100.6,38.2,1257.7,1233.31,1521063.85,4062.4,-164.6,-3579.,-702.15,1139.59,1298671.54,3414.4,H
3795.4,3.2,495.2,1236.6,1529190.48,3792.2,-155.7,-1492.3,-850.6,400.2,160156.92,1336.6,H
2906.3,35.9,1193.9,1138.57,1296337.38,2870.4,-21.5,-6498.9,-1301.3,2360.15,5570329.42,6477.4,H
2655.4,34.9,881.65,678.56,460441.92,2620.5,-8.8,-1330.4,-686.6,492.43,242482.69,1321.6,H
4452.,70.5,1748.3,1373.75,1887187.47,4381.5,-173.6,-2222.8,-938.9,756.8,572740.19,2049.2,H
6134.2,2.8,3855.8,1880.2,3535148.55,6131.4,-59.9,-5105.6,-1289.,1510.89,2282797.86,5045.7,H
3331.9,6.8,1137.55,1366.84,1868244.35,3325.1,-18.7,-3313.2,-2275.4,874.11,764071.44,3294.5,H
2874.7,438.,1905.45,777.56,604600.37,2436.7,-50.4,-3320.4,-1380.15,926.36,858139.59,3270.,H
5971.6,169.6,1970.85,1947.81,3793969.63,5802.,-92.6,-2964.,-1269.,867.86,753174.3,2871.4,H
4607.3,7.,2235.6,1555.47,2419481.32,4600.3,-251.5,-5679.3,-1200.75,1916.17,3671718.75,5427.8,H
1256.9,407.6,681.,347.04,120436.23,849.3,-66.9,-6464.4,-2754.2,2127.16,4524824.75,6397.5,H
6458.9,104.2,1291.95,1775.86,3153663.43,6354.7,-60.2,-4670.8,-973.6,1350.59,1824103.87,4610.6,H
2743.8,125.8,1224.15,815.67,665322.7,2618.,-101.4,-4344.9,-1862.4,1340.64,1797307.67,4243.5,H
1266.,51.,754.9,431.82,186469.29,1215.,-180.,-3946.4,-699.8,1211.29,1467221.91,3766.4,H
6190.4,138.6,2177.05,2472.73,6114394.15,6051.8,-205.9,-4582.2,-1607.6,1559.8,2432987.67,4376.3,H
7476.8,57.4,2575.2,2709.38,7340740.15,7419.4,-270.,-4101.5,-2549.4,1264.66,1599366.21,3831.5,H
4957.,130.1,2953.6,1566.82,2454939.23,4826.9,-19.6,-1974.3,-360.9,606.83,368236.92,1954.7,H
7409.4,193.5,4284.9,2486.71,6183735.64,7215.9,-34.8,-7108.,-930.8,2376.76,5649009.11,7073.2,H
5131.4,526.6,3193.,1589.72,2527206.46,4604.8,-191.9,-6205.1,-2129.8,1754.73,3079086.42,6013.2,H
3825.3,16.3,1132.6,1257.74,1581909.69,3809.,-243.,-4460.5,-3149.6,1413.59,1998239.48,4217.5,H
6766.5,187.1,1129.9,1864.98,3478137.34,6579.4,-88.,-4824.6,-3047.65,1447.01,2093834.14,4736.6,H
5223.7,123.2,3266.,1723.74,2971278.71,5100.5,-79.,-5742.2,-2993.7,1600.43,2561370.61,5663.2,H
1905.3,201.2,714.5,462.89,214263.44,1704.1,-79.8,-915.8,-617.9,268.83,72271.38,836.,H
8736.1,62.8,1787.5,3158.54,9976381.47,8673.3,-391.2,-8159.5,-3232.,2275.61,5178397.56,7768.3,H
1189.2,56.8,610.75,344.17,118451.4,1132.4,-47.,-5299.9,-3202.5,1617.11,2615041.12,5252.9,H
4262.4,23.,1863.,1214.94,1476073.82,4239.4,-123.4,-2893.4,-629.2,1035.55,1072371.51,2770.,H
2021.3,60.8,412.6,526.39,277083.33,1960.5,-69.8,-5397.7,-2755.1,1443.63,2084061.3,5327.9,H
6921.7,1091.1,4452.8,2069.21,4281624.62,5830.6,-61.2,-8282.1,-1899.55,2685.5,7211900.04,8220.9,H
1074.,424.7,599.3,274.35,75268.42,649.3,-14.,-5579.8,-1825.4,1671.19,2792892.2,5565.8,H
2851.1,151.7,780.9,841.46,708053.99,2699.4,-80.8,-4032.,-1866.4,1287.66,1658073.81,3951.2,H
1624.9,176.9,859.5,504.54,254556.45,1448.,-41.8,-1340.,-638.2,419.47,175956.45,1298.2,S
2403.8,41.4,1436.75,912.42,832505.69,2362.4,-108.2,-4763.2,-1803.2,1401.05,1962933.95,4655.,S
2493.,114.6,1102.7,714.59,510636.45,2378.4,-305.4,-3130.3,-1388.65,750.16,562742.67,2824.9,S
746.6,11.3,470.4,203.35,41351.65,735.3,-73.2,-2529.9,-1170.75,752.6,566413.96,2456.7,S
2832.7,56.9,1781.6,853.34,728186.2,2775.8,-10.,-1488.8,-757.9,499.72,249716.02,1478.8,S
1071.,52.5,296.3,376.69,141895.07,1018.5,-48.4,-3803.1,-1457.4,1085.42,1178138.52,3754.7,S
3791.3,261.,2095.2,1091.05,1190386.13,3530.3,-39.4,-11549.6,-981.5,4059.32,16478061.69,11510.2,S
3493.9,107.6,1315.7,1082.86,1172586.47,3386.3,-32.,-3369.1,-1049.8,1131.69,1280726.59,3337.1,S
852.,23.,213.15,273.09,74579.8,829.,-17.,-3836.5,-1256.2,1316.84,1734066.54,3819.5,S
533.1,12.8,271.2,151.24,22874.79,520.3,-79.6,-2028.3,-1208.3,646.36,417776.42,1948.7,S
2619.3,275.9,1942.05,815.43,664933.59,2343.4,-133.7,-7951.,-920.6,2607.61,6799606.14,7817.3,S
2047.7,144.9,1094.8,521.88,272357.76,1902.8,-68.1,-1044.5,-240.9,361.09,130387.67,976.4,S
2235.,35.,1160.1,704.96,496973.67,2200.,-50.5,-4493.3,-1450.25,1572.3,2472139.25,4442.8,S
1385.6,14.8,755.6,519.91,270304.79,1370.8,-49.8,-4687.9,-1058.7,1407.81,1981916.85,4638.1,S
2034.8,85.4,395.4,772.97,597479.32,1949.4,-262.2,-4569.,-2266.4,1076.98,1159883.31,4306.8,S
747.4,62.4,470.1,279.88,78334.88,685.,-297.5,-7868.8,-3936.6,2510.76,6303901.27,7571.3,S
2555.6,294.8,669.9,821.31,674551.28,2260.8,-23.1,-2232.9,-778.3,672.21,451866.3,2209.8,S
1719.8,11.2,838.4,523.83,274401.59,1708.6,-814.3,-2919.2,-2151.85,740.14,547811.13,2104.9,S
0.,0.,0.,0.,0.,0.,-57.,-2783.,-641.8,742.9,551894.09,2726.,S
2505.,281.4,2136.1,808.71,654006.52,2223.6,-55.5,-4244.,-1993.9,1216.39,1479611.64,4188.5,S
715.6,107.,475.4,209.02,43689.1,608.6,-91.,-2483.6,-1666.5,911.67,831148.07,2392.6,S
662.3,3.3,258.1,250.66,62828.58,659.,-21.6,-4779.,-1512.6,1457.24,2123534.19,4757.4,S
3897.6,48.6,1498.3,1475.8,2177977.05,3849.,-47.9,-3509.5,-2056.1,1079.56,1165448.85,3461.6,S
1974.9,46.,372.5,739.95,547523.72,1928.9,-107.6,-4210.,-2843.9,1191.22,1419007.79,4102.4,S
833.7,139.1,509.75,247.84,61424.51,694.6,-152.9,-2226.1,-991.5,561.71,315518.12,2073.2,S
6340.6,85.2,1160.8,1733.58,3005282.79,6255.4,-327.1,-2805.9,-2064.95,994.27,988573.04,2478.8,S
1622.3,173.8,378.6,539.37,290922.68,1448.5,-54.3,-4976.5,-1570.5,1409.77,1987449.8,4922.2,S
2656.2,68.8,1476.4,825.05,680710.33,2587.4,-87.5,-6390.1,-990.4,2026.13,4105183.07,6302.6,S
265.4,51.,230.,93.84,8806.84,214.4,-74.,-7239.4,-1614.7,2201.98,4848732.12,7165.4,S
915.2,92.1,566.9,258.63,66890.68,823.1,-239.1,-2432.3,-995.3,620.21,384666.01,2193.2,S
0.,0.,0.,0.,0.,0.,-43.4,-2930.1,-1225.5,710.74,505156.71,2886.7,S
4420.6,21.2,1604.7,1257.99,1582531.57,4399.4,-6.3,-1510.,-1129.7,546.18,298311.61,1503.7,S
1325.2,100.9,880.8,344.52,118692.86,1224.3,-75.4,-1890.1,-1258.85,721.38,520391.08,1814.7,S
2138.4,110.2,1280.15,610.73,372992.03,2028.2,-61.2,-3602.8,-599.6,1115.64,1244655.53,3541.6,S
2394.,16.2,1530.4,722.75,522363.54,2377.8,-104.1,-4553.4,-1863.,1374.21,1888455.84,4449.3,S
2349.4,30.4,1378.,709.16,502907.86,2319.,-31.5,-3331.,-1151.5,1093.96,1196743.44,3299.5,S
1377.7,25.6,827.2,435.99,190085.57,1352.1,-8.6,-3552.,-1554.8,1168.57,1365554.38,3543.4,S
1589.4,4.1,378.7,608.48,370245.2,1585.3,-90.,-6258.5,-1786.2,1855.17,3441671.28,6168.5,S
2294.,20.8,765.2,805.45,648743.93,2273.2,-59.7,-6853.2,-1915.05,2192.99,4809195.75,6793.5,S
2458.6,3.,819.3,851.23,724596.77,2455.6,-178.,-4604.6,-2060.6,1506.76,2270321.14,4426.6,S
2811.7,41.1,1031.7,1110.52,1233252.74,2770.6,-59.8,-3665.1,-1245.4,1136.95,1292658.99,3605.3,S
5960.5,139.5,1632.7,2008.1,4032448.68,5821.,-47.3,-3255.3,-1403.2,1095.83,1200846.14,3208.,S
