6045.4,162.4,1188.8,1875.28,3516690.24,5883.,-451.9,-5652.4,-2929.,1445.67,2089962.39,5200.5,H
2694.2,21.6,828.05,781.19,610251.77,2672.6,-243.1,-1768.2,-939.4,532.11,283141.3,1525.1,H
1412.2,25.1,180.45,445.5,198467.12,1387.1,-38.5,-3373.,-1739.2,1046.36,1094875.61,3334.5,H
1794.2,45.7,883.5,542.11,293880.21,1748.5,-17.8,-2301.,-500.75,749.56,561843.2,2283.2,H
3427.7,56.7,931.2,1166.53,1360781.25,3371.,-106.2,-1041.,-389.,336.31,113104.79,934.8,H
4943.7,263.5,1155.25,1261.49,1591361.43,4680.2,-229.8,-3801.2,-1765.6,1025.6,1051860.17,3571.4,H
4932.4,74.4,2422.4,1553.55,2413521.05,4858.,-232.,-3030.6,-1427.95,725.97,527027.34,2798.6,H
3245.2,412.6,1680.15,953.27,908723.15,2832.6,-51.2,-3039.,-491.7,966.84,934785.4,2987.8,H
2720.9,144.8,1083.1,836.43,699620.81,2576.1,-128.,-3651.8,-2079.6,951.55,905453.5,3523.8,H
112.9,101.,106.95,5.95,35.4,11.9,-7.2,-3326.8,-1307.8,877.72,770388.34,3319.6,H
4974.4,84.6,1214.6,1837.9,3377879.98,4889.8,-145.8,-971.6,-510.6,242.11,58618.8,825.8,H
2071.8,52.4,883.1,526.99,277716.86,2019.4,-34.2,-2279.,-889.7,666.75,444561.46,2244.8,H
3782.,3.,151.1,1376.96,1896020.49,3779.,-38.9,-3471.6,-383.8,1168.51,1365407.74,3432.7,H
2558.2,19.9,1394.,844.09,712491.67,2538.3,-28.,-3329.1,-2155.8,1065.91,1136161.08,3301.1,H
7917.4,988.4,4957.05,2551.81,6511720.14,6929.,-165.,-2795.8,-958.9,776.14,602388.57,2630.8,H
2469.1,44.8,636.9,769.13,591568.34,2424.3,-12.2,-1985.5,-167.35,615.04,378279.82,1973.3,H
2749.4,7.8,867.5,958.51,918747.14,2741.6,-232.7,-2848.5,-1737.2,789.49,623289.97,2615.8,H
3357.,40.4,1853.3,1119.26,1252753.83,3316.6,-47.8,-1328.2,-512.1,440.13,193716.3,1280.4,H
4724.1,129.,852.8,1297.22,1682770.71,4595.1,-66.,-5188.2,-2069.2,2017.11,4068747.82,5122.2,H
5142.2,191.6,1688.05,2055.33,4224384.48,4950.6,-105.4,-3219.9,-1832.5,928.05,861284.89,3114.5,H
2019.,379.,1658.8,577.3,333273.06,1640.,-95.3,-2729.,-1897.15,810.78,657371.74,2633.7,H
4926.,582.2,2311.5,1377.55,1897645.99,4343.8,-25.8,-2293.2,-1113.3,628.56,395088.99,2267.4,H
3397.8,819.2,2065.4,579.01,335251.39,2578.6,-824.2,-6056.6,-2109.4,1507.04,2271179.03,5232.4,H
2364.,88.8,547.4,460.33,211902.63,2275.2,-214.3,-3487.9,-1413.9,1267.16,1605702.16,3273.6,H
868.8,393.8,753.7,195.38,38171.97,475.,-198.9,-2495.9,-1242.7,579.38,335685.41,2297.,H
2487.7,211.7,1025.35,747.91,559370.17,2276.,-303.7,-3956.4,-1283.1,1021.06,1042555.59,3652.7,H
3587.,243.1,2410.9,948.24,899150.2,3343.9,-204.8,-4720.,-1130.9,1494.47,2233432.67,4515.2,H
5014.,62.4,623.,1667.74,2781350.36,4951.6,-111.1,-876.,-266.5,219.29,48086.81,764.9,H
4483.8,46.6,2708.4,1633.1,2667026.19,4437.2,-53.3,-2956.1,-1072.9,923.16,852232.5,2902.8,H
736.6,57.7,345.6,198.43,39374.69,678.9,-62.,-4590.4,-1603.25,1305.95,1705507.02,4528.4,H
2722.6,36.5,1319.05,798.84,638153.01,2686.1,-22.2,-5833.1,-1587.,1857.05,3448641.88,5810.9,H
2159.1,162.,557.65,607.36,368880.55,1997.1,-116.4,-5642.,-2179.4,1665.32,2773282.98,5525.6,H
1141.5,697.8,959.8,182.13,33169.84,443.7,-92.6,-4939.9,-2339.6,1303.7,1699640.77,4847.3,H
8164.,1.1,2181.55,2954.85,8731142.69,8162.9,-53.5,-1235.4,-673.8,403.43,162757.22,1181.9,H
1080.2,46.6,360.1,308.6,95236.73,1033.6,-38.8,-2895.1,-1256.9,742.78,551726.67,2856.3,H
12707.4,121.3,1364.5,3580.16,12817533.9,12586.1,-279.6,-12683.2,-2290.,3915.34,15329902.75,12403.6,H
5804.7,292.6,1331.7,1931.25,3729744.99,5512.1,-766.8,-4619.4,-2929.05,1205.95,1454323.61,3852.6,H
3387.1,106.2,1679.75,1086.53,1180541.92,3280.9,-37.4,-3122.1,-1301.8,898.19,806739.46,3084.7,H
1796.7,79.1,980.55,493.85,243885.74,1717.6,-32.7,-2846.2,-1266.8,770.06,592987.12,2813.5,H
3461.3,101.2,1098.05,850.56,723460.14,3360.1,-958.8,-3648.4,-2524.65,923.62,853081.08,2689.6,H
4689.4,27.7,520.5,1492.33,2227055.29,4661.7,-40.8,-2407.2,-351.,791.67,626736.37,2366.4,H
4659.6,117.4,3323.8,1639.94,2689402.14,4542.2,-82.3,-3608.4,-1765.6,905.23,819438.37,3526.1,H
3756.4,297.2,1289.3,979.79,959996.36,3459.2,-32.7,-2347.4,-921.8,738.9,545976.3,2314.7,S
2452.5,110.2,1266.2,477.99,228470.99,2342.3,-166.6,-1771.1,-541.35,625.41,391135.18,1604.5,S
1144.4,81.2,416.1,361.03,130342.81,1063.2,-42.8,-2614.6,-1454.55,726.22,527397.73,2571.8,S
2227.2,66.,489.1,670.23,449211.26,2161.2,-49.6,-5884.6,-1176.5,2214.91,4905839.32,5835.,S
5106.9,748.5,2127.4,1559.33,2431518.4,4358.4,-202.7,-3413.5,-1386.05,939.81,883243.87,3210.8,S
6091.,132.2,905.05,2037.6,4151803.49,5958.8,-173.8,-5155.,-2308.8,1629.08,2653905.05,4981.2,S
2577.8,224.3,1831.35,718.93,516859.06,2353.5,-32.8,-1677.,-1316.8,550.85,303437.19,1644.2,S
794.3,31.1,404.4,222.25,49393.67,763.2,-117.6,-1491.8,-628.7,411.15,169041.35,1374.2,S
2634.7,10.9,826.2,757.44,573716.67,2623.8,-440.4,-2399.3,-1109.7,615.22,378491.64,1958.9,S
2939.6,65.,924.3,896.87,804379.35,2874.6,-105.6,-1938.2,-1232.25,506.53,256570.8,1832.6,S
943.8,23.9,483.1,240.52,57851.18,919.9,-2.,-854.8,-615.7,228.59,52254.2,852.8,S
3171.9,294.3,1616.2,870.17,757189.11,2877.6,-54.,-2656.7,-1167.4,823.23,677704.49,2602.7,S
1255.,80.4,342.,305.7,93452.92,1174.6,-193.1,-2988.6,-643.8,817.45,668226.45,2795.5,S
3961.8,131.5,742.65,1340.2,1796147.24,3830.3,-173.5,-1643.2,-1064.7,473.63,224326.5,1469.7,S
1970.9,90.2,1070.1,522.6,273109.8,1880.7,-6.3,-4007.6,-1259.9,1466.04,2149271.22,4001.3,S
5330.6,17.8,503.6,1705.09,2907348.01,5312.8,-158.9,-1393.3,-709.3,346.93,120357.58,1234.4,S
3889.3,519.8,2728.35,1216.23,1479213.88,3369.5,-48.,-2014.2,-1108.9,587.76,345456.57,1966.2,S
4224.8,94.4,2703.3,1498.72,2246154.89,4130.4,-157.,-2029.1,-1523.4,633.29,401059.74,1872.1,S
1834.3,225.8,1367.6,526.59,277294.09,1608.5,-240.4,-3147.3,-1856.1,787.75,620544.93,2906.9,S
574.2,72.7,435.,171.59,29442.88,501.5,-20.6,-4130.5,-959.4,1213.59,1472803.45,4109.9,S
1300.6,32.4,594.8,408.99,167274.42,1268.2,-229.5,-3598.5,-999.1,1308.79,1712920.51,3369.,S
2331.6,0.8,964.7,847.84,718837.49,2330.8,-37.1,-2249.8,-467.6,641.92,412054.95,2212.7,S
1603.2,259.6,1161.4,465.62,216800.39,1343.6,-37.1,-2222.,-1231.8,653.28,426780.6,2184.9,S
5155.1,7.9,1762.3,1911.74,3654759.38,5147.2,-111.4,-2895.2,-1196.25,832.7,693395.42,2783.8,S
3585.3,88.8,1593.75,1125.91,1267679.3,3496.5,-14.5,-3851.5,-3059.2,1358.05,1844311.94,3837.,S
3074.4,85.7,1108.8,774.49,599834.21,2988.7,-269.,-1522.3,-931.4,393.32,154701.65,1253.3,S
1850.8,99.5,742.5,500.,249996.92,1751.3,-57.5,-3622.2,-342.6,1326.53,1759688.41,3564.7,S
4042.4,169.5,1335.4,1468.22,2155667.82,3872.9,-43.6,-2829.2,-1780.95,776.63,603149.88,2785.6,S
1430.6,139.2,358.6,395.9,156732.87,1291.4,-247.,-2960.4,-1667.7,761.82,580371.91,2713.4,S
5863.3,218.4,2761.,2059.47,4241410.84,5644.9,-97.7,-3469.3,-1394.7,809.94,655997.6,3371.6,S
2071.3,107.1,1064.35,662.19,438491.18,1964.2,-152.5,-4236.5,-559.45,1331.93,1774034.42,4084.,S
3101.5,85.6,1348.3,886.41,785727.38,3015.9,-33.4,-2789.,-1512.15,982.52,965347.44,2755.6,S
2979.6,28.7,1301.2,1174.56,1379585.5,2950.9,-6.8,-3212.4,-1878.4,948.69,900005.94,3205.6,S
1201.4,47.5,635.7,281.27,79114.48,1153.9,-11.8,-1872.,-919.,537.73,289157.76,1860.2,S
2060.8,140.5,963.5,479.14,229575.49,1920.3,-595.,-3749.4,-2487.,1103.3,1217264.34,3154.4,S
2535.4,347.6,1695.3,648.8,420943.11,2187.8,-225.4,-2487.2,-965.2,689.67,475651.2,2261.8,S
5281.6,138.8,1229.2,1944.81,3782276.38,5142.8,-31.8,-4568.3,-539.15,1606.58,2581100.14,4536.5,S
2432.3,27.5,828.25,630.14,397075.66,2404.8,-733.9,-2755.9,-2256.3,713.78,509476.88,2022.,S
4437.8,59.5,1423.4,1416.48,2006412.25,4378.3,-843.7,-1488.8,-1151.5,290.44,84357.05,645.1,S
2910.,147.4,2003.9,778.07,605387.48,2762.6,-584.2,-3413.,-1981.1,907.75,824005.22,2828.8,S
2575.4,273.4,787.7,730.37,533446.22,2302.,-109.3,-3926.6,-1554.2,1181.18,1395194.22,3817.3,S
2208.7,36.1,1017.45,633.45,401257.67,2172.6,-109.4,-4117.8,-1173.3,1103.84,1218473.76,4008.4,S
