7581.6,34.4,639.85,2123.33,4508533.1,7547.2,-49.,-10215.,-1204.3,3541.82,12544461.11,10166.,H
7023.6,38.4,1774.,2117.93,4485614.68,6985.2,-264.9,-11257.4,-2875.4,3774.06,14243511.73,10992.5,H
3993.,63.2,653.8,1261.41,1591143.47,3929.8,-45.4,-9674.8,-1294.3,3398.93,11552705.04,9629.4,H
6389.2,28.9,1900.45,2071.08,4289384.17,6360.3,-136.5,-8337.4,-2321.9,2465.07,6076558.46,8200.9,H
5428.1,42.4,3124.,2061.72,4250703.61,5385.7,-4.1,-6327.7,-466.5,2022.69,4091289.92,6323.6,H
4.52e+04,3.95e+01,6.46e+02,1.54e+04,2.36e+08,4.52e+04,-7.27e+01,-3.83e+04,-6.96e+03,1.48e+04,2.19e+08,3.82e+04,H
8036.3,5.2,1512.9,2585.43,6684439.58,8031.1,-163.7,-10479.8,-2548.05,2928.74,8577491.32,10316.1,H
6208.6,0.5,875.4,2227.7,4962664.52,6208.1,-1.1,-8005.1,-605.5,2634.47,6940411.65,8004.,H
4477.1,64.9,934.75,1424.49,2029180.49,4412.2,-2.8,-6778.5,-1041.9,2182.88,4764951.5,6775.7,H
5928.,8.6,270.6,1981.85,3927718.88,5919.4,-10.2,-9862.9,-876.75,3030.79,9185689.68,9852.7,H
6751.9,29.5,861.7,2374.56,5638512.74,6722.4,-8.9,-6703.8,-404.9,2637.63,6957100.74,6694.9,H
7145.9,50.,816.35,2113.41,4466483.91,7095.9,-43.5,-11127.8,-2912.6,4205.48,17686034.15,11084.3,H
10083.7,88.2,1373.8,3416.21,11670502.96,9995.5,-65.,-11524.5,-1012.65,3530.2,12462334.24,11459.5,H
3836.2,66.9,871.6,1268.54,1609186.84,3769.3,-12.5,-4132.7,-637.4,1495.99,2237990.89,4120.2,H
5016.4,6.4,1672.7,1782.74,3178147.88,5010.,-2.,-6079.1,-403.,1762.17,3105236.33,6077.1,H
6689.9,21.1,782.9,2094.92,4388707.82,6668.8,-29.5,-8096.2,-283.55,3067.67,9410586.31,8066.7,H
7199.7,13.,1557.,2324.1,5401451.93,7186.7,-27.6,-7482.4,-957.75,2494.52,6222605.64,7454.8,H
5913.9,103.4,2755.5,2109.37,4449449.92,5810.5,-7.5,-5523.9,-615.2,1992.11,3968493.98,5516.4,H
8925.7,16.9,1830.3,2932.13,8597404.71,8908.8,-33.1,-7674.5,-2345.8,2453.56,6019979.73,7641.4,H
6261.9,29.6,2320.15,1789.25,3201413.06,6232.3,-91.4,-6410.6,-907.5,1939.66,3762275.26,6319.2,H
3414.6,102.7,1504.,943.47,890126.75,3311.9,-198.6,-6755.8,-1252.65,2384.77,5687125.86,6557.2,H
4895.7,55.,967.,1606.38,2580463.12,4840.7,-5.2,-6970.3,-929.8,2326.01,5410303.01,6965.1,H
10934.4,48.,307.9,3582.21,12832264.17,10886.4,-495.7,-11563.6,-5983.1,3479.52,12107029.84,11067.9,H
4.21e+04,3.66e+01,1.27e+03,1.32e+04,1.75e+08,4.21e+04,-1.21e+02,-3.14e+04,-7.24e+03,1.18e+04,1.39e+08,3.13e+04,H
4918.4,6.4,595.75,1520.5,2311911.,4912.,-40.4,-7078.5,-3041.05,2285.34,5222781.2,7038.1,H
6127.8,5.7,1088.,1887.45,3562448.72,6122.1,-131.2,-6191.2,-1830.5,1920.31,3687584.94,6060.,H
5066.4,14.1,786.6,1829.77,3348050.55,5052.3,-15.6,-5486.2,-1689.3,1549.22,2400083.93,5470.6,H
5752.7,33.4,1253.7,2040.79,4164820.98,5719.3,-35.8,-7253.7,-719.45,2092.45,4378351.85,7217.9,H
5380.2,14.,1584.3,1988.32,3953427.43,5366.2,-4.,-5293.2,-1437.65,1897.57,3600774.83,5289.2,H
5505.9,81.9,1595.95,1648.15,2716404.95,5424.,-11.5,-8903.1,-420.5,2705.66,7320581.63,8891.6,H
6001.4,4.5,370.95,2222.69,4940341.64,5996.9,-77.,-5714.,-2015.45,1809.26,3273421.22,5637.,H
5662.7,25.,462.7,1836.96,3374429.72,5637.7,-235.2,-7743.2,-1347.6,2815.24,7925552.66,7508.,H
4565.2,102.5,1120.6,1250.02,1562549.53,4462.7,-599.4,-6461.4,-3202.9,1782.32,3176676.27,5862.,H
5247.4,165.7,1225.25,1786.43,3191323.48,5081.7,-32.6,-5615.1,-1489.5,1710.25,2924964.03,5582.5,H
8323.3,21.9,1186.,2709.66,7342260.91,8301.4,-65.2,-8407.1,-1360.65,2947.57,8688145.25,8341.9,H
4.32e+04,1.43e+02,2.10e+03,1.47e+04,2.17e+08,4.30e+04,-3.17e+01,-3.51e+04,-7.03e+02,1.25e+04,1.56e+08,3.50e+04,H
8306.,13.,2874.7,3018.81,9113236.44,8293.,-26.3,-8002.,-1489.6,2930.51,8587867.7,7975.7,H
10066.6,5.4,1099.9,3335.33,11124414.47,10061.2,-11.6,-7848.3,-1834.15,2234.78,4994220.42,7836.7,H
6180.3,187.5,2567.5,2220.63,4931219.29,5992.8,-90.4,-6862.4,-789.8,2235.22,4996191.39,6772.,H
6897.,5.3,2644.5,2367.06,5602975.34,6891.7,-53.7,-8991.,-1951.6,2760.18,7618571.65,8937.3,H
5582.1,18.4,1499.,1944.65,3781648.25,5563.7,-36.3,-5726.5,-1156.7,1575.83,2483251.78,5690.2,H
6226.5,183.9,2312.25,2041.07,4165971.03,6042.6,-25.5,-5957.7,-1736.3,1736.3,3014737.98,5932.2,H
2197.4,23.4,156.8,752.18,565775.82,2174.,-8.4,-2428.4,-161.3,734.42,539378.78,2420.,S
2466.5,89.3,455.5,586.01,343402.48,2377.2,-66.9,-1199.4,-622.5,392.19,153811.49,1132.5,S
2743.,179.7,1583.55,761.69,580169.1,2563.3,-44.8,-4295.6,-286.9,1440.58,2075262.29,4250.8,S
2782.1,33.5,544.25,918.46,843560.95,2748.6,-277.2,-2928.8,-638.5,920.1,846580.42,2651.6,S
3095.6,41.7,457.4,1018.33,1037005.67,3053.9,-89.2,-1984.3,-322.2,619.26,383477.84,1895.1,S
2600.2,39.2,368.6,870.83,758342.48,2561.,-15.9,-2844.2,-493.45,917.89,842520.15,2828.3,S
5660.6,93.8,1306.6,1708.27,2918185.,5566.8,-10.5,-5502.1,-764.5,1710.24,2924922.32,5491.6,S
7782.3,111.5,673.8,2385.62,5691162.52,7670.8,-176.8,-5819.8,-1076.75,2146.64,4608065.68,5643.,S
1040.6,33.5,347.1,354.44,125628.55,1007.1,-6.3,-3240.,-329.2,1024.19,1048958.08,3233.7,S
1781.7,8.4,472.,507.58,257633.67,1773.3,-21.,-3197.1,-395.8,1069.84,1144556.38,3176.1,S
4152.2,112.8,1602.9,1516.51,2299812.28,4039.4,-43.6,-5668.,-296.2,1741.6,3033184.48,5624.4,S
6437.9,16.6,1336.2,2017.52,4070399.33,6421.3,-8.4,-6756.3,-266.2,2153.31,4636736.66,6747.9,S
2830.6,20.5,629.1,1103.57,1217871.12,2810.1,-44.,-1465.4,-646.4,411.1,169004.23,1421.4,S
2749.4,53.1,274.1,881.24,776590.33,2696.3,-24.4,-2127.9,-1120.8,681.9,464984.31,2103.5,S
3729.8,71.5,1117.7,1265.73,1602063.74,3658.3,-78.8,-5682.5,-416.75,1951.16,3807021.11,5603.7,S
1598.8,181.9,1062.25,535.48,286738.38,1416.9,-85.7,-2354.1,-497.3,629.45,396211.37,2268.4,S
1646.8,96.4,928.4,497.62,247630.5,1550.4,-40.,-1396.8,-660.2,334.78,112078.1,1356.8,S
1490.1,66.,202.6,410.96,168885.73,1424.1,-16.3,-1631.3,-953.4,460.67,212221.01,1615.,S
1123.,38.7,233.,336.79,113424.58,1084.3,-11.,-1221.5,-190.9,448.62,201255.92,1210.5,S
4228.4,23.5,546.4,1133.51,1284850.17,4204.9,-201.7,-4921.2,-1660.75,1759.87,3097155.13,4719.5,S
3913.2,192.9,1313.45,1113.9,1240774.63,3720.3,-106.6,-2854.,-713.45,765.99,586734.57,2747.4,S
1712.3,15.2,194.8,478.32,228787.4,1697.1,-10.,-3466.7,-443.85,1040.98,1083629.34,3456.7,S
1888.4,32.5,998.,605.61,366765.83,1855.9,-5.6,-1745.2,-384.3,481.26,231610.27,1739.6,S
1865.4,31.1,155.4,640.3,409983.09,1834.3,-5.,-1584.4,-556.1,589.77,347823.19,1579.4,S
3566.6,11.3,893.,1342.1,1801245.4,3555.3,-19.2,-4520.2,-610.45,1211.6,1467977.64,4501.,S
1674.1,24.,121.1,578.67,334856.16,1650.1,-60.,-2950.8,-214.1,900.94,811699.66,2890.8,S
2677.6,109.4,633.7,812.95,660893.58,2568.2,-12.7,-1259.1,-666.2,342.52,117318.33,1246.4,S
13012.9,34.7,254.6,4886.15,23874440.84,12978.2,-6.6,-11036.9,-324.8,3563.59,12699182.63,11030.3,S
4720.6,7.6,566.1,1555.2,2418631.66,4713.,-30.5,-5673.4,-481.4,1921.88,3693617.51,5642.9,S
2110.4,50.5,884.1,747.54,558821.49,2059.9,-50.7,-2803.9,-521.2,698.02,487237.41,2753.2,S
4351.,94.3,1260.9,1464.43,2144547.64,4256.7,-50.4,-3056.2,-327.3,997.6,995203.32,3005.8,S
4206.4,20.1,663.6,977.11,954746.86,4186.3,-1154.6,-4520.,-2751.6,1095.22,1199508.87,3365.4,S
2142.9,2.6,571.8,731.33,534850.63,2140.3,-4.5,-2277.6,-428.75,646.51,417970.29,2273.1,S
11509.2,24.9,564.9,3752.01,14077572.25,11484.3,-91.5,-8628.5,-1599.4,2910.02,8468214.87,8537.,S
3645.,38.5,226.4,1248.14,1557848.7,3606.5,-17.3,-3143.3,-202.65,1087.83,1183373.06,3126.,S
2982.7,1.4,638.5,999.67,999331.66,2981.3,-31.3,-2239.9,-176.,742.72,551634.74,2208.6,S
3893.8,21.9,651.2,1420.87,2018877.58,3871.9,-15.,-2817.4,-891.4,881.73,777456.42,2802.4,S
3457.2,48.4,733.45,1244.62,1549077.88,3408.8,-89.1,-3067.5,-863.,909.51,827200.93,2978.4,S
3335.8,12.3,229.5,1224.27,1498832.07,3323.5,-17.9,-3962.5,-509.9,1339.05,1793066.54,3944.6,S
4361.2,24.1,742.1,1530.92,2343724.29,4337.1,-53.2,-4366.6,-699.35,1246.93,1554842.48,4313.4,S
2561.6,39.4,696.2,759.45,576763.07,2522.2,-64.4,-1961.2,-620.1,569.57,324407.65,1896.8,S
3526.2,155.,1080.8,1032.28,1065610.2,3371.2,-6.4,-4506.2,-1000.05,1216.53,1479933.54,4499.8,S
