1524.,4.6,268.,513.35,263523.95,1519.4,-44.2,-770.6,-236.35,165.96,27543.56,726.4,H
1831.,51.8,698.6,500.09,250094.92,1779.2,-117.4,-2138.,-449.3,449.01,201609.95,2020.6,H
1054.3,2.4,405.5,330.09,108959.55,1051.9,-90.7,-1999.5,-550.35,549.96,302454.76,1908.8,H
3162.9,54.,1064.35,1032.71,1066489.23,3108.9,-18.,-3069.,-884.,1094.86,1198711.3,3051.,H
5366.1,66.4,1099.2,1660.2,2756274.24,5299.7,-282.8,-2597.2,-2228.4,915.62,838356.8,2314.4,H
5256.2,0.4,403.6,1473.85,2172225.55,5255.8,-34.,-5029.8,-167.9,1634.58,2671867.21,4995.8,H
1952.1,182.8,1258.,471.05,221891.84,1769.3,-187.6,-1732.7,-722.8,442.32,195650.98,1545.1,H
2100.4,87.2,810.,749.68,562023.2,2013.2,-35.2,-1409.2,-731.7,364.36,132761.14,1374.,H
2490.8,4.2,472.2,838.43,702969.56,2486.6,-18.8,-1035.2,-615.8,325.51,105956.47,1016.4,H
1482.,23.6,652.35,438.29,192100.26,1458.4,-4.5,-2963.6,-381.,957.35,916526.49,2959.1,H
3564.3,251.8,1409.2,1097.68,1204911.99,3312.5,-524.5,-2256.6,-1409.9,562.1,315954.71,1732.1,H
1295.4,2.3,550.2,371.63,138108.16,1293.1,-90.,-1817.2,-395.4,668.39,446748.53,1727.2,H
2211.4,4.,976.1,822.33,676234.72,2207.4,-14.1,-1255.7,-296.45,312.56,97694.9,1241.6,H
1570.4,31.5,415.65,459.11,210784.72,1538.9,-93.7,-902.,-471.3,277.7,77119.66,808.3,H
1667.9,43.,767.4,458.79,210485.17,1624.9,-122.6,-636.2,-279.6,163.59,26761.58,513.6,H
570.1,3.,343.7,170.59,29101.16,567.1,-41.3,-1234.,-669.7,388.66,151053.53,1192.7,H
1773.6,15.4,689.65,500.47,250467.39,1758.2,-314.4,-2200.7,-1490.,559.05,312532.27,1886.3,H
1827.,55.4,1013.6,535.54,286802.26,1771.6,-20.1,-3293.6,-1210.1,1163.08,1352758.08,3273.5,H
2033.,52.5,1161.,655.83,430108.44,1980.5,-77.4,-1695.5,-525.8,455.94,207881.73,1618.1,H
1013.,6.9,317.15,344.19,118469.21,1006.1,-22.4,-2155.4,-512.6,606.05,367293.64,2133.,H
1107.5,26.7,427.15,314.04,98622.76,1080.8,-122.5,-1901.2,-1075.4,452.6,204849.58,1778.7,H
1949.2,101.8,1134.45,579.35,335652.08,1847.4,-36.5,-868.9,-383.7,314.98,99213.7,832.4,H
2692.4,24.5,408.2,802.63,644221.05,2667.9,-29.6,-1010.3,-395.4,236.82,56081.84,980.7,H
876.9,34.6,435.6,214.36,45948.19,842.3,-27.6,-1106.3,-254.05,353.68,125087.93,1078.7,H
1766.,34.4,617.3,438.63,192395.69,1731.6,-88.5,-969.8,-315.9,288.66,83327.44,881.3,H
2038.5,174.4,464.2,529.82,280708.94,1864.1,-45.,-2777.2,-700.9,901.36,812452.13,2732.2,H
1266.8,47.9,671.,376.58,141815.13,1218.9,-87.7,-1951.6,-471.75,574.72,330306.02,1863.9,H
1888.6,2.,608.5,578.8,335008.29,1886.6,-31.,-1334.5,-452.5,441.53,194945.91,1303.5,H
1961.4,107.4,832.5,561.96,315801.49,1854.,-16.9,-153.2,-85.05,68.15,4644.42,136.3,H
2297.5,24.8,500.3,671.04,450292.78,2272.7,-143.8,-1390.8,-529.8,422.04,178118.44,1247.,H
3972.4,45.,1426.8,1186.97,1408890.04,3927.4,-20.,-2716.4,-430.5,936.85,877695.47,2696.4,H
1677.2,0.6,455.4,416.13,173168.33,1676.6,-106.7,-1439.8,-291.2,389.55,151752.5,1333.1,H
1865.2,3.1,939.6,535.31,286553.84,1862.1,-54.3,-723.6,-397.9,182.28,33226.84,669.3,H
871.2,4.5,365.8,305.69,93447.49,866.7,-28.5,-611.3,-248.45,121.68,14806.2,582.8,H
4041.3,98.,612.85,1258.24,1583155.48,3943.3,-47.3,-683.9,-286.4,160.37,25720.1,636.6,H
2640.6,151.8,852.25,539.93,291529.28,2488.8,-34.3,-1457.7,-527.2,486.92,237086.94,1423.4,H
3147.4,42.,1609.05,1180.69,1394036.77,3105.4,-71.5,-1879.2,-762.2,535.73,287003.21,1807.7,H
4939.8,328.4,2599.7,1466.38,2150265.56,4611.4,-62.,-1775.6,-975.9,415.53,172669.03,1713.6,H
1118.3,31.7,564.2,329.85,108804.21,1086.6,-64.,-1775.,-760.5,483.19,233467.97,1711.,H
1667.,62.8,539.15,543.76,295679.38,1604.2,-64.6,-777.2,-354.3,171.82,29523.51,712.6,H
1329.8,10.3,175.7,317.95,101091.97,1319.5,-19.5,-733.1,-467.9,238.19,56732.56,713.6,H
1253.1,34.,460.5,332.02,110238.98,1219.1,-40.8,-893.1,-330.25,319.91,102345.28,852.3,H
813.,14.1,128.4,283.79,80538.97,798.9,-29.4,-1123.1,-271.8,284.36,80863.07,1093.7,S
1493.3,198.2,903.55,446.27,199156.66,1295.1,-99.7,-1085.2,-295.,298.,88802.34,985.5,S
2466.4,14.3,497.,832.74,693462.98,2452.1,-42.,-830.2,-149.6,234.26,54876.4,788.2,S
2706.2,156.,1032.3,796.57,634530.38,2550.2,-32.7,-2876.2,-436.7,969.7,940325.97,2843.5,S
1030.,83.2,329.,279.33,78027.78,946.8,-30.2,-485.6,-276.,126.13,15909.1,455.4,S
733.2,51.9,531.4,159.53,25451.01,681.3,-70.2,-647.9,-484.25,204.38,41772.72,577.7,S
3046.9,4.1,335.2,972.77,946287.61,3042.8,-59.4,-1576.7,-882.95,525.3,275944.06,1517.3,S
914.4,26.1,437.2,237.92,56606.4,888.3,-98.3,-105.6,-101.95,3.65,13.32,7.3,S
2652.8,2.4,681.3,713.68,509333.67,2650.4,-95.4,-1514.,-925.6,475.62,226210.64,1418.6,S
807.6,2.,409.1,227.1,51574.12,805.6,-89.,-1401.2,-339.,444.38,197477.47,1312.2,S
2525.9,40.8,292.5,898.57,807433.91,2485.1,-6.5,-1917.8,-596.7,625.99,391867.83,1911.3,S
526.3,40.3,381.4,167.35,28005.12,486.,-63.2,-985.5,-495.7,299.37,89620.,922.3,S
580.7,3.3,235.9,179.47,32208.51,577.4,-1.3,-418.1,-160.2,146.08,21338.42,416.8,S
2451.1,25.7,710.1,804.22,646765.64,2425.4,-8.4,-2265.6,-591.5,721.2,520132.35,2257.2,S
3579.5,37.6,585.2,1124.71,1264983.02,3541.9,-115.2,-1325.,-545.2,480.42,230805.44,1209.8,S
1916.,65.1,721.4,624.1,389500.,1850.9,-21.4,-1188.,-502.05,312.04,97371.28,1166.6,S
813.8,51.1,267.,228.24,52095.11,762.7,-3.6,-734.3,-467.75,265.73,70612.17,730.7,S
958.3,31.1,201.4,316.98,100474.47,927.2,-63.7,-1286.4,-584.55,301.74,91047.4,1222.7,S
1034.8,38.2,662.1,326.57,106649.05,996.6,-89.1,-1089.5,-589.,305.74,93476.92,1000.4,S
3473.5,12.6,1523.8,1046.2,1094538.87,3460.9,-141.1,-1225.9,-444.,329.36,108480.12,1084.8,S
720.4,173.6,358.8,177.23,31412.11,546.8,-3.8,-469.6,-72.9,143.27,20527.24,465.8,S
1583.4,4.4,139.5,498.06,248067.72,1579.,-24.9,-1054.4,-292.55,344.25,118504.81,1029.5,S
2320.9,32.,182.9,700.36,490508.29,2288.9,-33.6,-1346.5,-1060.6,457.74,209530.12,1312.9,S
1917.1,16.1,1115.6,564.04,318146.19,1901.,-22.4,-1389.5,-194.2,480.44,230825.18,1367.1,S
3407.8,120.3,2263.9,1212.1,1469198.29,3287.5,-97.,-1597.,-369.2,389.84,151974.42,1500.,S
2633.,142.8,2053.05,783.22,613430.25,2490.2,-85.8,-1059.3,-612.2,276.88,76662.83,973.5,S
424.2,38.4,140.75,113.86,12964.43,385.8,-11.3,-466.6,-256.8,135.83,18448.86,455.3,S
2647.7,1.3,562.,910.34,828712.89,2646.4,-16.5,-1390.1,-452.2,460.39,211963.35,1373.6,S
3448.3,1.6,332.4,1175.31,1381350.61,3446.7,-5.6,-1686.1,-87.95,579.49,335803.72,1680.5,S
3486.4,16.2,1829.5,1301.39,1693610.3,3470.2,-42.1,-2382.2,-361.75,693.12,480417.9,2340.1,S
5828.3,344.1,2051.1,1628.41,2651720.91,5484.2,-64.4,-1246.8,-709.3,309.5,95790.05,1182.4,S
359.9,9.,80.2,134.5,18089.15,350.9,-33.5,-598.8,-246.15,143.89,20705.39,565.3,S
243.1,13.2,132.55,61.44,3775.29,229.9,-13.9,-306.6,-122.1,86.32,7450.69,292.7,S
959.2,38.6,645.65,339.39,115183.71,920.6,-12.7,-826.8,-304.4,235.53,55474.2,814.1,S
906.8,3.4,197.45,243.41,59249.1,903.4,-16.,-202.7,-98.3,69.54,4836.37,186.7,S
508.1,12.9,104.9,184.67,34104.82,495.2,-49.4,-957.5,-410.3,218.4,47700.01,908.1,S
2014.6,16.1,147.7,681.6,464576.44,1998.5,-7.9,-1620.3,-302.6,600.93,361122.37,1612.4,S
3352.5,5.9,946.7,1182.34,1397933.27,3346.6,-4.9,-1387.8,-330.8,376.17,141504.82,1382.9,S
1426.2,0.4,192.2,435.71,189842.87,1425.8,-11.6,-645.9,-547.35,237.08,56207.89,634.3,S
3429.,42.3,1181.1,1188.88,1413447.35,3386.7,-33.8,-1270.8,-441.7,346.93,120360.28,1237.,S
1403.2,56.5,750.2,382.83,146562.13,1346.7,-138.6,-1113.6,-770.95,326.86,106834.22,975.,S
1154.1,220.1,827.,343.68,118119.02,934.,-100.,-1357.2,-368.65,343.68,118115.7,1257.2,S
