2555.4,33.,427.5,876.92,768985.25,2522.4,-168.5,-3852.6,-2261.35,1220.26,1489033.15,3684.1,H
4073.5,170.,1828.55,1353.13,1830972.13,3903.5,-486.3,-3620.,-938.1,1040.46,1082566.74,3133.7,H
5236.7,79.4,1377.6,1365.11,1863520.16,5157.3,-136.,-10352.5,-962.2,3000.21,9001284.32,10216.5,H
20149.6,80.9,822.8,7322.47,53618510.83,20068.7,-26.6,-13541.,-1205.5,4644.51,21571428.88,13514.4,H
7.39e+03,2.07e+02,4.30e+03,2.64e+03,6.99e+06,7.18e+03,-3.84e+02,-5.15e+04,-6.30e+03,1.52e+04,2.31e+08,5.11e+04,H
18117.9,131.7,832.6,5719.,32707011.66,17986.2,-53.8,-13682.9,-2463.4,4650.69,21628874.16,13629.1,H
3554.6,39.5,1108.2,1306.78,1707677.26,3515.1,-165.,-3076.4,-1081.9,818.3,669622.37,2911.4,H
3.46e+04,4.82e+02,3.31e+03,9.95e+03,9.90e+07,3.41e+04,-9.51e+01,-1.05e+05,-3.86e+03,3.36e+04,1.13e+09,1.05e+05,H
6989.6,228.,1310.65,2023.06,4092772.13,6761.6,-9.5,-8094.8,-4540.,2488.46,6192437.05,8085.3,H
4529.4,16.,590.4,1355.39,1837074.79,4513.4,-33.6,-10724.8,-2639.3,3971.23,15770632.74,10691.2,H
1.69e+05,3.67e+03,6.95e+04,5.91e+04,3.49e+09,1.65e+05,-1.69e+02,-7.81e+04,-8.39e+03,2.53e+04,6.38e+08,7.79e+04,H
2257.8,38.3,554.55,686.23,470908.07,2219.5,-69.1,-3675.,-1196.7,1257.4,1581055.32,3605.9,H
8257.2,720.,4854.8,2690.79,7240344.44,7537.2,-80.,-3200.8,-1544.8,837.93,702132.53,3120.8,H
1.40e+05,1.52e+02,3.13e+03,5.79e+04,3.36e+09,1.40e+05,-5.17e+02,-9.88e+04,-2.02e+03,3.54e+04,1.25e+09,9.83e+04,H
6406.,151.8,3221.5,2192.03,4805013.47,6254.2,-25.8,-2937.,-1967.45,707.08,499956.63,2911.2,H
984.4,4.5,269.2,302.86,91723.4,979.9,-55.3,-2015.9,-328.,751.17,564258.91,1960.6,H
2052.9,324.2,745.7,529.97,280869.26,1728.7,-405.4,-4606.2,-2475.15,1214.65,1475363.77,4200.8,H
8650.3,108.6,5102.2,2835.6,8040633.93,8541.7,-56.8,-3780.4,-1294.85,1040.99,1083657.51,3723.6,H
6.64e+04,5.60e+01,9.80e+02,2.29e+04,5.24e+08,6.63e+04,-1.92e+01,-6.30e+04,-8.92e+02,2.55e+04,6.51e+08,6.30e+04,H
5132.7,265.9,3050.2,1646.21,2709999.52,4866.8,-33.2,-1581.7,-527.,486.47,236651.45,1548.5,H
15712.8,73.4,4075.4,5594.48,31298260.23,15639.4,-90.5,-22646.,-1584.7,6716.75,45114690.74,22555.5,H
2197.,50.7,540.6,631.53,398833.73,2146.3,-65.2,-4555.7,-534.8,1381.81,1909386.06,4490.5,H
3039.4,301.9,1902.2,986.76,973691.49,2737.5,-113.6,-5309.5,-2255.8,1817.44,3303099.47,5195.9,H
9999.4,839.,1629.1,3229.26,10428101.64,9160.4,-13.1,-2032.8,-1204.5,551.27,303899.84,2019.7,H
17690.4,15.4,2814.9,6326.33,40022498.65,17675.,-11.7,-14183.,-1241.4,3943.38,15550234.6,14171.3,H
3642.3,194.3,888.6,1210.93,1466339.55,3448.,-20.1,-2518.2,-534.55,593.77,352562.54,2498.1,H
2.58e+05,4.73e+02,1.57e+05,9.99e+04,9.98e+09,2.57e+05,-2.11e+02,-2.49e+05,-1.19e+03,7.35e+04,5.40e+09,2.49e+05,H
3432.8,88.6,1082.7,966.79,934686.61,3344.2,-12.1,-1877.,-505.,564.11,318220.49,1864.9,H
5921.9,217.6,2386.3,1824.32,3328159.08,5704.3,-32.2,-4585.9,-956.5,1404.55,1972772.9,4553.7,H
7.58e+04,3.92e+02,1.93e+03,2.64e+04,7.00e+08,7.54e+04,-5.19e+02,-7.68e+04,-1.58e+03,2.70e+04,7.31e+08,7.63e+04,H
1.30e+05,1.04e+02,4.57e+03,4.67e+04,2.18e+09,1.30e+05,-2.22e+02,-1.28e+05,-2.83e+03,4.69e+04,2.20e+09,1.27e+05,H
3937.5,92.5,1108.1,1254.98,1574964.38,3845.,-82.4,-3363.5,-1663.85,1118.22,1250420.5,3281.1,H
803.3,1.6,572.6,283.16,80178.24,801.7,-23.2,-3370.7,-877.55,846.,715721.87,3347.5,H
11206.8,10.4,1738.6,4007.96,16063775.48,11196.4,-306.4,-4336.6,-1007.8,1416.76,2007218.5,4030.2,H
1.14e+05,1.01e+03,2.44e+04,4.32e+04,1.86e+09,1.13e+05,-1.66e+02,-9.64e+04,-3.15e+03,3.34e+04,1.11e+09,9.62e+04,H
12502.8,33.9,6569.55,4171.25,17399316.18,12468.9,-473.8,-5787.3,-1030.,1304.96,1702926.44,5313.5,H
2527.9,2.5,865.3,646.56,418040.88,2525.4,-2.2,-329.2,-121.2,103.47,10705.69,327.,H
2222.,187.4,1415.9,733.11,537450.22,2034.6,-177.9,-2241.4,-531.5,630.3,397279.48,2063.5,H
20847.8,767.,7288.,6535.96,42718821.64,20080.8,-178.2,-23778.7,-3880.1,7064.58,49908290.46,23600.5,H
5154.8,37.,2547.6,1773.48,3145215.26,5117.8,-109.8,-3302.6,-1014.7,939.63,882907.16,3192.8,H
3280.4,32.7,1910.9,1073.26,1151883.52,3247.7,-0.3,-6353.9,-581.8,2267.66,5142279.12,6353.6,H
8931.9,260.5,2115.3,2570.46,6607280.,8671.4,-732.,-12373.4,-3127.6,3483.7,12136179.93,11641.4,H
842.2,11.4,168.6,286.3,81967.96,830.8,-13.5,-3393.,-1251.9,904.89,818830.23,3379.5,S
2.75e+04,2.17e+01,9.93e+02,7.52e+03,5.66e+07,2.75e+04,-1.94e+02,-3.79e+04,-6.54e+03,1.46e+04,2.14e+08,3.77e+04,S
3868.,68.4,1723.,1026.66,1054038.26,3799.6,-139.8,-10113.,-935.65,3207.95,10290968.21,9973.2,S
2429.1,103.4,672.75,737.23,543509.25,2325.7,-33.4,-2425.4,-1099.7,713.71,509380.08,2392.,S
1707.5,28.3,1560.6,458.74,210444.88,1679.2,-231.2,-3248.7,-1295.95,733.69,538296.82,3017.5,S
1.94e+04,1.89e+03,8.74e+03,5.84e+03,3.41e+07,1.75e+04,-4.22e+02,-5.97e+04,-5.43e+03,2.20e+04,4.85e+08,5.93e+04,S
242.1,18.7,132.75,70.07,4909.39,223.4,-6.2,-1888.1,-461.1,500.52,250518.57,1881.9,S
939.6,116.9,270.2,256.15,65610.78,822.7,-57.1,-616.8,-304.05,173.84,30218.72,559.7,S
9792.8,1.8,1675.75,3494.98,12214885.47,9791.,-20.,-8027.7,-1269.,2618.82,6858237.34,8007.7,S
6424.6,1789.,3519.2,1255.15,1575402.6,4635.6,-211.6,-14092.2,-992.5,4171.23,17399134.88,13880.6,S
6359.3,92.5,2751.5,2147.52,4611821.86,6266.8,-253.8,-3267.8,-1047.2,863.42,745486.96,3014.,S
2357.6,96.2,597.4,657.34,432090.67,2261.4,-11.8,-3156.2,-1264.2,1210.65,1465673.68,3144.4,S
743.,33.8,412.95,245.75,60394.98,709.2,-181.8,-1939.4,-468.1,560.1,313706.48,1757.6,S
867.8,22.8,246.8,251.64,63322.17,845.,-16.2,-562.,-116.7,154.03,23724.36,545.8,S
1350.6,64.2,922.4,444.4,197492.09,1286.4,-48.,-1458.2,-1064.1,452.65,204889.29,1410.2,S
3138.6,641.6,2319.3,910.65,829289.15,2497.,-57.9,-3330.8,-1503.9,873.33,762704.46,3272.9,S
1382.4,86.2,626.1,443.83,196987.67,1296.2,-41.4,-921.2,-417.2,262.88,69105.87,879.8,S
5628.6,259.1,1902.,1535.73,2358459.74,5369.5,-874.5,-3734.2,-2925.7,1068.6,1141906.19,2859.7,S
0.,0.,0.,0.,0.,0.,-433.4,-2628.6,-1890.8,564.5,318662.67,2195.2,S
1641.6,28.,383.8,486.22,236414.32,1613.6,-22.7,-3014.8,-743.8,1117.04,1247781.41,2992.1,S
2476.6,106.4,1075.7,883.54,780636.98,2370.2,-750.4,-3992.8,-2204.,801.91,643058.37,3242.4,S
1733.9,27.,509.3,476.38,226934.55,1706.9,-224.5,-2241.8,-1621.15,790.59,625029.6,2017.3,S
4879.,131.2,1156.3,1686.22,2843330.08,4747.8,-1.2,-1897.1,-528.3,531.33,282306.78,1895.9,S
3413.1,14.1,799.9,1243.06,1545200.52,3399.,-109.8,-2159.3,-1217.,630.57,397620.96,2049.5,S
2256.1,16.8,1546.95,830.17,689186.01,2239.3,-34.3,-1937.5,-901.2,559.88,313469.96,1903.2,S
8470.7,109.7,5124.5,2773.49,7692240.66,8361.,-389.2,-3530.2,-1635.15,869.21,755524.02,3141.,S
2335.8,80.9,1761.2,665.04,442275.98,2254.9,-329.2,-2706.3,-899.2,750.2,562802.53,2377.1,S
1302.3,448.5,1127.1,348.51,121459.08,853.8,-262.,-2166.3,-1124.3,526.24,276933.03,1904.3,S
1508.,18.3,501.3,451.83,204151.69,1489.7,-97.2,-932.2,-258.4,251.65,63327.1,835.,S
4208.1,18.3,2009.85,1485.51,2206747.7,4189.8,-81.1,-2397.9,-530.8,708.36,501775.91,2316.8,S
2662.2,0.8,505.7,753.89,568351.42,2661.4,-45.6,-2027.7,-154.55,728.09,530115.17,1982.1,S
3978.8,16.5,269.2,1287.38,1657342.03,3962.3,-96.6,-973.,-398.8,256.46,65770.71,876.4,S
721.,30.,501.9,219.53,48192.49,691.,-101.5,-1284.3,-748.6,278.06,77316.51,1182.8,S
292.7,229.9,261.3,31.4,985.96,62.8,-18.9,-2516.5,-1119.3,716.3,513085.61,2497.6,S
1271.,22.1,763.8,397.15,157728.03,1248.9,-13.4,-1580.2,-730.8,437.48,191387.44,1566.8,S
341.2,138.,192.3,85.9,7378.88,203.2,-1.1,-2508.9,-1525.,698.2,487477.33,2507.8,S
1929.3,59.1,656.55,592.8,351411.48,1870.2,-5.6,-1054.8,-478.4,318.07,101171.63,1049.2,S
1024.5,67.,430.,316.94,100451.19,957.5,-105.5,-921.,-649.15,281.17,79058.82,815.5,S
6258.,257.6,3915.6,2061.52,4249851.45,6000.4,-774.,-30490.4,-3277.05,9127.45,83310389.08,29716.4,S
6473.8,126.2,2929.4,2218.53,4921873.92,6347.6,-52.1,-1624.8,-827.65,435.43,189596.63,1572.7,S
7.60e+04,1.16e+01,2.10e+02,2.58e+04,6.65e+08,7.60e+04,-1.58e+01,-5.88e+04,-2.71e+03,2.06e+04,4.24e+08,5.88e+04,S
5696.4,324.8,3123.1,1798.55,3234796.68,5371.6,-203.6,-7490.4,-1313.15,2399.23,5756294.29,7286.8,S
