2073.9,14.6,585.5,683.69,467429.6,2059.3,-8.9,-2379.,-607.85,674.68,455192.4,2370.1,H
3247.,15.4,319.3,1188.82,1413293.51,3231.6,-5.8,-2193.9,-421.8,798.09,636944.23,2188.1,H
1364.2,20.,181.1,447.15,199943.1,1344.2,-38.4,-2356.3,-273.15,766.45,587439.19,2317.9,H
1027.,30.8,123.8,308.32,95062.36,996.2,-79.,-2053.3,-580.2,676.02,457004.25,1974.3,H
1465.4,15.1,940.7,524.76,275377.11,1450.3,-15.1,-1649.6,-747.4,494.56,244586.92,1634.5,H
11467.7,98.3,1610.,3706.48,13738001.54,11369.4,-64.5,-785.1,-299.4,211.91,44904.41,720.6,H
6224.5,4.5,867.05,2084.08,4343387.3,6220.,-39.7,-2150.9,-281.,783.46,613810.69,2111.2,H
849.4,48.6,449.3,216.41,46831.39,800.8,-58.6,-1477.4,-532.7,458.86,210549.34,1418.8,H
4428.6,58.9,676.9,1659.2,2752943.06,4369.7,-29.4,-2009.4,-926.35,711.41,506108.13,1980.,H
1541.1,38.1,368.2,513.92,264118.67,1503.,-60.2,-951.4,-384.3,263.5,69432.46,891.2,H
1574.9,145.,807.3,340.17,115716.8,1429.9,-128.6,-2359.2,-721.3,790.63,625103.52,2230.6,H
742.8,11.,606.4,202.94,41183.76,731.8,-11.8,-1616.5,-717.2,513.37,263547.58,1604.7,H
155.2,10.8,72.4,47.94,2298.07,144.4,-35.9,-464.1,-195.75,123.67,15294.26,428.2,H
605.2,4.,115.3,225.07,50655.66,601.2,-11.6,-1283.2,-103.6,415.43,172579.12,1271.6,H
2566.6,17.9,921.8,846.57,716677.78,2548.7,-28.4,-891.7,-206.05,290.49,84385.53,863.3,H
1220.6,7.1,552.2,354.95,125988.68,1213.5,-14.6,-763.4,-391.35,255.75,65406.38,748.8,H
2073.1,45.2,503.8,717.03,514134.46,2027.9,-72.2,-1002.,-669.6,278.96,77818.72,929.8,H
1019.6,11.7,363.8,283.,80091.66,1007.9,-15.,-1844.9,-559.7,569.24,324030.1,1829.9,H
3392.2,170.2,778.8,1025.69,1052049.85,3222.,-0.5,-4598.,-1545.85,1790.54,3206019.34,4597.5,H
1593.6,27.8,784.2,495.11,245138.57,1565.8,-164.2,-3670.,-1504.8,1158.76,1342734.33,3505.8,H
5602.2,17.8,1445.4,1685.74,2841710.99,5584.4,-83.5,-2493.8,-946.5,707.85,501053.39,2410.3,H
2142.8,1.9,876.6,767.38,588874.61,2140.9,-40.9,-2017.2,-1066.65,679.12,461207.16,1976.3,H
3784.9,48.,1138.85,1289.56,1662959.01,3736.9,-72.,-3186.7,-2338.3,887.58,787802.76,3114.7,H
12207.8,20.5,1429.6,4224.05,17842591.69,12187.3,-81.6,-5009.7,-1224.1,1363.14,1858141.31,4928.1,H
5912.9,27.5,3060.6,2067.23,4273447.18,5885.4,-122.8,-3836.,-721.4,1027.55,1055862.02,3713.2,H
3836.8,309.4,1103.3,1105.96,1223152.54,3527.4,-88.,-3175.8,-321.6,1141.65,1303375.44,3087.8,H
7921.8,233.3,4305.4,2518.67,6343679.86,7688.5,-48.3,-2696.8,-374.95,817.14,667711.75,2648.5,H
2619.,185.2,1329.55,824.94,680525.17,2433.8,-102.7,-1463.6,-830.3,430.01,184911.68,1360.9,H
1886.7,10.1,462.1,529.24,280091.39,1876.6,-103.1,-1998.4,-809.5,534.82,286031.64,1895.3,H
3227.5,116.4,1765.1,931.12,866982.95,3111.1,-198.3,-1935.4,-598.2,598.61,358328.51,1737.1,H
5029.4,244.6,2095.5,1382.,1909931.69,4784.8,-140.8,-1798.3,-696.8,529.25,280107.3,1657.5,H
3895.8,114.8,1026.55,1131.46,1280212.16,3781.,-234.6,-2438.5,-1296.5,712.48,507629.95,2203.9,H
2772.,50.9,773.1,933.42,871269.7,2721.1,-62.2,-961.6,-625.45,285.3,81395.09,899.4,H
2760.5,12.,742.4,874.99,765605.94,2748.5,-13.2,-2322.,-1008.55,852.01,725917.73,2308.8,H
3222.,38.3,1858.65,1046.83,1095862.54,3183.7,-61.4,-2111.6,-1251.5,748.65,560478.73,2050.2,H
6154.4,36.,548.85,1912.23,3656614.99,6118.4,-33.9,-2457.5,-602.3,629.56,396346.95,2423.6,H
2663.2,16.,1526.25,833.18,694194.16,2647.2,-23.4,-1991.1,-876.,564.89,319103.07,1967.7,H
3169.4,221.8,1029.6,926.92,859189.17,2947.6,-6.8,-2869.1,-1039.5,804.,646418.99,2862.3,H
5726.8,6.2,878.2,1844.89,3403625.43,5720.6,-162.1,-1908.6,-623.65,503.87,253881.8,1746.5,H
3074.8,87.6,830.6,892.44,796441.58,2987.2,-212.6,-5273.3,-1546.05,1790.47,3205773.21,5060.7,H
3117.1,172.4,571.3,1040.82,1083297.27,2944.7,-27.2,-1439.,-705.1,383.31,146922.76,1411.8,H
3983.4,81.4,1859.55,1249.59,1561467.28,3902.,-116.4,-2406.,-1195.2,765.76,586388.64,2289.6,H
665.,40.8,167.,187.57,35183.29,624.2,-41.4,-276.6,-185.2,78.21,6117.47,235.2,S
1363.5,12.6,754.4,484.49,234734.26,1350.9,-70.1,-1875.3,-775.3,523.56,274118.64,1805.2,S
394.,2.2,261.9,116.74,13627.3,391.8,-8.1,-923.8,-479.,266.73,71143.64,915.7,S
143.,3.2,54.5,51.78,2681.36,139.8,-3.2,-1812.,-326.4,609.68,371710.13,1808.8,S
903.5,17.3,483.9,286.01,81802.2,886.2,-84.8,-1332.2,-640.8,380.03,144423.5,1247.4,S
591.9,150.1,371.7,174.01,30280.8,441.8,-53.6,-1125.,-434.6,329.83,108789.76,1071.4,S
1731.9,8.2,334.1,626.1,391997.52,1723.7,-42.8,-1013.2,-627.85,273.46,74777.71,970.4,S
1841.,10.,292.45,540.05,291656.11,1831.,-125.5,-1097.,-521.7,297.14,88294.73,971.5,S
2444.,16.2,607.3,824.43,679682.13,2427.8,-68.7,-2192.5,-726.55,779.52,607653.33,2123.8,S
756.1,32.2,255.4,221.18,48918.5,723.9,-128.7,-2440.4,-313.3,773.25,597914.6,2311.7,S
1062.2,1.2,292.,373.58,139561.89,1061.,-178.9,-1421.,-806.3,338.68,114703.51,1242.1,S
828.5,9.6,299.7,279.97,78382.54,818.9,-12.,-612.5,-102.45,176.35,31099.47,600.5,S
1581.8,8.8,167.4,552.98,305783.83,1573.,-9.5,-2116.1,-948.7,579.74,336094.15,2106.6,S
1126.3,153.,795.6,289.61,83872.57,973.3,-190.1,-1310.6,-726.75,382.37,146206.63,1120.5,S
39.8,3.9,13.1,15.23,231.82,35.9,-0.2,-1304.1,-402.1,355.9,126662.92,1303.9,S
981.6,6.5,318.,257.14,66119.52,975.1,-46.4,-1041.6,-661.7,316.31,100051.29,995.2,S
329.1,1.7,243.6,85.59,7325.78,327.4,-83.8,-516.9,-291.05,138.66,19225.8,433.1,S
1090.8,1.8,359.45,351.45,123520.07,1089.,-23.6,-709.6,-212.4,221.28,48964.4,686.,S
645.5,236.3,356.2,148.82,22148.46,409.2,-74.5,-1402.5,-710.55,325.02,105639.56,1328.,S
1045.6,35.,574.9,340.2,115736.7,1010.6,-31.4,-1345.4,-577.,375.43,140946.76,1314.,S
468.6,156.4,382.,91.88,8442.82,312.2,-78.,-1259.5,-574.9,391.25,153075.64,1181.5,S
1918.,62.6,404.,530.86,281814.8,1855.4,-47.3,-2080.6,-1476.2,653.45,427002.67,2033.3,S
3198.,1.8,808.,1174.58,1379646.16,3196.2,-12.2,-1437.4,-489.5,455.11,207129.29,1425.2,S
3315.2,0.2,1452.3,1217.1,1481343.27,3315.,-9.5,-3207.7,-1765.4,956.49,914867.17,3198.2,S
3517.,22.4,1417.3,1202.91,1446999.12,3494.6,-12.3,-1200.6,-585.35,425.84,181342.18,1188.3,S
2682.2,24.9,1088.45,995.36,990738.61,2657.3,-6.8,-3326.8,-1205.,901.49,812686.63,3320.,S
2299.2,3.3,487.35,641.57,411613.04,2295.9,-0.5,-1128.8,-279.6,337.51,113915.13,1128.3,S
1691.6,277.9,901.25,457.8,209579.02,1413.7,-47.2,-606.3,-284.2,158.78,25211.42,559.1,S
3041.8,213.8,1047.4,940.89,885265.89,2828.,-94.6,-935.4,-530.6,232.12,53878.52,840.8,S
3731.1,16.4,1545.,1120.47,1255456.17,3714.7,-29.8,-1922.8,-662.25,610.53,372741.07,1893.,S
2253.1,67.5,1158.3,654.54,428422.24,2185.6,-6.,-1676.,-903.6,513.4,263575.22,1670.,S
1256.2,58.9,483.05,371.57,138067.64,1197.3,-17.8,-647.3,-344.,228.7,52303.48,629.5,S
1098.4,1.8,330.95,370.73,137438.55,1096.6,-20.8,-930.3,-429.7,302.35,91413.67,909.5,S
812.5,16.2,380.1,224.98,50616.29,796.3,-30.,-899.,-297.05,282.63,79880.5,869.,S
284.7,14.6,149.9,82.46,6799.95,270.1,-11.8,-1205.3,-576.6,335.06,112266.45,1193.5,S
915.6,18.3,181.1,297.59,88562.39,897.3,-7.1,-574.3,-204.4,159.34,25389.5,567.2,S
2711.9,14.4,491.65,913.58,834623.31,2697.5,-47.7,-1870.6,-1158.7,664.06,440978.12,1822.9,S
1936.4,96.,443.85,629.96,396854.95,1840.4,-118.4,-1304.6,-675.4,327.76,107426.13,1186.2,S
2866.2,32.,1323.6,965.71,932592.82,2834.2,-190.7,-3186.4,-1090.7,782.04,611587.52,2995.7,S
3256.9,158.8,982.,1045.06,1092159.85,3098.1,-178.6,-2049.7,-456.6,605.03,366066.39,1871.1,S
2332.5,76.4,583.5,765.17,585491.65,2256.1,-63.4,-736.9,-458.75,208.2,43346.41,673.5,S
28.,0.3,8.1,7.,48.99,27.7,-1.2,-22.,-6.4,6.11,37.27,20.8,S
