-173.2,-138.9,-98.4,-59.9,-27.6,-3.,17.8,41.4,64.5,60.2,42.5,13.9,-46.5,-151.,-206.,-246.1,-266.3,-166.8,23.,133.2,243.1,344.4,272.8,80.9,-48.,-161.3,-330.3,-383.5,-326.3,-271.6,-237.9,-190.1,-206.1,-316.8,-397.4,-472.,-599.9,-654.,-654.8,S
71.4,71.4,-70.2,-356.7,-581.2,-666.7,-672.6,-599.8,-437.6,-344.3,-325.1,-309.8,-297.3,-281.7,-220.7,-159.3,-155.8,-158.9,-173.8,-229.,-239.4,-206.4,-277.6,-435.6,-558.6,-678.4,-762.,-735.,-637.7,-517.7,-432.2,-396.4,-356.,-271.7,-203.2,-119.7,-60.8,-28.7,3.4,S
-134.8,-174.9,-215.,-295.8,-493.7,-655.1,-746.1,-792.8,-737.9,-649.7,-604.6,-512.3,-431.8,-390.6,-262.5,-125.3,-71.2,-67.4,-57.3,-16.8,7.5,36.4,71.4,25.1,18.8,80.,160.7,220.2,311.8,429.3,523.4,561.3,531.,575.8,719.5,964.4,1385.,1659.6,1659.6,H
32.,113.1,236.5,256.7,103.,-28.6,-170.,-399.2,-549.,-572.7,-534.4,-461.6,-345.8,-256.7,-168.6,-126.6,-73.2,50.5,201.1,343.5,405.6,453.7,543.2,599.1,540.,466.4,352.3,85.9,-185.5,-362.4,-420.2,-370.7,-301.1,-267.5,-195.3,-136.6,-201.5,-243.9,-221.4,M
92.8,92.8,80.9,96.,119.,135.8,156.6,181.8,155.2,16.5,-185.2,-300.,-376.,-456.9,-394.9,-249.8,-171.6,-84.4,61.5,163.9,261.1,314.6,366.4,444.9,474.3,458.1,439.2,369.5,223.7,61.,-104.1,-182.6,-231.9,-271.1,-215.3,-128.6,-95.1,-96.9,-91.2,M
176.2,205.8,276.1,307.5,322.3,346.4,303.5,187.7,51.9,-101.1,-191.2,-195.,-170.6,-139.2,-128.,-120.,-72.4,52.3,223.2,407.6,498.2,528.8,571.9,566.6,539.,529.2,473.4,292.6,32.,-245.1,-386.6,-476.2,-554.9,-484.3,-350.9,-277.2,-213.7,-113.2,-76.2,S
579.,756.5,1095.6,1407.7,1552.5,1508.5,1417.5,1319.6,1180.7,998.2,771.6,454.6,124.9,-118.5,-240.8,-259.4,-145.9,59.1,296.6,554.6,765.8,907.1,1022.,1093.7,1123.7,1137.6,1081.5,929.6,748.7,576.2,457.3,436.9,485.4,553.8,603.5,566.6,448.4,320.4,248.6,S
2075.6,2075.6,2095.5,1960.3,1602.,1186.7,974.6,785.7,541.9,505.5,553.,582.,690.5,933.8,1168.5,1416.5,1564.6,1545.1,1450.8,1268.5,1036.1,911.2,813.4,653.,534.4,525.4,572.4,639.,717.,668.9,470.7,332.,206.2,-25.6,-112.2,-81.4,-70.,-51.8,-33.6,M
-417.4,-461.9,-528.1,-613.7,-750.4,-823.2,-941.4,-1194.2,-1419.5,-1496.4,-1482.6,-1387.7,-1197.7,-1011.1,-845.,-770.4,-712.,-544.7,-276.7,10.7,139.,260.5,447.9,463.5,290.5,167.8,6.1,-315.3,-599.8,-734.1,-743.6,-753.3,-741.3,-658.,-572.4,-548.4,-457.2,-296.8,-227.6,S
626.2,626.2,503.,267.1,19.8,-106.2,-97.6,-119.1,-187.6,-221.5,-204.8,-201.2,-63.,254.9,572.2,874.6,1039.4,1107.6,1257.2,1369.9,1268.4,1135.6,922.,408.7,-98.9,-404.6,-502.4,-518.7,-466.6,-364.2,-295.3,-260.4,-248.,-235.3,-246.9,-281.8,-304.8,-267.6,-230.4,S
132.6,142.8,93.2,33.4,-16.8,-147.2,-336.7,-589.2,-951.7,-1145.,-1190.3,-1249.5,-1126.6,-836.3,-656.8,-530.2,-316.9,-259.8,-338.2,-387.,-435.7,-546.1,-556.7,-428.3,-351.,-293.5,-100.9,-228.8,-480.5,-661.1,-882.4,-756.8,28.7,991.7,1516.1,2083.7,2548.5,2620.6,2603.6,H
316.2,238.,148.9,188.,238.,216.7,182.4,121.2,78.6,84.2,146.5,314.4,574.2,836.2,944.,1018.5,1134.5,1072.2,852.1,735.8,643.9,330.5,71.7,-12.4,-126.4,-120.8,80.,339.4,470.8,626.1,775.3,772.8,714.8,653.2,628.1,544.6,419.4,198.9,45.2,M
1470.8,1430.3,1376.8,1319.4,1275.,1231.4,1174.3,1107.7,1056.5,1058.4,1065.1,1044.3,989.8,866.8,770.8,618.8,366.7,174.3,-49.,-180.,-331.9,-587.3,-702.1,-624.9,-466.9,-243.,137.,496.1,744.5,914.,968.6,953.,881.2,737.7,546.6,442.8,379.6,279.8,243.2,M
29.8,-16.3,-177.6,-292.8,-379.1,-582.8,-787.6,-871.7,-868.4,-856.1,-853.1,-850.1,-829.6,-821.4,-808.5,-720.,-562.2,-399.3,-318.6,-216.9,-56.3,38.3,76.5,79.,-30.3,-237.5,-408.5,-504.4,-527.2,-455.5,-308.2,-153.2,-9.5,54.8,99.2,197.8,288.1,356.2,388.2,S
59.2,69.,75.,71.2,37.1,8.6,44.1,131.5,189.,240.7,288.,212.3,83.5,26.,-17.3,-103.5,-193.2,-243.,-246.,-267.6,-273.7,-214.,-141.3,-112.8,-53.4,95.1,338.9,580.4,667.2,762.4,901.6,914.2,877.8,872.8,864.7,836.6,804.4,738.6,685.,S
-65.8,-56.,-44.,15.,83.5,100.,147.3,227.8,299.7,426.4,582.6,677.6,680.3,595.3,473.1,358.7,253.1,188.6,221.,285.8,365.9,371.9,278.4,162.6,128.9,260.1,592.6,982.1,1239.6,1368.2,1298.1,1063.2,887.3,782.2,653.,536.7,403.9,253.1,175.8,M
-467.6,-467.6,-452.6,-520.3,-714.9,-981.6,-1136.4,-1188.6,-1185.1,-924.4,-502.1,-284.8,-138.4,68.,81.9,51.5,67.2,-25.2,-157.,-182.5,-191.,-213.4,34.6,419.2,915.5,1744.4,2213.6,2504.,3132.4,3414.8,3032.9,2706.6,2280.5,1504.3,904.4,539.6,424.6,373.2,321.8,H
-525.8,-633.1,-740.4,-818.9,-993.2,-1242.2,-1487.5,-1579.6,-1583.1,-1530.4,-1370.8,-1171.7,-1076.,-1007.3,-850.7,-635.7,-409.4,-310.2,-197.1,-9.4,116.7,172.5,176.8,179.,161.2,25.7,-187.3,-284.8,-376.,-525.2,-559.2,-468.8,-402.4,-311.8,-152.6,-20.5,74.3,105.6,105.6,M
1679.4,1869.7,2060.,1903.3,1649.8,1480.4,1387.4,1367.,1341.6,1226.4,1034.7,811.5,690.2,621.7,568.1,622.3,730.2,798.8,820.7,828.5,802.5,744.8,699.,661.,580.1,524.1,503.8,496.6,514.1,494.5,377.1,225.3,153.8,72.6,-10.1,2.8,63.,108.8,108.8,S
-110.4,-75.8,-14.7,48.9,136.1,186.2,197.4,213.,168.1,36.9,-45.,4.3,109.,223.1,348.7,415.6,435.3,426.7,367.1,319.4,303.,240.6,195.9,266.6,379.4,439.2,498.,586.8,315.3,-538.8,-1091.4,-1528.2,-2178.7,-2086.4,-1125.2,-470.,153.7,1204.1,1630.8,H
-849.2,-755.1,-548.2,-405.2,-375.,-339.2,-284.6,-294.5,-308.1,-293.,-279.,-270.1,-266.1,-266.6,-276.2,-304.5,-381.4,-520.1,-716.1,-822.,-908.9,-1062.6,-1124.,-1098.6,-1076.7,-937.1,-502.,52.5,616.4,1106.8,1290.4,1333.7,1382.8,1342.6,1197.8,1099.,956.5,633.1,452.2,M
206.,194.5,183.,129.6,15.8,-102.3,-203.9,-247.8,-286.3,-393.1,-515.4,-609.8,-650.2,-661.8,-726.5,-822.9,-860.8,-855.4,-913.6,-947.8,-878.,-787.7,-743.2,-680.2,-487.1,-219.7,15.7,113.8,235.3,337.1,279.5,165.7,89.8,-4.2,-199.5,-431.1,-651.4,-741.4,-741.4,M
-211.6,-301.1,-549.1,-707.6,-862.5,-1178.5,-1415.9,-1491.8,-1491.4,-1493.8,-1521.9,-1599.1,-1658.5,-1666.4,-1638.4,-1523.,-1355.7,-1206.1,-1136.4,-1038.1,-891.8,-750.,-595.3,-534.4,-571.1,-584.8,-461.3,-212.1,-63.4,141.2,494.4,664.5,672.3,658.6,590.3,463.7,362.2,304.6,290.2,M
-1085.,-1085.,-1079.,-1077.7,-1039.6,-957.3,-917.8,-868.4,-801.3,-771.,-752.2,-746.,-719.1,-636.1,-565.4,-567.1,-583.4,-651.4,-760.1,-786.4,-693.7,-615.4,-577.4,-441.6,-178.5,134.2,281.6,519.3,881.3,1022.1,1000.,1031.,947.8,727.8,579.6,402.3,160.2,14.4,14.4,M
717.8,780.5,871.4,950.8,989.8,977.6,1007.6,1043.5,1041.1,1049.7,1066.6,1014.5,927.,808.5,597.8,470.2,372.8,170.6,-32.,-207.6,-285.4,-394.1,-591.6,-628.1,-463.9,-352.,-160.4,257.1,582.2,790.2,899.,967.,1033.1,893.2,535.8,316.4,220.6,47.2,-30.4,M
320.8,381.3,467.5,493.2,504.8,515.8,429.6,423.2,502.4,656.7,942.5,1123.,1009.,846.,592.6,151.6,-151.2,-298.1,-329.8,-346.7,-395.2,-397.8,-331.3,-293.8,-317.6,-655.1,-1156.4,-1186.6,-1029.2,-864.8,-229.8,603.,951.2,937.2,958.8,942.2,834.8,721.7,677.8,H
105.4,105.4,40.8,-206.6,-547.9,-874.3,-1042.2,-1208.3,-1443.8,-1518.1,-1532.8,-1542.6,-1497.7,-1323.4,-1089.3,-844.4,-704.2,-611.3,-462.1,-311.8,-135.5,-53.2,25.2,133.8,107.7,-15.3,-82.,-134.7,-175.4,-84.1,67.8,140.4,214.3,320.8,405.6,519.5,581.2,653.3,725.4,M
-208.,-208.,-318.,-518.9,-620.3,-578.2,-525.6,-499.9,-451.7,-397.6,-339.9,-313.8,-244.1,-84.4,115.7,312.4,399.,495.4,629.,622.9,491.3,403.,276.,60.4,-29.5,11.7,54.2,124.1,258.5,362.5,424.8,447.6,472.9,532.3,545.4,545.8,567.2,565.5,563.8,S
-57.2,-28.2,-100.4,-321.9,-442.2,-504.2,-719.7,-931.8,-1043.7,-1097.,-1215.5,-1313.,-1193.2,-1021.3,-948.2,-892.7,-742.7,-635.8,-546.8,-470.2,-360.3,-222.3,-40.8,266.5,420.4,596.3,859.8,1096.,1444.2,1643.8,1741.,1952.8,1957.7,1607.7,1367.4,1175.3,860.4,671.7,605.8,H
661.,549.4,303.6,124.8,80.2,98.4,105.1,145.2,321.7,446.6,596.6,923.9,1195.7,1231.4,1172.6,1106.2,890.,637.,403.9,274.,169.4,-45.1,-253.1,-358.6,-366.,-392.1,-330.1,-118.,71.9,137.8,121.8,-4.6,-182.7,-60.8,128.8,400.2,933.1,1272.6,1350.6,H
814.4,814.4,842.7,782.1,605.3,467.,509.4,523.5,491.3,553.9,490.,317.2,195.8,96.7,3.4,77.5,174.4,269.3,445.7,575.9,648.4,750.3,762.1,655.8,544.3,405.5,322.8,307.4,307.5,322.7,344.,301.6,253.,255.4,303.7,413.4,517.3,557.4,557.4,M
709.,792.3,984.8,1150.3,1206.6,1265.,1381.8,1449.6,1361.7,1264.4,1050.1,586.6,123.1,-202.6,-314.,-313.2,-302.8,-252.1,-86.5,38.,184.9,512.3,806.8,946.3,971.8,974.4,967.2,932.2,803.3,699.6,570.8,304.3,73.4,32.1,84.,154.4,288.6,437.2,522.,S
-93.8,-93.8,-72.6,-137.7,-373.3,-666.2,-809.8,-960.6,-1181.2,-1192.5,-1070.7,-1007.4,-983.8,-860.9,-678.3,-514.8,-434.6,-294.8,-74.5,71.2,235.2,334.,373.5,436.2,416.5,310.6,247.6,212.3,149.5,308.2,804.,1113.6,1410.9,1975.3,2285.2,2174.9,2021.8,1824.3,1626.8,H
44.6,55.1,85.6,58.6,11.6,-101.8,-315.8,-540.7,-755.5,-846.,-933.9,-1056.6,-1067.9,-963.6,-882.8,-736.1,-467.6,-278.2,-168.8,-127.,-38.1,94.2,193.8,270.9,291.8,314.9,332.2,292.2,256.5,255.,205.7,132.6,130.9,172.,191.,154.8,115.7,86.3,59.8,M
-113.8,-113.8,-181.9,-303.9,-266.6,-65.2,45.,248.,713.3,1058.8,1244.5,1526.6,1577.5,1363.5,1194.5,958.9,643.8,480.6,487.5,533.7,656.3,761.1,782.6,416.6,-384.3,-919.6,-941.4,-862.8,-450.,442.9,1063.7,1244.1,1283.8,1227.7,1051.6,786.2,511.7,382.6,382.6,H
467.2,467.2,394.6,315.3,304.8,326.1,351.2,390.8,420.3,432.2,457.2,460.2,472.,472.2,447.7,427.7,420.6,395.4,406.1,388.,234.1,134.2,18.2,-167.2,-231.8,-185.,-143.,-72.3,26.9,111.7,232.,296.,341.,422.9,469.4,508.2,537.4,527.8,518.2,S
54.8,0.2,-157.2,-320.3,-370.1,-359.6,-387.3,-467.6,-557.7,-648.1,-701.,-752.8,-756.5,-756.7,-802.6,-800.2,-749.3,-710.9,-607.8,-491.2,-490.2,-444.8,-338.2,-307.2,-536.8,-736.2,-799.2,-672.2,-41.5,1097.9,1796.6,2255.6,2868.1,2926.1,2650.4,2470.2,2278.,1940.7,1795.6,H
-483.2,-559.3,-635.4,-658.5,-632.4,-524.2,-452.6,-440.,-425.3,-381.4,-382.2,-382.5,-352.8,-342.2,-331.9,-277.6,-235.6,-248.2,-224.8,-159.2,-86.9,0.6,58.,82.9,80.5,35.2,12.3,7.4,29.3,85.6,143.6,186.4,205.6,210.8,222.9,215.5,220.7,240.2,240.2,M
222.2,207.3,118.4,44.4,17.4,163.5,421.,613.2,721.,789.,791.3,680.9,549.2,462.2,309.5,17.6,-179.9,-218.3,-198.4,-120.9,90.8,345.9,578.8,690.8,819.9,889.1,775.5,687.5,653.2,646.9,763.7,954.1,1049.4,1077.4,1033.,924.2,813.,715.8,665.4,M
-408.8,-528.9,-774.4,-899.8,-996.3,-1153.1,-1176.1,-1129.1,-1119.4,-1159.4,-1236.5,-1301.4,-1323.9,-1318.6,-1254.7,-1100.,-913.4,-775.1,-732.6,-683.6,-601.1,-654.6,-836.4,-931.2,-1024.7,-1160.,-1126.2,-874.,-697.4,-537.8,-304.4,-186.5,-162.2,-182.,-240.7,-328.6,-362.9,-387.,-406.,M
150.2,64.3,-115.5,-209.4,-240.9,-286.9,-287.5,-283.2,-292.8,-300.,-251.4,-177.3,-102.8,-46.6,43.3,191.1,334.8,487.,553.4,564.1,575.3,514.7,387.6,321.6,287.8,199.5,130.,107.6,100.2,32.1,-62.1,-85.4,-71.7,-60.8,-24.8,48.9,68.8,56.4,61.8,M
-1690.4,-1704.3,-1654.8,-1499.9,-1360.9,-1187.6,-959.8,-816.8,-774.1,-764.8,-761.7,-813.1,-889.5,-944.1,-964.5,-913.2,-768.8,-568.6,-380.5,-220.9,-122.3,-87.2,-49.3,37.6,133.6,213.6,313.3,422.,465.9,473.8,436.3,358.9,284.9,245.5,264.,317.8,374.2,423.3,462.4,M
