0.,0.,-75.9,-207.4,-312.7,-377.6,-392.8,-292.5,-69.7,211.,483.,596.8,650.,726.4,707.,591.8,519.2,287.4,-147.6,-579.9,-835.,-912.1,-896.8,-852.3,-678.9,-293.3,-51.9,172.,693.3,1310.6,1666.5,1753.6,1668.6,1370.1,855.7,277.4,0.,0.,0.,H
0.,0.,0.,-109.,-218.,-278.3,-369.3,-443.9,-426.9,-366.,-348.7,-414.2,-650.5,-928.5,-1053.,-1208.8,-1372.,-1228.9,-986.1,-893.8,-784.2,-625.5,-599.6,-606.5,-590.2,-484.2,-309.3,-184.4,-41.5,45.4,28.6,14.7,31.7,22.9,0.,0.,0.,0.,0.,S
0.,0.,-120.4,-347.7,-454.6,-573.6,-797.1,-894.6,-894.2,-900.8,-861.7,-796.4,-673.,-660.9,-746.,-1041.1,-1487.6,-1735.1,-1653.8,-1476.4,-1099.1,-590.2,-354.4,-249.8,-249.4,-193.7,57.7,351.5,564.6,679.6,685.2,593.2,405.6,221.4,127.2,63.6,0.,0.,0.,M
0.,0.,46.3,127.3,185.3,285.4,362.2,366.1,298.,54.2,-361.9,-606.2,-810.3,-1083.6,-1119.3,-995.8,-905.8,-683.,-808.8,-1275.2,-1363.8,-1334.6,-1299.4,-605.4,712.7,1829.2,2286.4,2403.6,2386.1,1897.8,1050.7,557.2,335.9,45.6,-96.3,-84.6,0.,0.,0.,M
0.,0.,0.,-89.,-255.3,-332.6,-389.5,-471.,-413.7,-288.9,-246.,-65.1,541.6,1207.8,1396.1,1344.,899.6,18.1,-817.6,-604.5,7.2,756.5,2173.3,3159.1,3261.1,3044.8,2839.2,2227.2,1739.9,1445.7,1232.4,1009.1,560.6,263.3,95.6,0.,0.,0.,0.,H
295.6,284.,212.2,152.,-6.6,-256.5,-395.8,-389.3,-334.8,-287.9,-195.2,-60.7,58.,88.,167.3,298.2,369.5,429.9,470.6,478.3,476.1,434.2,270.9,139.6,1.3,-286.8,-517.9,-579.6,-560.,-517.8,-426.2,-309.1,-198.6,-155.8,-95.9,8.2,49.2,49.9,53.8,M
0.,0.,0.,-41.2,-82.4,-161.1,-299.2,-386.5,-428.8,-443.2,-355.9,-228.1,-141.5,-21.3,52.8,131.6,294.,423.4,453.6,438.,377.,347.4,510.9,1001.5,1360.,1688.2,2161.5,2336.9,2026.8,1686.4,1331.8,736.,268.4,21.,0.,0.,0.,0.,0.,M
0.,0.,-48.7,-179.1,-260.8,-278.,-342.,-358.9,-264.8,-200.6,-169.2,-92.,-292.,-736.7,-935.6,-1239.6,-1973.3,-1993.4,-1403.3,-1222.8,-1043.9,351.8,1363.9,1494.5,1829.8,1879.2,1247.5,426.2,-62.1,-410.2,-427.,-630.5,-617.3,-368.7,-320.,-241.7,-81.7,0.,0.,H
0.,0.,0.,-56.5,-113.,-163.4,-275.,-343.6,-330.3,-309.6,-248.9,-88.4,40.7,-178.5,-427.,-478.1,-874.2,-1674.8,-2211.2,-2292.,-2252.7,-1859.1,-926.,146.8,640.8,893.8,1311.1,1599.7,1917.1,2110.2,1858.7,1395.,913.4,322.,0.,0.,0.,0.,0.,M
-224.,-324.2,-495.3,-607.8,-581.3,-513.2,-425.3,-258.8,-152.,-34.7,54.4,74.,41.8,-158.6,-572.8,-838.4,-1268.4,-1559.3,-1424.2,-1281.2,-1134.2,-778.4,-549.6,-550.6,-246.,-67.4,189.7,672.1,1059.8,1226.,1229.8,1077.6,775.7,547.2,359.4,250.4,212.4,130.8,87.2,M
0.,0.,36.8,118.,236.1,408.3,506.8,534.5,589.4,573.7,424.4,318.,239.1,20.,-242.7,-494.3,-623.4,-648.7,-427.3,92.5,772.2,1178.8,1353.7,1481.,1235.4,809.5,581.6,476.5,259.5,206.1,198.8,133.,18.5,-114.6,-175.1,-192.9,-168.8,-84.4,0.,S
0.,0.,0.,0.,0.,0.,28.2,75.8,127.4,145.1,130.6,7.3,-260.,-573.9,-788.9,-834.,-853.3,-796.8,-676.3,-392.9,-154.2,31.9,372.9,613.7,520.5,378.1,386.3,287.9,247.3,276.6,239.9,160.,80.6,22.2,0.,0.,0.,0.,0.,S
0.,0.,12.,7.9,-8.2,1.8,15.3,-6.5,-3.5,24.8,6.9,-7.2,8.8,4.7,-11.6,4.,0.6,-6.6,9.3,13.4,2.2,13.,9.3,-1.9,12.6,-2.2,-21.1,-7.8,-4.1,-17.8,-2.6,9.3,3.6,0.4,-0.4,2.7,2.9,0.,0.,S
0.,135.9,390.9,583.9,743.2,828.6,817.3,803.9,818.3,868.,901.2,876.3,858.8,840.2,680.8,547.4,405.8,329.5,598.3,935.7,1069.6,1112.2,1196.3,1066.8,911.4,927.,866.,514.2,91.,-167.3,-293.2,-258.2,-157.6,-56.5,-29.8,-38.6,-13.3,6.,0.,S
0.,109.5,219.,271.9,391.1,427.2,236.5,76.,-35.5,-264.6,-396.1,-345.7,-281.4,-244.2,-132.,34.2,156.8,188.2,275.8,757.1,1628.4,2483.2,2860.4,3031.9,2958.,2248.8,1352.5,920.,542.4,-137.1,-628.9,-969.2,-1119.6,-979.7,-709.9,-451.,-161.,0.,0.,M
0.,0.,-69.2,-205.3,-374.4,-530.2,-583.8,-571.2,-531.9,-480.5,-459.2,-462.6,-437.2,-455.9,-623.7,-965.4,-1183.4,-1368.2,-1670.,-1762.4,-1573.1,-1408.4,-1254.8,-913.6,-608.5,-360.1,-229.2,-166.2,-57.3,76.3,205.7,247.4,246.8,214.,153.2,62.3,0.,0.,0.,M
0.,0.,0.,0.,10.6,80.3,141.7,70.5,-140.,-287.6,-494.8,-844.5,-1069.5,-1004.4,-958.6,-1068.2,-1103.8,-1154.3,-1308.1,-1337.4,-1096.3,-774.1,-370.3,-18.3,130.6,196.4,111.9,-240.4,-470.8,-687.7,-936.,-849.8,-554.6,-377.,-188.5,0.,0.,0.,0.,S
0.,0.,0.,0.,34.2,68.4,93.7,183.4,334.3,481.9,543.,608.9,717.4,788.5,689.5,562.,284.7,-410.4,-1239.7,-1906.9,-2162.6,-2234.6,-2152.,-1812.2,-1404.6,-1182.2,-983.8,-686.2,-524.9,-397.3,-331.8,-272.1,-155.4,-49.2,0.,0.,0.,0.,0.,S
0.,0.,0.,0.,-40.2,-80.4,-80.2,-62.1,1.4,71.2,95.4,158.1,226.7,312.4,584.2,776.2,677.,433.9,-48.6,-840.,-1292.8,-1584.1,-2146.8,-2560.6,-2695.3,-2687.6,-2439.4,-1784.7,-1002.2,-357.1,-88.,-8.6,55.8,20.4,0.,0.,0.,0.,0.,S
613.2,748.5,966.8,1244.,1594.7,1751.2,1768.7,1649.5,1318.2,1000.2,876.8,820.6,711.8,663.2,730.8,794.4,968.7,953.3,490.5,15.1,-187.2,-299.8,-43.5,688.,1423.4,1796.2,1817.3,1689.2,1831.5,2083.8,2044.6,2207.7,2424.6,2220.2,1894.4,1826.8,1484.3,995.1,848.4,H
0.,0.,0.,0.,0.,0.,-51.7,-95.5,-64.1,-56.1,-71.6,-6.5,31.5,-0.5,119.5,244.4,318.8,169.7,53.,554.3,948.8,1238.1,1766.6,2268.7,2417.8,2304.,2309.5,2519.8,2505.1,1895.5,1505.4,1122.8,538.9,168.8,0.,0.,0.,0.,0.,H
0.,0.,0.,0.,0.,0.,0.,1.3,-36.6,-105.3,-163.4,-192.,-233.4,-88.1,99.5,44.6,-11.2,321.6,976.2,1775.8,2715.1,3176.6,3231.6,3105.8,2623.1,2008.2,1695.2,1315.9,648.1,212.3,0.9,-63.2,-31.6,0.,0.,0.,0.,0.,0.,S
-1.2,-2.,-3.8,-14.6,-24.4,-13.9,0.5,-6.5,5.6,28.6,16.6,2.9,7.2,-1.3,-15.8,-2.7,-1.1,-10.2,-13.3,-18.8,-15.7,-3.4,7.,15.,21.9,23.7,20.2,-0.2,-15.4,-4.1,-9.7,-11.5,1.9,0.2,-1.8,-2.7,-10.6,-0.4,18.8,H
0.,0.,0.,0.,0.,0.,-99.5,-262.,-374.2,-472.9,-522.4,-459.,-225.4,-80.5,-280.9,-456.,-485.3,-265.9,181.4,710.1,1040.2,1285.5,1340.,1156.3,1278.,1392.6,1390.6,1305.3,1090.8,739.5,519.4,341.5,81.8,0.,0.,0.,0.,0.,0.,H
0.,0.,0.,0.,-6.4,-2.6,8.5,8.9,-1.7,5.3,0.8,-55.4,-171.6,-321.5,-476.5,-626.4,-713.6,-711.9,-723.,-759.2,-728.6,-693.7,-632.3,-504.7,-341.6,-180.2,-52.3,36.7,122.4,161.,119.6,89.1,52.8,11.1,0.,0.,0.,0.,0.,S
0.,0.,24.,48.,46.3,60.6,97.8,105.5,92.,102.9,26.,-165.,-352.7,-437.2,-578.2,-751.1,-784.,-750.6,-716.2,-613.4,-380.5,-38.6,330.6,488.,637.9,858.1,860.3,782.1,772.,738.6,756.2,768.8,622.7,515.,427.5,192.3,22.3,0.,0.,S
0.,0.,0.,34.7,69.4,59.7,3.6,-122.9,-334.3,-465.6,-596.6,-834.2,-957.7,-1017.,-1059.4,-819.,-467.3,-436.1,-363.8,-211.4,-250.8,-233.1,-12.1,110.3,68.8,37.3,9.9,69.4,109.6,94.4,65.6,17.3,-44.4,-43.3,0.,0.,0.,0.,0.,M
122.2,243.6,425.2,485.4,497.8,569.3,496.8,234.3,103.4,-126.3,-552.3,-908.2,-1115.,-1162.2,-1050.7,-942.3,-1070.7,-990.8,-785.6,-749.6,-541.,-150.9,-13.,-92.6,-92.4,-169.,-263.6,-449.,-616.6,-715.3,-960.4,-1106.5,-1044.2,-982.2,-836.5,-538.4,-290.9,-97.9,0.,M
0.,0.,0.,0.,0.,-40.2,-87.5,-103.6,-112.6,-96.6,-39.3,45.9,153.6,217.4,306.5,585.3,1115.9,1581.7,1706.6,1601.,1149.6,386.9,-264.2,-498.4,-551.1,-458.,-359.4,-460.2,-513.8,-460.6,-398.2,-302.6,-108.1,0.,0.,0.,0.,0.,0.,M
0.,0.,0.,0.,0.,-107.1,-323.8,-500.5,-691.1,-814.6,-716.4,-567.1,-472.1,-392.1,-356.,-328.2,-292.9,-282.3,-294.9,-310.6,-280.7,-139.,77.3,253.6,325.4,284.7,153.,6.4,-20.1,9.,0.9,23.,24.4,-2.2,0.,0.,0.,0.,0.,S
0.,0.,0.,0.,126.4,252.8,410.6,711.7,973.1,1087.4,1242.8,1244.2,1086.6,1228.6,1553.1,1576.6,1545.7,1749.9,1170.9,364.,212.,145.3,142.1,955.2,1897.8,2090.8,2366.4,2654.8,2572.6,2131.3,1785.,1447.8,814.9,259.6,0.,0.,0.,0.,0.,H
0.,0.,0.,-34.9,-69.8,-99.2,-183.6,-228.4,-183.3,-99.2,43.2,273.1,478.6,675.3,754.,570.3,516.8,618.1,510.5,645.6,942.9,748.2,386.7,254.2,-9.6,-285.2,-249.3,-239.,-276.4,-191.,-57.4,9.4,98.6,169.2,84.6,0.,0.,0.,0.,S
0.,0.,2.,25.3,69.,109.9,128.4,171.,227.1,359.,472.7,468.,482.2,440.3,166.1,-201.1,-350.2,-496.5,-649.4,-634.6,-504.2,-395.2,-312.6,-203.7,-88.2,42.7,84.4,111.3,159.8,197.2,117.5,22.,-106.9,-255.8,-324.9,-293.9,-213.8,-106.9,0.,S
0.,0.,0.,0.,0.,0.,-151.2,-452.7,-748.6,-894.2,-1040.7,-1207.6,-1217.9,-1123.3,-1038.8,-980.7,-773.8,-411.3,-116.1,-34.6,92.3,202.3,-49.4,-496.9,-709.6,-912.2,-1245.6,-1272.3,-975.9,-783.6,-619.5,-284.9,-57.2,0.,0.,0.,0.,0.,0.,S
0.,0.,0.,0.,0.,0.,-136.6,-273.2,-458.4,-825.2,-1191.3,-1340.4,-1305.,-1245.7,-1035.8,-675.9,-383.8,-301.,-126.8,80.2,42.2,-155.3,-282.,-437.8,-667.5,-757.7,-628.9,-625.5,-659.7,-480.1,-345.7,-283.4,-141.7,0.,0.,0.,0.,0.,0.,S
-370.2,-437.4,-606.3,-708.,-715.8,-669.8,-641.,-590.1,-514.2,-507.3,-546.5,-691.4,-918.6,-1047.,-1124.5,-1106.8,-842.5,-564.9,-388.4,-170.9,147.2,186.6,-58.8,-377.6,-580.2,-915.8,-1385.7,-1380.1,-1063.9,-887.6,-783.8,-375.9,-20.6,-11.1,-38.5,82.7,170.9,123.,93.8,M
0.,0.,-87.9,-256.5,-337.2,-374.,-402.9,-485.1,-122.6,330.,344.7,143.8,388.1,504.9,161.8,650.4,1508.3,1775.6,1647.4,1621.2,1187.7,600.6,287.7,109.7,91.,92.9,108.5,93.4,-31.4,-127.4,-270.1,-576.8,-732.6,-612.3,-500.2,-392.4,-142.3,0.,0.,H
0.,0.,0.,0.,0.,0.,27.8,55.6,101.5,193.5,272.1,201.4,16.1,-111.9,-385.1,-803.6,-1043.,-1009.1,-1067.1,-1136.,-999.2,-960.9,-988.2,-954.6,-892.1,-834.6,-701.6,-597.2,-490.7,-303.1,-157.5,-46.5,0.,0.,0.,0.,0.,0.,0.,S
0.,-38.,-137.6,-238.7,-278.2,-334.4,-371.,-290.6,-135.5,-41.2,50.4,102.1,-45.,-285.3,-418.4,-535.7,-658.6,-594.3,-630.7,-737.,-319.1,448.7,1579.8,3325.4,4289.8,4499.8,4772.1,4446.,3423.3,2789.,2266.1,1374.1,612.9,75.3,-70.2,-93.3,-95.6,-37.4,0.,M
617.6,571.9,502.4,346.5,66.3,-233.1,-384.4,-511.3,-697.5,-706.2,-579.9,-504.5,-410.6,-173.9,10.9,112.1,171.3,223.1,246.1,213.8,129.,48.,-49.7,-23.4,257.,510.,606.6,707.1,774.9,666.5,604.2,617.6,640.4,615.5,513.7,371.7,351.1,411.1,403.8,M
0.,0.,0.,0.,55.,110.,145.9,115.1,-73.4,-250.2,-395.,-590.3,-582.6,3.2,475.8,691.6,456.5,-499.1,-1661.2,-2318.6,-2739.1,-2838.9,-2425.4,-1681.9,-1031.2,-365.5,771.4,1844.8,2474.6,2502.2,2131.,1488.4,980.2,371.7,0.,0.,0.,0.,0.,H
0.,0.,38.2,94.1,111.8,146.1,-185.3,679.1,1061.7,214.2,686.9,1730.8,1555.8,1761.4,2713.2,2187.3,1367.4,309.4,-706.5,-958.4,-826.6,-505.1,3.8,525.4,727.8,683.6,550.5,313.2,-27.8,-220.4,-465.4,-778.6,-775.7,-584.5,-464.4,-288.1,-55.9,0.,0.,H
