0.,0.,46.,140.2,231.5,319.6,364.6,372.5,56.5,-1007.2,-2412.7,-3078.4,-3602.2,-4210.,-3960.5,-3456.1,-3285.2,-3160.1,-2843.9,-2272.1,-1308.4,-725.4,-107.6,1034.9,1776.5,1974.9,1956.4,1761.1,812.7,-953.2,-2694.6,-3423.2,-3500.9,-3181.6,-2006.2,-613.9,0.,0.,0.,S
995.,1060.9,1126.8,624.,-469.,-1593.2,-2476.3,-2825.4,-2647.4,-2108.4,-1472.3,-923.1,-649.,-524.9,-343.2,-282.2,-317.4,-371.1,-334.1,-244.,10.3,274.3,725.2,1372.6,1506.1,1082.4,769.4,94.5,-1051.7,-1520.8,-1389.8,-1261.,-996.2,-466.1,-29.5,324.2,506.6,528.6,550.6,M
0.,0.,-88.5,-169.6,-162.2,-68.1,144.9,457.8,792.5,933.2,1041.5,1262.9,1785.9,2047.7,1899.6,1896.6,1809.6,1435.9,1354.3,1562.4,1255.4,500.6,-286.1,-833.1,-1044.5,-867.2,-240.9,449.2,693.6,835.5,1247.6,1371.9,1094.8,963.6,825.,343.2,0.,0.,0.,S
0.,0.,548.,1096.,1387.1,1678.2,1987.5,2040.5,1460.7,97.9,-941.4,-1733.,-3010.5,-3222.9,-2270.5,-1591.6,-1203.3,-713.2,-696.8,-612.3,-442.4,-193.7,439.5,1667.6,3032.2,3740.8,3773.7,2819.3,703.4,-1586.1,-2747.,-3113.4,-2784.6,-1669.,-709.3,-357.6,-178.8,0.,0.,M
0.,208.7,608.2,993.7,1351.9,1515.4,845.9,-672.4,-2092.2,-2997.1,-3331.,-2872.8,-1731.1,-864.2,-518.3,-355.8,-31.5,607.7,1404.1,2117.5,2349.4,2293.9,2103.,1818.4,1616.2,1563.2,1286.6,250.3,-1151.5,-2218.,-2642.4,-2731.4,-2235.3,-1147.5,-391.4,-138.,-38.6,30.4,0.,S
0.,0.,0.,-122.,-244.,-328.5,-680.,-1738.1,-3065.7,-3602.2,-3858.4,-4030.1,-3252.1,-2507.3,-2456.,-2927.7,-3425.4,-3143.2,-1851.6,-868.2,656.5,3083.7,4293.7,4461.9,4322.6,3715.1,2208.8,-22.4,-2224.5,-3094.2,-3199.,-3099.,-2079.9,-632.8,0.,0.,0.,0.,0.,M
0.,-214.3,-595.8,-869.6,-1115.1,-1254.,-1403.8,-1978.8,-2764.2,-3382.7,-3641.,-3714.,-3575.4,-3453.6,-3695.1,-3846.8,-3840.9,-3921.9,-3829.9,-3074.,-2497.,-1722.2,85.7,1898.8,2402.4,2126.,1402.6,-69.3,-1389.9,-1759.4,-1556.8,-1188.,-651.8,-314.6,-99.1,-53.4,-42.4,-15.7,0.,M
0.,0.,35.9,73.2,74.6,139.7,259.1,172.,-164.,-358.6,-900.6,-2328.6,-4109.6,-5700.5,-6396.4,-6498.9,-6147.4,-4680.6,-2684.9,-1702.,-829.,838.,1962.7,2586.5,2879.6,2906.3,2871.4,2693.2,2028.7,1480.8,907.,-21.5,-602.6,-668.,-507.,-253.5,0.,0.,0.,H
-61.6,-61.6,-77.3,-115.8,-137.9,-109.3,-81.4,-54.6,-68.8,-356.2,-837.2,-1071.8,-1218.1,-1424.4,-1383.3,-1168.7,-1055.2,-1056.,-1069.7,-1091.7,-1024.1,-947.4,-776.1,-282.,401.1,976.3,1191.2,1226.7,1128.,705.6,82.2,-253.,-466.9,-732.7,-703.,-453.8,-286.2,-143.1,0.,M
0.,0.,-351.9,-957.6,-1211.4,-1407.8,-1824.1,-2026.9,-2120.5,-2231.2,-2432.3,-2262.1,-1343.2,-738.3,-681.,-533.7,-640.7,-1206.9,-1320.,-1121.2,-995.3,-870.1,-902.7,-826.2,-738.2,-586.6,-239.1,251.8,567.2,690.3,854.2,915.2,751.,566.6,463.9,272.7,92.1,0.,0.,S
0.,0.,0.,179.2,-67.2,-492.8,-1245.4,-2453.5,-3203.1,-3103.,-2708.8,-2047.4,-1095.5,-858.7,-1139.5,-1366.6,-1088.2,-161.9,1031.7,2141.5,2705.6,2811.7,2036.6,-59.8,-2055.,-2835.,-3398.,-3665.1,-2459.6,-1034.5,-519.,-249.3,122.8,153.7,41.1,0.,0.,0.,0.,S
0.,0.,0.,57.7,213.4,465.9,799.8,1169.,1490.3,1689.1,1794.2,1838.3,1824.8,1479.7,597.6,-87.2,-78.5,893.7,3052.5,5174.3,5968.9,5590.1,4087.7,1657.6,-28.,-400.2,-234.8,187.7,726.7,1104.3,1024.7,736.5,488.5,186.9,-99.3,-114.9,0.,0.,0.,M
0.,0.,0.,0.,-182.4,-426.6,-488.4,-556.5,-635.2,-489.9,-455.5,-577.,-1091.7,-2092.2,-2783.,-2762.9,-2537.8,-1916.,-875.5,-195.1,-57.,-180.6,-356.2,-589.6,-685.6,-686.1,-648.4,-579.4,-688.2,-858.,-805.9,-761.8,-694.2,-313.3,0.,0.,0.,0.,0.,S
0.,0.,0.,-337.2,-674.4,-1033.4,-1700.2,-2277.7,-2483.6,-2419.8,-2362.1,-2283.1,-2254.4,-2132.1,-2017.2,-1666.5,-742.3,107.,549.2,715.6,585.1,167.6,-184.1,-265.1,-281.4,-211.2,-91.,107.7,411.8,567.2,578.1,539.,391.5,147.,0.,0.,0.,0.,0.,S
0.,0.,0.,4.1,19.5,38.6,126.4,206.4,290.,378.7,-344.4,-2220.2,-3367.8,-4329.4,-5936.3,-6258.5,-5024.1,-4112.8,-3392.6,-2062.2,-1204.2,-914.7,-873.,-558.,-108.9,395.8,1105.4,1444.4,1461.4,1589.4,1361.8,-90.,-1203.2,-1381.5,-1786.2,-1895.1,-888.8,0.,0.,S
0.,0.,41.4,130.,249.9,107.2,-108.2,-856.,-2338.3,-3709.8,-4555.,-4763.2,-4330.2,-3342.,-2468.6,-1803.2,-1456.,-1162.7,-591.3,147.1,1013.8,1746.2,2052.3,2187.9,2403.8,2373.1,2055.6,1829.2,1127.3,-313.6,-1640.3,-2588.1,-2948.2,-2547.8,-1683.,-869.8,-260.5,0.,0.,S
-226.2,-302.1,-450.4,-592.7,-662.6,-601.4,-511.1,-767.2,-1709.8,-2367.2,-3080.6,-4529.,-5815.8,-6416.,-6464.4,-6402.2,-6076.3,-5336.1,-4393.5,-3927.4,-3529.5,-2437.3,-1142.2,-66.9,407.6,902.6,1256.9,459.4,-1256.6,-2315.8,-3319.3,-4970.5,-5645.8,-4779.1,-3884.8,-3071.1,-1645.2,-516.5,0.,H
83.8,101.3,147.,214.8,254.4,301.,429.8,624.4,810.2,883.6,860.7,352.1,-1211.,-3603.4,-4918.4,-6164.9,-8007.2,-8489.2,-7822.5,-7269.6,-6463.8,-4839.1,-2995.4,-1019.6,-68.6,980.7,2192.9,2154.,1832.7,1713.2,981.4,-253.4,-1258.6,-2308.1,-2855.4,-2797.8,-2237.2,-1232.,-729.8,M
-356.2,-551.4,-1303.1,-3085.1,-5169.6,-6028.6,-6513.5,-6853.2,-5721.9,-3932.8,-3129.8,-2691.8,-2042.5,-1787.6,-1568.7,-1393.4,-1245.8,-648.5,481.7,1625.9,2089.6,2143.1,2294.,2204.9,1727.7,1437.,1567.,1400.9,765.2,223.2,20.8,-59.7,-126.4,47.2,295.2,383.4,374.9,301.6,236.8,S
0.,0.,0.,0.,-381.2,-969.,-1241.3,-1410.4,-1513.8,-1254.9,-816.5,-499.2,-290.5,-219.6,14.8,469.5,755.6,1103.5,1385.6,1215.7,15.8,-1921.9,-3619.2,-4408.8,-4687.9,-4275.,-2873.9,-1624.8,-1148.4,-924.9,-493.,-287.5,-226.8,-163.2,-49.8,0.,0.,0.,0.,S
0.,-693.4,-1386.8,-1851.4,-2644.2,-3163.3,-2851.8,-2349.4,-2089.9,-1656.7,-1373.5,-1033.,-802.,-855.1,-412.3,438.,1343.8,1895.2,2423.2,2874.7,1915.7,-206.7,-1446.6,-2128.5,-3320.4,-3303.1,-2266.,-1756.2,-1540.4,-1275.5,-1186.2,-1057.7,-969.4,-773.1,-380.8,-142.8,-50.4,0.,0.,H
0.,0.,0.,123.2,-79.,-1254.8,-2680.2,-3255.2,-3774.6,-4396.7,-3904.4,-2732.2,-2155.,-1441.6,138.8,1831.3,3266.,3875.2,4330.5,5029.6,5223.7,4562.6,4281.1,4060.3,2970.7,1924.7,1417.6,480.4,-1695.9,-3848.4,-5252.,-5742.2,-5134.9,-3510.3,-1723.4,-476.9,0.,0.,0.,H
694.8,694.8,887.7,1261.8,1239.1,615.,194.8,-207.8,-902.4,-1296.2,-1241.1,-1120.9,-947.9,-698.1,-538.9,-352.5,-248.5,-148.8,90.2,439.1,759.,906.,1065.1,1301.4,1541.2,1920.5,2137.2,2152.6,2006.1,1514.9,802.2,418.8,163.9,-83.9,-50.6,-1.9,20.6,38.,55.4,H
442.8,666.6,1129.4,1554.9,1741.4,1731.4,1717.7,1062.7,-604.6,-1620.6,-2436.2,-3947.3,-4906.7,-4793.7,-4416.8,-4311.,-4177.,-3503.6,-1822.4,-786.4,493.7,2779.5,4431.8,5101.1,5123.8,4771.4,4254.4,3800.6,3188.3,2865.2,2751.4,2238.6,778.4,-1182.2,-2081.6,-2397.1,-2707.5,-1967.6,-1232.8,M
-1262.2,-1684.2,-2106.2,-2405.7,-3041.6,-2930.2,-2138.2,-1794.,-1504.3,-756.5,34.4,607.8,848.4,1031.6,1202.7,910.1,-623.6,-1876.8,-3485.4,-6278.9,-8050.1,-7779.3,-6922.2,-5527.7,-3048.9,-1406.1,-90.5,666.6,1365.6,2757.6,4120.1,4692.7,4990.2,5084.,4081.4,2868.7,1931.1,1109.8,715.4,M
0.,68.3,223.7,421.5,532.2,619.9,733.3,776.7,601.6,408.8,-47.,-1123.8,-2422.8,-3616.,-4131.2,-4438.9,-4543.,-4020.4,-3202.5,-2703.6,-1975.5,-782.4,56.8,698.7,966.4,1059.5,1189.2,1136.6,341.8,-363.8,-1412.7,-3445.4,-5132.7,-5299.9,-4763.6,-3860.1,-2151.,-672.7,0.,H
-477.6,-637.6,-799.2,-699.5,-598.2,-327.3,214.7,714.5,1137.2,1331.2,1605.1,1905.3,1713.,1040.8,587.2,-79.8,-915.8,-846.6,-188.,232.4,802.5,1467.3,1044.8,374.7,221.8,201.2,306.9,757.5,963.6,845.4,698.6,450.1,405.4,635.2,808.,766.3,636.9,438.4,327.6,H
276.2,401.5,584.,708.,774.8,714.2,594.8,521.5,-56.5,-620.,-1312.1,-2596.3,-4025.9,-4999.9,-5136.4,-4658.4,-3824.,-2307.5,-578.7,-10.,661.6,1828.9,2313.9,3077.6,3852.,3969.6,4119.,3747.1,2271.6,1199.8,398.1,-611.4,-770.1,-197.8,325.4,486.,496.1,345.6,345.6,M
0.,0.,-251.5,-738.8,-1082.2,-1189.8,-1211.7,-969.,-410.7,31.7,180.4,7.,-680.8,-2263.3,-4217.,-5102.6,-5494.7,-5679.3,-4620.2,-2378.7,-988.8,280.3,2390.9,4020.7,4607.3,4405.6,4042.4,3452.6,2872.9,2417.4,2315.,2235.6,1835.1,1237.4,719.5,478.2,239.1,0.,0.,H
-331.8,-341.9,-343.6,-194.8,82.5,219.4,296.3,52.5,-905.6,-2154.3,-2765.6,-3290.5,-3803.1,-3366.2,-2548.7,-2155.8,-1973.1,-1733.8,-1582.,-1332.8,-1178.8,-801.9,-48.4,529.7,901.1,1071.,934.8,165.,-1071.2,-2211.1,-2748.4,-2946.1,-2756.7,-1939.9,-1170.3,-830.4,-598.,-252.3,-139.,S
714.8,882.3,1270.4,1491.,1570.,1709.7,1857.3,1963.3,1982.4,1989.1,1878.5,1257.3,254.9,-243.6,-803.4,-1766.3,-1956.8,-1370.8,-997.4,-425.6,642.5,1562.2,2245.4,2505.2,2529.,2574.9,2444.,2113.2,1935.4,1847.3,1666.7,1480.9,1142.5,897.4,687.1,330.1,43.2,-48.5,0.,M
0.,-536.1,-1456.6,-1890.1,-1853.3,-1767.4,-1061.1,146.4,776.6,914.7,923.8,898.3,947.9,1151.9,1303.,1325.2,991.5,200.,-85.,336.4,585.,718.2,1079.8,920.4,228.6,-75.4,100.9,430.,703.1,880.8,938.2,972.9,1092.9,1064.1,830.8,711.6,556.4,200.6,0.,S
0.,0.,0.,0.,-430.9,-861.8,-1850.6,-3932.5,-6005.5,-7427.1,-7868.8,-7663.4,-7322.9,-7027.1,-6354.3,-5842.2,-5085.2,-3245.5,-1304.,105.7,656.6,747.4,470.1,62.4,-297.5,-617.8,-1118.3,-2331.5,-3936.6,-4699.1,-4569.2,-4133.1,-2740.9,-892.4,0.,0.,0.,0.,0.,S
0.,0.,-50.5,-101.,-64.3,74.9,347.7,753.2,988.4,1160.1,1436.7,1285.1,35.,-958.6,-1941.9,-3636.3,-4493.3,-3841.8,-3044.4,-2230.,-915.1,-166.5,190.8,300.,446.,821.6,1318.6,1750.2,1914.4,2024.5,2198.9,2235.,1944.9,1683.,1387.4,801.1,255.2,0.,0.,S
0.,178.,537.8,804.9,265.7,-358.8,-1109.2,-2219.5,-2725.8,-2330.7,-1789.2,-1633.1,-1888.6,-2730.5,-3077.8,-3370.5,-3406.5,-1325.3,2047.7,3679.2,5403.6,8128.4,8644.4,7364.5,6569.,4840.9,1780.2,-351.9,-1456.,-1760.6,-1283.7,-276.3,463.2,632.2,592.2,494.7,275.5,76.9,0.,M
0.,-347.1,-925.,-1313.5,-1563.8,-1656.4,-1384.8,-946.8,-614.1,-256.,-64.2,135.1,173.9,-725.,-2464.4,-3465.4,-4530.6,-6247.2,-6833.8,-6199.1,-5629.2,-4668.,-3053.7,-1586.9,-96.9,579.4,769.1,1335.2,1669.4,1469.1,1311.,1345.4,1511.7,1537.1,1244.3,1058.,814.1,285.1,0.,H
-1415.4,-2255.9,-3096.4,-3641.6,-4608.3,-4976.5,-4363.9,-3804.6,-3321.1,-2495.1,-1838.4,-1302.,-1079.8,-887.5,-614.2,-890.4,-1725.6,-2203.6,-2458.4,-2731.8,-1762.6,250.2,1275.2,1459.4,1622.3,974.5,-260.4,-868.8,-796.2,-613.2,-456.5,-332.3,-254.4,-208.5,-54.3,173.8,336.1,378.6,378.6,S
0.,267.5,535.,794.4,1333.7,1911.4,2202.9,2196.6,2306.3,2462.,2353.3,1906.5,1614.4,1092.4,136.8,-440.7,-501.8,-419.,-177.1,278.1,590.6,718.3,746.8,923.6,1280.8,1705.6,2322.4,2694.8,2921.2,3292.9,3439.3,3229.2,3018.,2525.8,1602.3,827.1,241.6,0.,0.,H
0.,88.4,176.8,276.2,449.4,604.1,662.3,639.6,633.4,240.,-907.6,-2404.7,-3141.4,-3866.,-4779.,-4581.8,-3643.9,-3091.6,-2539.9,-1568.6,-884.2,-474.7,-330.,-266.4,-142.3,-21.6,3.3,-32.,-24.3,19.3,63.5,-126.7,-977.6,-1621.6,-1627.4,-1681.,-1512.6,-652.4,0.,S
0.,0.,-34.8,-201.8,-514.7,-775.9,-856.4,-909.9,-859.1,-610.1,-772.9,-1080.4,-1562.1,-2723.3,-4507.2,-6359.8,-7108.,-6882.2,-6018.9,-4360.5,-2135.2,-930.8,-132.,1474.3,3732.1,6037.7,6893.,7199.6,7409.4,6547.8,5317.8,4852.6,4284.9,3076.4,1869.6,845.3,387.,193.5,0.,H
-123.6,-131.1,-61.5,130.1,244.6,317.8,349.6,233.6,-19.6,-198.2,-627.2,-1794.5,-1974.3,-1351.7,-1287.6,-197.6,2373.1,3908.3,4459.9,4957.,4521.8,3702.5,2882.5,2524.4,2602.2,3024.7,3602.8,3962.3,3883.9,3601.6,3077.4,1838.5,544.8,-360.9,-687.6,-823.1,-708.9,-263.7,-68.2,H
372.,450.1,633.,663.1,588.4,294.8,-220.3,-701.4,-949.9,-938.8,-855.2,-626.4,-374.4,-449.2,-630.8,-626.5,-258.3,676.7,1823.7,2399.6,2555.6,2245.,960.8,-502.9,-1149.,-1612.9,-2209.2,-2232.9,-2089.3,-2054.4,-1914.9,-1674.6,-1411.1,-967.9,-687.4,-499.3,-178.7,-23.1,0.,S
