6.6,6.6,38.,46.7,30.8,22.2,6.8,-82.2,-331.9,-957.3,-1710.1,-1998.2,-2557.5,-3178.1,-3014.,-2506.6,-2224.6,-1550.1,-408.7,630.6,1589.9,1976.8,2105.,2484.9,2652.2,2248.8,1929.8,1717.1,877.5,-184.4,-769.5,-919.6,-1021.9,-1044.7,-870.8,-719.4,-662.4,-592.2,-522.,M
-28.8,-28.8,-24.9,4.4,51.8,69.7,65.6,6.5,-111.,-212.,-267.7,-280.8,-304.3,-414.7,-634.3,-910.7,-1054.4,-968.8,-532.3,241.5,1038.4,1412.4,1583.4,1535.1,1137.3,741.4,524.,386.,241.3,181.,139.5,162.2,135.4,115.6,134.4,135.6,125.,111.9,109.4,S
559.8,628.7,641.,472.6,252.5,144.2,-74.2,-352.4,-528.4,-362.3,-80.,-217.2,-251.1,68.8,-96.7,-478.8,364.7,1051.8,984.4,1175.2,1219.3,560.1,763.6,1821.8,2355.3,2693.3,3049.9,2748.8,1776.5,1202.,999.8,768.2,445.4,397.9,341.9,242.2,219.6,159.5,122.,M
-152.,-304.2,-665.3,-1011.1,-1269.4,-1390.8,-886.8,-143.8,546.,1227.9,1954.2,2297.5,2137.8,1693.6,1257.2,786.6,116.7,59.1,-185.6,-261.3,24.8,-437.,-622.6,153.9,368.1,146.5,893.4,1189.5,744.7,661.6,616.4,454.6,290.4,220.2,197.6,216.2,146.7,29.3,0.,H
48.4,54.5,125.3,241.1,292.2,284.5,287.2,158.2,-189.6,-398.,-695.9,-1100.7,-1193.1,-1284.1,-1389.6,-1002.2,-563.1,-253.9,408.4,813.2,958.1,1395.2,1643.2,1638.8,1678.6,1583.1,1316.2,969.3,566.5,339.2,144.,-123.2,-153.9,-57.8,-3.,36.8,66.5,37.5,18.6,M
-615.8,-615.8,-930.5,-968.9,-785.7,-957.,-1035.2,-709.6,-710.2,-640.6,-382.9,-521.,-389.2,-234.3,-22.4,85.3,4.2,130.6,457.8,338.,-18.8,-55.,135.3,29.1,189.2,1489.7,2333.6,2264.3,2490.8,2431.7,1705.1,1333.4,993.7,531.9,460.5,479.4,447.6,465.,482.4,H
-227.4,-130.3,2.1,37.4,9.7,-48.,-52.1,-102.2,-178.2,-248.1,-512.6,-1109.1,-1538.8,-1566.6,-1638.4,-1494.,-910.1,-301.4,-60.4,344.,948.5,1296.3,1326.8,1209.6,1064.8,584.6,133.2,330.2,643.2,816.9,1360.4,1787.7,1493.1,1141.,805.6,275.4,83.8,110.2,133.4,M
197.4,210.8,224.2,235.8,139.7,32.,46.,60.,39.3,85.8,171.3,181.7,173.8,-33.6,-500.1,-1060.6,-1346.5,-1331.,-1253.5,-757.5,118.4,862.4,1149.,1667.5,2263.1,2320.9,1995.1,1688.6,1317.6,690.8,292.1,164.6,180.,201.5,184.1,133.1,90.5,60.,60.,S
-721.6,-585.,-273.7,-99.,-57.1,25.7,-8.4,-280.6,-477.8,-588.5,-983.1,-1549.3,-2048.6,-2265.6,-2246.1,-2026.5,-1536.5,-881.4,-516.2,-594.5,-704.2,-550.2,-102.7,159.4,838.3,1964.1,2451.1,2380.7,2270.2,1882.6,1265.8,929.4,710.1,598.,540.9,434.3,376.2,378.6,389.6,S
-638.4,-713.8,-840.,-890.8,-1298.8,-1781.2,-1992.9,-1847.8,-1565.4,-1406.6,-1157.5,-816.8,-852.4,-1138.4,-621.2,-333.5,-430.3,-115.1,179.,43.1,19.2,48.6,-30.6,-25.1,-134.6,-30.7,243.7,340.1,310.4,354.8,351.6,327.,301.8,251.5,276.9,348.5,358.2,421.4,474.6,M
499.2,435.6,372.,246.7,-19.1,-209.7,-385.,-510.2,-504.1,-488.8,-582.2,-640.,-595.2,-633.9,-636.2,-502.2,-684.6,-964.6,-1016.6,-1176.,-1317.6,-899.,-446.2,-285.6,31.9,370.,526.7,502.2,552.4,616.5,586.4,412.9,283.4,388.,489.2,548.3,674.7,738.6,738.6,M
-375.6,-390.7,-373.2,-343.6,-329.3,-312.,-359.3,-513.5,-597.4,-731.6,-888.8,-871.1,-1075.5,-1519.4,-1670.3,-1599.4,-1864.8,-1239.2,-100.8,461.6,776.6,1531.7,1912.8,1812.4,2000.,1914.,1508.5,971.3,537.4,127.,18.8,-44.5,-195.,-323.2,-401.3,-438.4,-456.6,-474.6,-474.4,M
-3009.4,-3039.2,-3069.,-2947.2,-2449.,-1777.7,-1183.4,-884.,-561.1,-115.2,294.2,880.3,1180.,764.7,499.4,377.2,-495.8,-1096.6,-641.6,-331.7,-642.,-412.6,-18.,54.,393.1,1472.8,2690.,3094.6,3093.4,3162.9,2991.3,2426.6,2104.2,1965.9,1504.5,948.7,668.6,621.2,621.2,H
248.,225.2,194.,270.3,353.6,323.2,315.5,336.8,274.6,80.9,-208.5,-803.,-1239.6,-1496.5,-1856.7,-1570.5,-773.6,-366.2,145.6,770.4,523.8,161.6,539.5,656.,885.8,1962.1,2590.3,2255.5,2207.6,1980.4,1156.5,919.3,946.2,572.3,340.4,273.8,-7.4,-101.,-122.,M
68.8,68.8,-119.,-395.5,-849.8,-1735.8,-2256.2,-2616.7,-3250.3,-3293.6,-2308.7,-1553.6,-866.6,452.2,1203.5,1239.7,1156.4,1013.6,727.5,378.3,55.4,-61.6,-20.1,-49.2,274.9,1082.4,1495.2,1483.8,1661.5,1827.,1530.2,1257.,1330.4,1231.,892.6,619.,511.,383.4,255.8,H
726.,413.9,101.8,-56.8,-383.7,-734.1,-868.9,-821.6,-839.7,-670.9,-419.1,-210.4,-66.6,-109.1,-211.4,-36.5,275.6,353.,513.,956.,1082.9,562.7,198.6,464.1,993.9,1258.2,1355.1,1636.5,1516.7,1113.4,1155.5,1426.,1370.9,1586.1,1843.,1754.7,1879.2,1949.2,1949.2,H
-38.4,-85.8,-214.9,-493.1,-677.7,-665.8,-639.4,-731.7,-639.5,-791.4,-1154.2,-1104.2,-1167.5,-1034.1,-654.6,-521.8,-57.4,677.6,1187.7,1702.5,1977.8,1903.8,2133.3,2150.5,1959.6,2055.,1798.1,1273.8,832.9,533.1,406.8,147.4,-180.,-268.1,-282.4,-276.6,-197.1,-116.7,-115.8,M
-355.8,-394.9,-418.1,-402.2,-343.8,-256.9,-192.,-73.5,8.6,-1.3,3.3,15.7,77.,140.4,209.1,399.,580.7,539.8,438.4,320.,70.5,-119.8,-202.2,-225.4,-128.4,-19.8,-31.9,-40.9,-26.2,-20.8,56.1,235.9,401.8,459.4,443.6,399.8,306.2,212.2,183.8,S
-585.2,-620.4,-728.7,-801.8,-1203.4,-1794.5,-2183.8,-1873.4,-1363.2,-656.4,902.,2692.7,3681.5,3731.2,4009.7,4128.6,3755.2,3046.8,2552.2,1877.5,601.5,-476.2,-954.5,-956.4,-833.7,-595.1,-468.3,-515.4,-573.4,-605.1,-627.3,-716.,-683.4,-552.6,-595.7,-700.6,-711.1,-710.,-760.2,M
794.4,879.1,904.7,845.6,797.6,615.6,287.4,57.4,21.6,108.1,234.5,223.7,108.3,43.6,-329.2,-827.1,-1032.5,-1001.5,-890.2,-882.1,-803.5,-732.8,-793.5,-854.4,-640.4,-448.8,-467.1,-557.8,-652.6,-563.4,-407.5,-160.5,247.2,474.6,415.,407.6,489.1,445.3,372.2,M
-177.4,-197.3,-205.5,-210.6,-226.4,-225.4,-255.6,-388.7,-568.4,-737.5,-829.8,-930.2,-985.5,-976.6,-962.2,-911.6,-912.2,-816.6,-510.6,-185.2,-69.6,220.2,526.3,520.5,439.9,381.4,226.1,40.3,-63.2,-246.8,-357.4,-480.8,-674.9,-780.,-741.6,-668.8,-562.,-375.4,-295.6,S
-36.2,-36.5,-40.5,3.4,49.3,47.6,22.3,13.9,60.9,160.7,230.4,260.2,202.,51.4,52.5,116.2,244.7,588.9,906.8,862.7,716.4,555.7,192.9,-110.1,-202.7,-194.4,-172.6,-98.3,-16.,77.5,141.2,213.6,348.8,383.5,315.5,275.6,209.4,89.1,35.,S
478.4,486.,414.4,335.2,164.5,-141.2,-478.7,-815.7,-950.2,-1031.7,-1246.4,-1532.1,-1576.7,-1468.8,-1199.8,-580.8,185.3,951.8,1302.2,1758.1,2604.4,3046.9,2809.,2519.,1868.3,710.5,4.1,-200.3,-205.4,-59.4,93.3,81.2,76.,89.6,78.9,94.2,151.6,235.4,287.8,S
-62.,-181.,-579.6,-1065.4,-1271.6,-1449.4,-1494.7,-756.,720.7,1591.2,2660.,4190.7,4939.8,4795.5,4364.,4017.4,3341.8,2599.7,1989.7,1792.8,1610.,1144.3,328.4,-370.9,-537.2,-1142.9,-1775.6,-1601.3,-1330.5,-1261.,-1133.3,-958.1,-930.9,-950.7,-950.2,-993.7,-1036.5,-926.9,-818.,H
-153.2,-16.9,463.5,1096.8,1386.,1606.4,1875.9,1846.3,1864.5,1961.4,1747.8,1648.7,1619.5,1101.5,727.2,832.5,513.5,260.7,360.4,288.6,335.9,417.2,217.3,107.4,231.4,246.2,563.6,991.4,1315.1,1513.6,1388.6,1204.3,1071.6,870.4,742.6,786.8,716.1,597.3,593.4,H
-376.,-376.,-466.5,-499.4,-385.2,-302.8,-277.,-236.7,-237.2,-288.,-333.9,-369.8,-551.7,-803.7,-999.1,-952.1,-779.8,-515.3,-304.2,29.3,204.7,-6.8,533.6,1348.4,1663.9,2027.1,2349.2,1698.6,968.1,604.2,62.7,-194.8,-170.7,-186.2,-240.8,-252.7,-249.6,-243.7,-237.8,M
-275.2,-294.5,-313.8,-262.3,-156.5,-104.3,-198.9,-291.4,-406.3,-583.5,-734.1,-840.6,-863.6,-745.5,-594.9,-499.,-240.4,38.2,126.4,288.,580.8,823.4,851.4,876.1,1034.8,1022.5,743.4,527.2,355.5,-89.1,-589.,-913.8,-1011.6,-1060.5,-1089.5,-939.1,-739.8,-671.,-671.,S
-137.6,-144.7,-136.1,-120.4,-71.4,-4.9,35.2,40.4,23.,27.2,3.,-87.5,-296.3,-700.5,-1276.,-1780.5,-1852.2,-1360.,-299.7,1217.4,2727.9,4039.5,4584.9,4282.9,3509.9,2442.4,1237.1,363.5,-59.6,-297.5,-269.8,-274.6,-278.8,-243.1,-150.6,-77.5,-61.8,-26.6,-8.8,M
1169.4,939.6,903.9,842.1,382.6,179.,3.1,-332.3,-438.4,-319.1,-253.2,-54.3,-165.6,-467.3,-591.2,-723.6,-713.5,-211.6,400.3,751.6,982.8,1007.7,1158.5,1369.1,1532.3,1610.8,1865.2,1765.7,1166.7,627.7,333.8,51.4,-373.8,-555.9,-550.9,-506.6,-422.,-275.4,-213.4,H
-119.,-132.1,-145.2,-167.3,-199.,-191.6,-161.5,-155.9,-201.7,-220.5,-191.6,-182.2,-183.,-227.3,-171.4,-205.9,-279.6,-211.1,-222.2,-168.8,335.9,815.8,863.8,937.4,860.,432.5,-1.8,-159.6,-145.4,-145.2,-230.7,-252.6,-206.8,-173.7,-114.6,-48.6,-4.8,-1.,2.8,M
-124.8,-43.9,63.6,90.2,196.6,370.3,435.7,304.6,175.4,128.6,14.3,-152.4,-146.8,-42.,-62.,-61.6,-126.2,-177.6,-144.,161.6,497.,710.5,1175.7,1457.2,1332.2,1359.7,2015.3,2466.4,2414.4,2363.6,1844.,782.1,15.3,-158.4,-383.1,-518.5,-465.6,-666.1,-830.2,S
-2203.8,-2253.,-2595.3,-2597.2,-2326.1,-2346.2,-1528.5,-364.8,817.3,1929.6,2205.8,2197.,1932.1,1099.2,516.,509.6,267.3,426.1,745.8,401.8,139.2,213.7,222.2,400.6,1348.6,2052.2,2874.2,4432.8,5366.1,5331.9,5101.,4289.8,2683.8,1581.,765.7,258.4,66.4,-282.8,-440.,H
-305.6,-322.3,-339.,-340.1,-342.2,-413.2,-532.2,-581.2,-606.1,-675.9,-545.9,-443.2,-515.4,-493.6,-774.4,-1156.5,-1346.5,-1457.,-1695.5,-1507.4,-1382.9,-1102.2,-519.4,-190.7,-77.4,52.5,107.6,-182.6,146.3,997.8,1619.8,1876.1,2033.,1878.1,1545.7,1326.5,1161.,1037.2,1037.2,H
-949.2,-1032.2,-1115.2,-1213.1,-1569.6,-1829.7,-1917.9,-2004.6,-1690.9,-992.4,-298.,286.2,560.8,660.3,858.8,996.3,1037.,1039.2,984.7,1133.7,1480.5,1686.7,1749.6,1889.2,1765.7,1210.2,737.,556.2,305.5,-53.6,-157.5,-126.3,-99.6,-93.8,-60.,-77.,-116.2,-110.4,-110.4,M
-100.,-147.5,-267.9,-356.7,-417.7,-463.1,-455.5,-414.2,-501.8,-733.2,-1052.9,-1309.7,-1357.2,-1231.3,-883.3,-270.5,220.1,532.3,827.,1037.9,1154.1,1143.6,991.5,631.2,244.5,-106.8,-288.9,-348.8,-307.7,-235.5,-232.5,-262.7,-380.6,-381.2,-335.6,-425.5,-451.6,-270.4,-132.2,S
-457.8,-457.8,-420.1,-326.4,-246.2,-255.2,-288.4,-240.2,-117.8,-29.4,79.3,140.6,100.,126.3,138.1,-112.7,-251.4,-161.2,-582.3,-1123.1,-922.7,-600.5,-598.4,-35.8,696.2,811.3,785.,813.,580.7,342.6,203.1,14.1,-41.2,39.9,90.5,123.1,128.4,70.6,70.6,S
305.2,342.3,379.4,347.2,248.8,65.1,-162.9,-273.4,-353.4,-481.4,-522.7,-662.5,-809.,-1008.2,-1188.,-1108.,-720.3,-393.2,161.2,951.2,1364.4,1729.,1916.,1805.4,1609.7,1382.1,980.5,721.4,455.,-21.4,-370.9,-629.4,-748.4,-673.6,-556.1,-419.6,-234.4,-143.,-143.,S
-797.,-955.2,-1113.4,-1024.3,-809.6,-592.4,31.7,564.2,438.,426.7,681.7,280.3,-261.2,-86.4,-176.3,-615.7,-455.2,-120.,-724.,-1107.1,-1102.6,-1547.,-1775.,-1347.8,-862.8,-423.4,382.3,806.4,1005.6,1118.3,1086.3,932.2,723.6,656.8,458.3,228.8,33.5,-64.,-64.,H
-45.,-238.9,-986.1,-1869.7,-2488.6,-2777.2,-2720.5,-2133.9,-1416.9,-700.9,-172.,233.6,626.2,661.1,441.7,174.4,-150.8,-129.2,-332.1,-689.,-496.2,-1034.7,-1625.3,-681.5,486.7,788.1,1480.8,2038.5,1769.5,1225.7,815.9,639.6,432.4,214.8,194.,230.8,355.9,385.7,290.4,H
-25.4,-37.8,-50.2,-30.2,-10.2,-4.8,-23.3,-47.2,-60.2,-73.2,-81.,-72.6,-275.4,-461.5,-428.6,-469.6,-406.2,-13.2,317.1,358.8,590.1,720.4,510.6,287.7,173.6,-11.,-197.4,-145.7,-48.,-3.8,-6.1,-29.6,-97.3,-218.1,-292.4,-280.7,-229.3,-157.4,-125.2,S
-383.6,-223.5,51.2,165.8,75.4,-43.6,25.,101.2,80.2,324.1,706.4,884.5,1132.2,1340.2,1367.6,1512.7,1357.3,994.9,905.6,831.4,550.,328.9,226.3,137.6,59.6,-63.7,-69.8,-74.6,-118.6,-211.6,-355.,-379.,-300.7,-248.8,-220.,-168.2,-145.2,-137.4,-129.6,M
552.4,473.8,267.5,12.1,-191.4,-267.2,-281.5,-262.9,-471.1,-902.9,-1093.6,-1393.3,-1794.2,-1747.9,-1383.4,-1328.4,-1520.2,-1036.8,-515.8,174.7,1019.4,2442.2,3255.1,3148.7,2889.,2287.8,1307.,530.8,575.1,404.9,395.,573.5,664.4,580.1,562.,540.6,513.8,481.4,475.8,M
