277.6,294.,327.6,359.4,435.4,456.1,454.3,516.7,543.4,522.8,499.,420.,282.2,135.5,10.,-35.2,-4.2,92.1,257.4,365.,424.7,505.8,541.1,558.8,562.6,589.5,673.,778.3,823.8,820.6,847.4,874.2,S
-684.4,-639.1,-568.9,-402.2,-225.,-189.6,-76.4,55.6,15.2,-50.5,-57.,-103.3,-68.5,-55.8,-54.9,14.4,57.5,65.5,112.5,178.4,162.2,124.3,52.5,-1.3,-12.8,-4.4,-4.4,MI
-369.,-369.,-51.6,821.7,2027.8,3157.5,3637.,3739.1,3721.2,3311.6,2541.5,2314.6,2389.9,1882.,1053.7,555.,-87.9,-1203.6,-1853.7,-2009.4,-1987.8,-1755.,-1399.6,-1277.,MI
2317.,3093.9,4478.7,5393.5,5232.1,4763.8,4333.6,3608.4,3005.3,2540.9,2384.6,2187.,1681.8,1093.1,448.1,84.2,-268.4,-853.3,-1201.2,-1323.9,-1331.,-1293.7,-1203.6,-1148.,-1189.,-1232.8,-1299.5,-1417.4,-1468.6,H
-347.6,-329.2,-310.8,-246.,-185.3,-96.2,141.9,286.8,613.8,1213.8,1625.4,1783.4,1802.8,1508.,983.2,542.8,159.3,-13.8,-109.4,-263.3,-340.4,-375.6,-392.,-391.6,-411.3,-429.3,-401.2,-375.2,-324.5,-231.5,-131.6,-74.,H
232.8,195.8,173.3,187.8,-5.2,-360.3,-294.1,213.1,492.,678.,1176.2,1617.3,1567.1,1388.,1627.5,1979.,1843.8,1432.3,1268.,871.8,127.3,-402.7,-592.7,-601.,-501.7,-430.8,-459.2,H
-372.8,-320.,-256.8,-235.8,-225.2,-215.8,-227.1,-271.3,-248.4,-202.,-136.,-8.5,184.7,402.6,488.8,546.9,639.9,560.3,306.1,166.4,46.4,-197.6,-312.5,-303.4,S
310.8,337.8,389.9,395.3,263.9,152.2,180.6,44.9,-58.7,233.9,466.,763.1,1355.7,1808.4,1870.,1774.4,1434.5,850.6,345.7,8.8,-67.2,-67.2,MI
-58.2,-129.,-278.4,-468.,-579.,-606.2,-558.8,-387.5,-234.4,-178.,-506.,-1067.,-1360.4,-1376.8,-1360.4,-1049.4,-485.2,-212.6,-165.6,-136.5,-107.4,S
-10.,-10.,34.,154.4,310.9,421.3,451.6,414.5,219.6,-74.3,-356.7,-503.,-620.1,-720.9,-702.8,-619.,-537.,-436.2,-264.7,-164.2,-132.7,-131.,-103.2,-75.4,S
-216.,-191.8,-104.6,-22.8,-4.,117.3,395.6,550.6,580.1,611.6,457.7,237.7,179.6,128.3,69.,88.6,10.9,-157.2,-228.,MI
-117.2,-107.7,-69.2,-40.2,-18.5,33.3,86.1,169.9,231.,503.4,1153.8,1967.4,2810.1,3217.2,3333.7,3286.2,2520.9,1134.6,349.6,-351.1,-1418.8,-1770.1,-1600.3,-1446.2,-1275.7,-1128.6,-1152.,H
497.,506.8,639.5,871.5,1027.7,1074.8,1064.8,835.6,422.6,20.3,-188.2,-301.3,-416.7,-410.6,-320.1,-240.5,-202.7,-113.8,-18.8,27.6,27.6,S
-286.,-251.9,-217.8,-214.3,-182.5,-150.7,-180.5,-213.8,-203.1,-188.9,-267.3,-357.6,-366.,-437.5,-586.3,-669.7,-708.4,-741.,-756.2,-729.7,-669.5,-651.,S
-610.4,-584.3,-532.6,-470.7,-434.4,-347.,-333.1,-644.7,-1058.6,-1234.4,-1414.3,-1587.3,-1323.9,-881.9,-696.4,-587.6,-376.9,-254.1,-233.2,MI
-7.8,88.7,504.1,823.,1499.8,2776.7,3693.4,3557.2,3104.4,2104.5,295.1,-954.6,-1296.9,-1199.,-919.3,-526.1,-406.2,-389.5,-379.2,-319.6,-199.7,-45.8,47.8,MI
-305.4,-305.4,-257.8,-196.8,-176.9,-158.6,-146.8,-18.,291.4,672.8,931.7,989.8,921.6,719.7,437.,248.3,208.6,135.2,-14.1,-113.9,-176.5,-215.2,MI
-405.,-362.5,-291.5,-196.4,-72.3,-14.8,-54.2,-19.3,121.4,287.2,386.6,411.4,245.9,-167.1,-551.5,-713.2,-734.4,-648.9,-432.9,-286.4,-249.2,S
-165.6,-256.1,-346.6,-416.5,-478.4,-423.3,-365.6,-355.,-329.9,-313.6,-276.2,-161.8,-93.6,-71.,45.7,154.6,215.1,260.8,340.6,368.8,216.2,39.2,-36.8,-36.8,MI
-852.4,-852.4,-883.8,-1021.5,-1172.8,-1337.8,-1457.8,-1454.4,-1311.,-1008.9,-602.1,-357.4,-229.9,133.3,522.8,813.6,950.6,1048.5,1146.4,MI
-230.4,-230.4,-200.3,-104.1,-11.3,51.6,87.8,129.8,219.6,306.,357.4,370.2,396.9,426.5,444.9,477.2,494.,357.3,26.2,-204.6,-316.4,-391.8,-352.3,-199.2,-90.7,-84.2,-72.6,-39.8,44.6,100.5,167.6,230.4,259.4,331.2,424.8,488.,500.4,536.5,576.,579.4,S
-530.6,-530.6,-467.9,-372.9,-308.1,-217.9,-160.2,-130.9,-83.3,-6.8,9.4,-32.6,-20.6,25.5,159.5,446.,632.6,727.6,842.4,671.2,262.,43.8,-149.7,-481.3,-599.8,-552.7,-525.2,-476.6,-377.7,-291.7,-177.1,-98.2,-24.6,82.9,176.1,253.8,272.2,H
435.6,472.2,433.6,330.7,113.2,-268.1,-595.6,-731.6,-787.4,-778.5,-716.5,-684.6,-650.,-589.2,-371.7,45.9,479.1,787.2,945.7,977.8,987.2,MI
198.4,220.3,263.9,293.9,334.1,444.1,591.,675.9,650.7,502.3,249.2,-3.7,-203.4,-291.1,-249.7,-213.4,S
179.2,192.,255.,328.,416.7,499.3,553.,615.6,636.2,216.,-356.7,-351.9,-210.3,-224.7,152.9,648.,574.2,350.,343.2,400.9,472.1,531.,589.2,646.4,680.2,653.8,514.6,326.6,138.1,-66.2,-197.1,-227.8,H
-172.8,-144.,-64.4,-66.8,-221.8,-468.9,-563.7,-430.1,-267.3,24.3,489.8,1078.8,1784.7,2363.7,2584.1,2611.7,2232.9,1391.6,704.3,463.8,H
2142.,2196.,2421.6,2569.3,2367.8,1814.,1103.2,366.1,-215.8,-546.4,-694.8,-671.8,-659.4,-618.6,-505.3,-440.6,S
61.6,94.,150.4,203.7,233.,271.2,320.,355.5,412.2,444.,432.3,350.9,333.1,433.5,482.,452.9,472.8,469.2,416.6,S
228.6,228.6,253.9,330.2,334.9,173.3,58.,47.7,121.8,348.2,745.4,1000.6,1192.,1495.2,1537.2,1239.5,1011.6,654.2,-10.3,-396.3,-422.2,-369.2,-202.9,-36.6,H
-347.6,-268.3,-189.,-171.,-64.9,90.8,186.5,214.6,320.6,402.5,333.5,235.8,183.,47.6,-150.2,-365.4,-670.2,-822.2,-948.5,-1199.9,-1370.6,-1416.2,H
-91.4,1.2,141.2,188.6,365.3,673.2,500.3,211.1,226.,249.2,147.9,638.2,1644.3,2035.6,2604.3,3201.8,3061.5,2505.6,2118.8,1273.9,371.8,34.5,-307.5,-369.4,H
132.8,175.3,217.8,249.3,309.8,355.3,266.5,161.2,-29.,-348.8,-529.3,-521.5,-462.8,-394.7,-266.9,-245.5,-285.2,-286.6,-204.2,-33.2,130.9,271.4,336.4,336.4,S
-638.6,-711.7,-1032.,-1485.4,-1927.6,-2163.6,-2250.2,-2226.7,-2074.4,-1925.1,-1818.,-1776.1,-1702.5,-1527.8,-1249.1,-1113.4,-935.7,-622.3,-381.9,-152.7,-28.2,71.6,186.9,50.4,-101.6,S
376.6,380.1,356.5,284.2,-37.,-313.,-456.1,-690.4,-834.2,-604.8,-322.8,-114.7,270.6,683.2,957.9,997.2,979.6,921.7,784.3,729.3,771.4,772.8,815.3,856.4,H
162.2,207.1,252.,270.7,319.3,278.,9.3,-188.2,-262.2,-398.4,-432.2,-297.,-190.2,-149.3,-97.3,-78.5,-26.2,18.4,74.2,140.9,202.6,285.2,373.5,381.8,357.,395.8,335.5,161.9,64.,-5.2,-147.1,-219.8,MI
-170.2,-256.3,-342.4,-291.1,69.2,915.7,1607.5,1761.8,1738.9,1688.7,1476.5,1439.5,1587.4,1794.7,2001.2,1888.8,1594.6,1412.,1141.8,524.5,-135.9,-449.2,H
-528.4,-495.4,-422.1,-330.9,-280.,-243.8,-170.8,-95.9,-24.2,9.4,75.5,196.5,194.6,180.3,222.8,140.7,-174.9,-461.5,-660.6,-806.6,-770.3,-412.9,111.6,446.7,578.4,591.7,441.4,158.7,39.6,MI
28.2,-21.7,-40.2,27.5,23.7,-10.9,97.,281.5,440.6,585.,646.9,647.1,625.,525.4,473.1,492.6,521.5,507.,463.6,S
151.6,140.4,74.1,19.,-10.4,12.1,186.5,363.6,418.2,488.7,531.7,465.1,398.7,371.4,317.7,148.3,-79.8,-226.7,-261.2,-283.9,-294.3,-227.3,-155.6,-138.6,MI
-76.4,-76.4,-43.4,51.8,174.7,278.6,321.8,283.1,220.4,129.8,-68.6,-200.4,-309.7,-505.1,-664.,-643.7,-550.6,-511.7,-472.8,MI
-123.,-69.4,33.6,63.1,43.2,-1.1,-67.3,-224.1,-242.,-125.,-154.3,-241.9,-70.4,317.,474.6,637.8,868.3,828.,485.9,251.4,251.4,H
-1129.2,-1191.4,-1200.5,-1029.,-910.6,-766.4,-453.7,-201.3,-245.8,-374.2,-651.2,-1048.3,-1053.6,-637.5,-336.2,8.7,378.7,237.3,-230.1,-531.,-724.9,-1005.3,-1303.9,-1516.,H
-145.,-118.4,-29.6,84.2,135.8,270.8,588.4,911.3,1103.5,1155.4,909.,244.6,-419.9,-805.5,-944.6,-878.6,-626.4,-323.5,-206.8,S
-580.6,-580.6,-440.1,121.6,1204.1,2356.9,3167.5,3445.6,3233.3,2550.5,1540.,721.9,303.3,-74.2,-479.7,-637.,-847.3,-928.3,-939.5,-1167.9,-1285.6,MI
56.8,68.3,-56.4,-315.,-437.4,-580.8,-843.9,-930.4,-836.,-774.8,-711.1,-571.4,-451.5,-351.9,-296.2,-255.4,-151.7,-45.5,24.5,51.2,79.8,132.5,187.7,102.4,-14.,-170.3,-495.8,-888.6,-1172.7,-1233.2,-1301.4,-1380.9,-1293.4,-1086.2,-977.8,-848.4,-637.7,-517.,-469.5,-461.4,-408.2,-319.9,-284.8,MI
568.8,568.8,559.8,452.9,305.8,141.1,25.6,-32.9,-33.2,84.7,216.1,287.8,319.4,352.,373.4,385.8,377.8,397.4,455.5,455.,360.1,304.2,218.3,20.7,-262.4,-451.2,-468.6,-438.1,-305.2,-1.6,251.4,303.2,357.4,405.6,374.5,349.4,S
312.8,313.5,314.2,406.5,531.6,465.3,315.7,265.2,158.1,-119.2,-482.3,-780.4,-885.6,-883.6,-748.,-361.7,18.1,145.2,161.3,176.7,210.6,262.6,280.,280.,MI
-679.8,-565.6,-451.4,-381.2,-320.9,-422.8,-706.1,-897.4,-1026.,-1146.7,-1072.3,-778.1,-550.4,-353.6,0.9,240.5,211.4,100.4,-13.3,-127.,S
77.4,135.7,194.,224.7,310.4,372.3,325.6,272.,151.3,-209.1,-562.3,-720.9,-766.,-813.3,-727.7,-501.2,-295.4,-183.2,-44.4,199.9,367.3,473.3,517.4,583.,666.5,693.2,702.,H
-619.2,-690.1,-667.7,-574.4,-410.9,-11.4,465.8,842.8,978.6,990.2,870.2,527.9,151.9,-13.4,-70.2,-118.9,-55.,-49.4,-99.6,S
306.2,176.,-104.1,-312.9,-371.8,-342.1,-263.2,-100.5,63.4,113.8,152.,272.2,356.6,363.7,368.4,390.5,415.3,407.2,404.4,412.4,412.4,S
-31.6,-147.1,-305.1,-368.,-388.4,-314.6,-103.,125.4,344.6,473.2,773.9,1337.1,1897.7,2438.5,2681.2,2722.3,2809.4,2846.3,2711.2,2585.2,2331.9,1622.3,791.6,198.4,-20.4,-178.7,-384.4,-532.3,-792.9,-953.,-1045.5,-1150.9,-1123.2,-1065.8,-1049.,-983.7,-918.4,MI
134.8,143.1,173.3,40.4,-192.9,-271.4,-217.6,-43.1,293.9,614.7,719.2,763.3,880.1,1168.1,1555.7,1728.,1820.1,1867.5,1822.8,S
368.4,368.4,-38.1,-621.9,-800.8,-703.6,-604.8,-428.7,-219.,-108.,23.9,78.4,120.4,180.7,222.,292.5,340.,387.6,435.2,S
-516.,-755.6,-1001.2,-1007.2,-934.5,-564.6,11.,259.1,228.8,397.3,484.4,802.9,1706.9,2211.,2356.9,2571.3,2189.2,1221.8,705.,262.1,-435.7,-837.,-971.2,-1053.2,-1147.4,H
-581.8,-581.8,-539.5,-295.8,28.2,168.8,186.8,254.6,338.2,421.6,501.2,513.2,537.6,562.,MI
-122.8,-122.8,-66.,99.2,624.4,2037.6,3034.,4208.8,6238.7,7451.3,7437.2,7065.6,6005.3,3705.8,1254.5,-979.4,-2001.2,-2458.2,-2844.1,-2587.4,-2236.2,-2070.6,H
114.4,114.4,154.8,174.4,154.1,146.4,138.2,97.,71.,52.7,36.,52.8,87.3,139.,197.7,230.5,221.8,249.9,309.2,328.2,381.7,447.4,462.8,478.2,H
140.,150.5,162.8,174.4,193.4,202.6,134.7,-25.3,-222.5,-458.3,-589.,-602.6,-579.2,-480.2,-359.7,-301.2,-209.,-65.9,13.,111.2,181.4,S
-496.8,-609.8,-722.8,-743.,-711.9,-586.9,-402.8,-292.4,-164.1,105.9,447.8,743.6,839.2,843.3,769.1,551.,349.7,288.2,264.8,166.5,91.6,MI
-90.4,-45.7,-1.,55.3,160.9,233.5,220.2,322.7,576.7,695.6,543.8,388.,58.7,-570.6,-961.1,-925.8,-800.,-629.6,-317.6,-117.8,-32.3,-5.,MI
318.,268.1,194.4,44.9,-156.1,-303.1,-308.5,-242.2,-144.1,2.,25.,-16.4,-89.,-212.2,-315.9,-296.4,-240.2,-189.4,-70.2,32.7,67.2,S
-605.2,-546.1,-411.6,-336.2,-265.2,-99.4,107.8,368.6,517.,740.6,1117.6,1343.2,1290.3,1165.2,1017.5,492.4,-325.6,-1042.8,-1319.4,-1515.9,-1585.4,-1250.2,-854.5,-667.,-598.5,-530.,H
335.2,335.2,346.3,324.9,149.2,-134.3,-274.6,-378.3,-553.8,-569.6,-495.2,-476.8,-395.5,-296.8,-220.6,-74.1,13.6,54.9,227.2,403.3,470.9,493.4,480.3,428.4,233.2,-62.9,-202.6,MI
468.2,468.2,438.8,252.5,88.6,123.7,165.8,221.5,364.2,376.8,153.1,3.8,-64.2,-124.1,-133.,-134.1,-118.2,-97.6,-77.,H
107.4,291.6,647.7,1002.1,1379.9,1575.2,1642.8,1710.4,1474.7,969.7,700.4,378.8,-297.9,-802.3,-1082.4,-1213.2,-1246.7,-1190.6,-1017.9,-889.5,-844.2,-844.2,H
-283.4,-283.4,-247.5,-80.3,225.7,379.6,358.8,569.6,1071.8,1622.5,2092.9,2500.5,2508.2,2078.5,1394.1,677.1,207.1,-77.5,-165.6,H
157.2,157.2,212.9,232.5,24.9,-213.9,-281.2,-423.5,-605.1,-534.4,-338.6,-252.8,-147.1,11.1,63.6,S
-271.,-360.6,-559.2,-678.,-687.8,-610.9,-495.6,-422.5,-335.6,-283.4,-222.6,-126.4,-22.8,148.1,250.8,218.4,138.6,70.,24.1,-0.6,16.9,21.6,-51.2,-251.4,-391.6,-409.2,-394.9,-369.5,-376.,S
476.6,476.6,463.2,356.8,137.1,-103.2,-254.9,-329.9,-367.8,-306.5,-209.1,-133.8,-93.6,-47.9,-3.8,21.9,80.8,112.4,163.3,288.1,410.5,472.6,486.2,471.6,347.7,102.9,-132.8,-233.,-233.,S
-257.6,-196.2,-134.8,-75.,11.8,15.7,-114.,-220.6,-352.4,-509.7,-534.2,-497.2,-461.2,-402.8,-385.1,-440.2,-469.4,-484.2,-475.4,-418.3,-362.2,-270.3,-186.2,-186.2,S
255.2,255.2,356.4,526.5,631.6,789.7,911.6,1170.9,1634.9,2183.2,2556.,2585.2,2288.4,1991.6,H
-221.8,-346.6,-525.,-578.6,-510.5,-398.7,-565.3,-726.2,-786.3,-860.,-509.9,176.3,548.2,722.4,924.5,729.6,494.1,481.4,482.6,443.,274.7,13.2,-120.8,-241.6,-398.8,-381.8,-304.1,-279.8,-232.2,-173.9,-123.,-25.3,32.2,64.8,153.9,219.2,234.9,241.8,258.1,274.4,H
317.,340.2,381.7,400.,309.4,-26.3,-495.6,-797.9,-876.,-805.6,-462.,58.6,384.9,463.8,503.7,539.4,530.7,530.1,534.,MI
-184.4,-182.1,-197.,-214.2,-131.,37.8,236.,489.9,631.2,639.,548.4,246.8,-115.9,-275.4,-433.6,-635.8,-679.8,MI
-250.,-393.,-537.7,-539.4,-497.8,-434.3,-408.3,-296.7,-189.2,-95.8,108.,355.8,446.5,447.5,474.,468.2,497.7,568.8,578.1,524.6,385.2,132.4,-86.8,-186.8,-272.2,-325.4,-273.7,-211.2,-168.2,MI
-336.2,-290.4,-93.8,57.,255.1,718.8,1076.6,1400.9,1633.,1670.6,1878.1,2218.7,1966.4,1543.4,1363.9,857.6,268.7,-3.2,-13.,-147.8,-434.6,-586.6,MI
461.2,428.2,392.4,232.4,75.2,-1.1,-189.1,-353.9,-388.3,-369.6,-322.6,-145.1,200.7,565.7,715.4,724.2,542.3,87.8,-252.8,-192.7,-81.,168.4,635.8,887.2,885.4,825.,738.5,562.5,417.1,293.7,226.2,H
-139.2,-361.4,-781.2,-1119.8,-1260.8,-1247.5,-1206.1,-1137.2,-977.6,-858.8,-778.4,-527.8,-249.3,-125.2,-109.4,-49.2,41.2,102.,168.9,205.2,123.,-142.8,-480.3,-757.9,-881.6,-881.6,S
-584.6,-630.5,-698.5,-872.6,-1024.6,-1122.,-1371.8,-1643.,-1696.2,-1630.6,-1384.4,-642.6,341.2,1251.3,1673.2,1767.6,1775.9,1598.2,1317.1,1127.6,1127.6,MI
474.8,469.7,316.8,169.,7.7,-268.8,-496.4,-552.5,-496.2,-406.7,-274.8,-2.9,786.2,1345.8,1989.3,3112.3,3758.,3484.3,3044.4,2265.4,981.1,154.4,-227.5,-288.,-213.4,-306.2,-665.5,-1083.,-1308.6,H
200.4,257.3,314.2,370.8,440.4,499.2,629.8,714.6,742.5,1073.8,1430.8,1398.8,1313.2,1203.,596.9,-171.4,-574.3,-704.8,-755.2,-664.7,-523.8,MI
132.6,146.3,160.,162.7,22.7,-253.5,-491.2,-595.4,-641.7,-693.7,-760.7,-904.2,-986.4,-1044.2,-1117.4,-1055.,-904.,-830.8,-839.9,-777.1,-505.3,-138.1,29.2,185.7,456.8,429.3,111.6,-64.,-131.5,-199.,H
426.6,327.,124.9,-85.8,-194.,-132.8,126.3,626.1,1075.3,1222.6,1130.9,863.,366.8,-71.3,-189.4,-70.8,111.4,294.8,456.9,499.2,526.1,475.4,250.5,103.2,H
-142.6,-142.6,-93.7,36.2,213.3,410.,510.6,518.,411.3,45.6,-430.1,-654.2,-779.9,-975.5,-921.3,-646.6,-496.,-348.9,-201.8,MI
-648.2,-648.2,-563.2,-385.5,-136.9,104.,189.,226.3,50.,-589.4,-1386.2,-1757.2,-2055.4,-2395.9,-2228.5,-1807.,-1595.2,-1344.7,-1094.2,MI
626.4,639.7,680.2,726.1,685.3,625.8,515.5,119.3,-346.9,-601.4,-675.6,-597.5,-271.5,54.8,216.7,300.2,417.5,665.9,995.7,1282.7,1371.,1345.6,1179.3,1038.4,H
-535.,-525.2,-515.4,-444.2,-317.9,-228.5,-145.6,-97.,-57.7,128.3,400.,680.6,836.2,921.,717.5,82.3,-520.3,-776.,-930.2,-990.9,-708.2,-441.2,-363.4,-363.4,S
21.2,-115.6,-464.3,-1190.1,-1800.7,-1897.4,-1753.5,-1358.2,-488.5,364.3,598.8,767.4,1051.4,1158.8,1173.4,1196.,1118.8,956.7,871.8,MI
-752.4,-729.7,-623.2,-561.8,-439.2,-105.1,165.4,203.1,181.8,437.3,597.6,447.1,413.1,340.3,192.7,391.1,789.4,958.2,1109.3,1013.9,422.8,-76.2,-230.6,-230.6,MI
-469.,-428.7,-333.5,-202.2,-56.,13.8,63.9,205.5,449.1,716.4,831.6,980.,1181.3,1102.8,806.4,641.4,360.8,-130.8,-402.,-458.9,-455.6,-358.9,-167.2,-72.2,MI
-466.4,-394.9,-253.4,-115.4,-27.,-6.6,26.,86.4,128.3,60.1,-22.2,-141.3,-361.6,-571.2,-640.4,-601.2,-572.5,-536.7,-529.6,S
-791.8,-769.7,-728.6,-709.6,-737.4,-789.,-892.2,-975.3,-979.,-928.7,-882.7,-907.5,-960.2,-992.4,S
530.2,556.7,583.2,721.4,989.8,1269.8,1457.2,1494.8,1290.9,843.7,345.,28.6,-32.4,72.6,209.6,287.,332.4,S
-441.4,-538.1,-687.9,-762.5,-784.,-775.1,-731.9,-514.3,-243.1,-155.2,13.9,433.1,767.7,970.7,1089.2,1093.9,1054.7,899.5,788.2,MI
374.,339.9,305.8,222.7,358.9,1090.4,2291.2,2979.8,3567.7,4377.3,4429.2,3790.5,3321.6,2843.8,1836.1,871.2,84.3,-267.6,-478.6,-788.4,-1047.6,-1208.,H
-258.8,-204.2,-149.6,-188.,-281.8,-328.4,-309.9,-300.2,-168.3,77.9,238.7,278.1,271.,285.5,365.2,550.9,741.,810.6,787.6,738.3,712.,S
-1864.2,-1820.8,-1728.3,-1679.2,-1617.3,-1505.7,-1372.4,-1209.9,-1131.,-1001.8,-853.7,-756.1,-642.6,-607.8,-865.2,-1254.2,-1624.4,-2069.8,-2276.6,-2250.5,-2153.5,-2004.6,-1849.4,-1772.2,-1657.5,-1511.3,-1429.8,-1310.8,-1241.8,-1241.8,H
311.8,409.9,546.4,615.,645.2,690.7,718.4,546.8,189.3,-14.4,-266.1,-655.1,-702.7,-418.5,-224.,-27.4,291.2,493.1,624.,675.,708.6,797.,858.3,840.2,815.6,815.6,MI
-391.2,-346.3,-230.9,-168.9,-177.4,-96.1,62.5,176.1,334.9,457.4,440.4,379.8,195.1,-119.2,-292.4,-380.3,-535.1,-539.8,-399.5,-321.4,-295.6,-233.8,-134.5,-28.,15.2,70.,154.1,209.1,234.8,S
-11.8,36.3,169.9,354.4,453.4,634.9,887.7,958.3,857.5,757.4,599.,331.8,245.,398.8,530.6,655.,862.2,972.4,999.8,S
-1578.6,-1570.,-1561.4,-1530.1,-1445.7,-1162.8,-737.5,-542.,-408.2,-246.4,-400.1,-802.6,-1023.4,-1166.3,-1412.2,-1439.3,-1284.6,-1205.8,-1205.8,S
-498.2,-486.9,-475.6,-423.2,-305.3,-202.5,-66.3,32.6,83.7,161.,156.1,-10.1,-145.2,-211.3,-445.9,-702.,-648.9,-508.2,-404.9,-141.2,131.5,171.,98.2,98.2,S
-647.4,-522.2,-397.,-238.3,23.3,233.4,307.6,274.6,312.3,313.1,76.,-187.7,-251.2,-423.4,-737.,-879.4,-671.7,-463.,-302.3,102.6,346.8,H
61.6,92.4,123.2,33.2,-232.2,-591.5,-683.3,-591.2,-372.1,655.6,2460.9,4035.,4612.4,5037.8,5310.5,4541.9,3101.9,2277.8,1782.4,845.7,139.4,-104.7,-83.8,-418.1,-1146.6,-1743.8,-2051.,-2155.2,-2097.3,-1446.4,-562.9,-272.4,H
141.6,119.1,96.6,83.3,-106.2,-478.,-853.3,-1033.,-1089.9,-922.1,-436.3,42.4,260.,413.3,612.2,704.7,764.2,776.8,746.7,641.8,567.,MI
-1795.4,-1644.7,-1274.,-783.6,-283.2,-53.2,124.,320.,151.2,-129.7,-223.,-432.,-967.4,-1426.1,-1664.2,-1770.,-1761.8,-1438.6,-1123.6,MI
20.8,19.1,-100.1,-350.7,-598.3,-712.8,-782.9,-730.7,-432.7,-134.8,-12.6,130.9,341.8,387.4,361.8,358.,297.7,208.8,201.5,290.,357.2,356.7,338.8,246.4,33.8,-103.8,-103.8,S
-716.6,-631.6,-546.6,-507.2,-407.8,-337.8,-350.3,-372.8,-414.1,-310.8,-55.6,266.5,478.,693.6,1009.5,1179.5,1086.6,924.,710.7,212.,-265.6,-523.1,-588.4,-607.,-626.4,-626.7,-584.6,-543.,-441.8,-280.8,-124.4,36.9,101.6,139.9,260.8,375.2,336.4,265.8,265.8,H
-847.4,-780.3,-716.9,-681.3,-642.,-586.8,-497.7,-386.9,-239.2,-168.4,-43.4,229.7,387.7,463.,528.4,564.5,575.1,699.,854.2,860.,823.6,614.,175.2,-395.6,-700.8,-1003.7,-1455.6,-1689.3,-1816.6,-1859.2,-1856.7,-1835.3,-1800.2,-1710.9,-1637.8,-1569.4,-1529.2,-1624.7,-1778.8,-1865.6,H
-110.6,-110.6,-68.4,-22.4,22.1,88.4,114.,159.8,258.4,296.9,389.3,496.,742.9,1237.4,1698.,1854.2,1797.4,1564.5,1037.1,468.2,35.2,-123.4,-187.5,-232.9,-117.8,70.5,162.4,221.,305.2,366.,401.2,MI
-358.2,-299.7,-216.4,-197.2,-163.5,-55.9,57.7,103.,132.8,219.5,161.2,48.2,50.4,219.7,462.4,674.8,858.8,903.8,669.8,259.,-20.7,-254.3,-385.,-359.2,-274.1,-185.5,-87.1,-18.,-11.9,30.4,94.5,135.9,149.4,190.9,263.7,342.5,421.,452.,456.6,341.9,65.5,-91.6,MI
-286.,-286.,-219.9,-101.5,-4.4,88.5,136.6,160.4,208.,239.,-155.4,-557.,-600.5,-589.4,-622.1,-401.,-92.6,-113.3,-287.3,-414.2,-316.,-244.2,-219.5,-130.5,-19.4,56.8,86.2,118.3,175.8,227.7,191.3,128.4,-18.,-318.8,-618.2,-732.4,-806.8,-889.4,-795.1,-621.8,-520.2,-539.1,-591.9,-689.3,-714.7,-608.5,-540.4,H
395.8,416.8,356.7,184.7,10.8,-72.2,-226.2,-431.7,-503.4,-538.3,-553.,-485.,-382.,-265.8,-2.4,179.8,340.3,622.3,748.5,646.6,540.,419.2,146.7,-142.9,-426.4,-572.,-683.7,-805.8,-816.2,S
124.2,-44.2,-212.6,-333.5,-597.2,-817.4,-920.5,-946.2,-1286.8,-1686.2,-1422.7,-809.7,-519.,159.9,1401.4,2189.1,2266.5,2400.9,2495.6,1947.9,1236.2,884.8,519.1,-60.2,-451.1,-752.3,-876.2,H
-290.2,-290.2,-366.1,-420.5,-323.9,-247.5,-246.2,-73.2,558.4,1649.2,2711.8,3142.2,3390.9,3518.9,2853.8,1887.,1464.6,1055.3,275.6,-288.5,-482.2,H
-249.6,-157.1,-21.,22.6,61.7,103.,100.7,188.3,280.4,401.2,710.4,938.6,868.9,759.4,580.4,150.8,-237.,-399.2,-424.2,-416.9,-371.6,-264.2,-149.,-103.2,MI
-968.2,-906.6,-818.,-745.4,-699.8,-720.9,-766.9,-776.4,-636.5,-512.,-486.9,-387.1,-155.3,43.9,86.,256.5,499.6,517.3,412.4,362.4,311.9,260.9,296.5,332.6,S
-1388.6,-1388.8,-1389.,-1501.3,-1724.2,-1934.4,-2135.2,-2236.4,-2082.5,-1626.2,-1130.5,-787.9,-638.6,-743.2,-1116.4,-1555.1,-1828.2,-1931.2,-1909.4,-1834.2,-1694.1,-1555.2,-1503.,-1393.,-1252.2,-1274.6,-1296.6,-1265.4,-1244.7,-1224.,S
-649.4,-771.8,-1048.2,-1258.6,-1422.3,-1529.6,-1467.6,-1067.8,377.,3053.,4622.,6137.5,8317.5,8076.5,5580.1,3989.2,2365.2,-234.7,-1405.9,-1647.7,-1694.2,-1730.,-1812.1,-1858.4,H
-760.8,-697.6,-585.,-492.9,-409.4,-368.6,-265.5,-117.,172.2,1248.6,2783.9,3840.5,4532.5,4892.8,4376.7,3330.2,2619.1,2254.4,2015.5,1806.9,1580.6,1368.,1250.2,H
-237.6,-241.,10.1,480.,902.4,1346.3,1646.6,1456.1,962.,491.5,-34.1,-532.3,-888.2,-1038.,-971.8,-835.5,-565.6,-126.8,180.7,246.,MI
-1248.2,-963.1,-556.1,-626.4,-905.8,-1110.1,-1420.6,-1691.4,-1552.6,-1266.8,-1098.4,-951.4,-897.2,-938.4,-1015.2,-1098.2,-1253.5,-1355.4,H
256.8,296.9,399.3,576.3,644.4,416.7,129.9,-125.1,-520.1,-934.8,-1070.1,-1083.1,-1160.8,-1093.6,-867.2,-651.7,-415.,-265.6,MI
181.6,169.7,250.9,493.1,763.,1013.9,1272.6,1381.3,1246.2,1040.5,782.,405.4,41.5,-219.6,-455.6,-585.8,S
-657.6,-782.8,-859.3,-685.4,-328.3,529.1,2553.5,5441.,7963.9,9449.2,9550.9,7798.8,4653.7,1516.9,-831.3,-2265.,-2946.6,-3135.7,-3123.2,H
