85.,864.2,2117.2,2643.8,1973.6,1250.6,800.3,-142.6,-2196.1,-3512.6,-3268.2,-3906.6,-4732.8,-3716.9,-2704.1,-2895.,-2496.7,-2006.,-1866.2,-1627.9,-1437.,-1218.3,-799.1,-421.9,-319.3,-393.4,-455.1,-575.8,-826.8,-1657.8,-2296.8,-2296.8,S
134.4,349.7,731.2,897.4,1052.3,1211.1,1254.6,1276.9,1259.6,807.3,-235.4,-1546.,-2994.8,-3723.4,-4160.1,-4112.6,-3309.6,-2528.1,-2065.4,-1426.9,-749.6,-209.5,586.2,880.6,1039.4,1356.3,1361.4,1229.3,1250.2,1428.4,1680.8,1994.1,2136.5,2039.8,1294.,-162.6,-1395.2,-1917.,MI
-2357.,-2745.6,-3937.8,-5210.3,-5679.2,-5948.7,-6214.6,-5863.7,-4737.3,-4480.8,-4877.2,-4595.2,-4290.4,-4141.4,-4107.3,-3799.8,-3246.,-2613.,-2260.4,-1983.6,-1542.7,-1206.1,-1046.7,-1059.8,-868.2,-641.8,-496.1,-182.4,20.4,328.9,1291.1,2512.1,3964.3,4849.2,6001.9,7989.6,9381.3,9984.7,10031.4,8730.7,5729.,2688.,370.,-608.,-472.2,234.,1166.7,1759.,1989.,MI
-2909.4,-3567.4,-4523.6,-4915.6,-5189.6,-5369.8,-5933.6,-6992.4,-7947.6,-8439.5,-8471.2,-8072.6,-7155.1,-6007.2,-4877.8,-4377.4,-4136.9,-3056.4,-918.1,2431.2,4482.2,6758.5,10947.6,13632.3,14177.9,13951.6,14640.4,13194.4,10566.5,9535.7,8998.,6852.,4640.3,3301.8,965.7,-97.6,-613.6,-1354.1,-1699.8,-1783.6,-1746.2,-1579.,-835.2,477.8,1899.9,2585.6,H
-3478.8,-4376.9,-5275.,-5351.1,-4528.6,-2536.3,-1380.4,-1318.2,-2050.7,-2902.2,-2479.4,-199.5,1538.6,4367.3,7196.,7838.9,8256.3,8030.8,6763.8,6008.6,5344.9,3848.9,3528.4,2660.9,1298.4,742.7,202.5,-277.,110.1,652.,832.6,-388.7,-1635.8,-1641.4,140.,2749.7,6966.7,10361.,12841.2,14759.3,15180.3,15620.1,15076.8,15076.8,H
-1022.,-1022.,-716.9,-681.1,-1265.2,-1747.4,-1914.8,-1600.4,-417.,1246.9,2433.4,2825.,3192.9,3659.6,3587.3,3204.9,2993.6,1872.9,-262.4,-2164.5,-3723.9,-4767.5,-4607.1,-3746.2,-3090.6,-2562.9,-1990.3,-1824.7,-2076.1,-2010.3,-1855.6,-1732.6,-1447.1,-926.9,-420.5,293.,734.8,911.2,1475.8,1872.8,1712.,1463.,1283.1,785.5,45.6,-720.6,-1064.6,-1292.,-1543.5,-1173.1,-410.8,-43.,232.5,802.6,1450.8,2135.3,2466.2,3491.,4527.9,4539.8,4365.3,4191.,3465.8,2757.9,2393.9,1913.8,1815.,1511.6,1004.6,752.3,704.5,705.4,705.4,H
584.8,844.8,1305.4,1625.8,1729.3,1713.,1719.2,1680.1,1576.8,1354.1,1189.4,617.6,-813.8,-2517.4,-3828.3,-4295.2,-4189.2,-3537.4,-2365.2,-1336.,-933.2,-753.6,-454.6,-299.3,-161.6,-59.8,62.1,310.8,651.,1088.5,1312.6,1528.,1863.8,1859.8,1100.7,466.,-552.8,-2519.2,-3928.6,-4163.3,-3936.2,-3233.2,-1971.2,-1109.3,-619.1,-431.8,-431.8,S
1951.2,1951.2,2804.7,4021.3,4354.9,3546.6,2767.8,753.1,-3208.,-6802.5,-8724.2,-9415.6,-8437.1,-5963.8,-4281.6,-3679.1,-3264.,-3459.1,-4460.4,-4985.7,-5194.4,-5948.4,-6017.7,-5276.3,-5008.6,-4690.4,-4290.8,-4070.2,-3662.3,-2727.,-1595.5,-405.7,180.,808.5,2333.1,4553.6,6976.2,8074.4,8487.,8431.8,7085.,5773.3,5340.6,5182.,5550.,6280.8,6344.9,6204.8,5604.5,3546.2,761.7,-1420.1,-2275.4,-2333.3,-2391.2,MI
-468.8,-214.1,295.4,796.9,1147.7,1251.8,1259.6,1195.2,988.3,650.6,447.6,308.9,130.7,-319.5,-1618.8,-2507.4,-3376.9,-4904.1,-5557.8,-4640.7,-3949.3,-3452.9,-2339.4,-1894.3,-1844.6,-1905.6,-1936.,-1748.3,-1197.3,-803.4,-294.1,480.9,888.2,754.6,479.4,-137.5,-818.9,-860.8,-334.1,170.,888.1,1517.2,1057.6,285.9,-115.2,-203.5,229.5,1464.1,2614.,3050.6,S
3162.4,3320.8,3747.3,4015.4,4134.1,4262.3,4197.4,3505.6,2404.8,1384.7,-897.9,-4526.9,-7582.8,-9133.9,-9512.2,-8837.5,-7236.2,-5549.7,-4398.9,-4008.,-3873.9,-3657.3,-3509.7,-2973.8,-2801.7,-2873.5,-2430.4,-2152.9,-2298.8,-2207.3,-1892.6,-1955.9,-2076.3,-2169.6,-2221.8,-2051.5,-1710.,-1445.5,-1333.4,-1314.6,-1106.7,-158.2,1390.7,2955.1,3711.2,4255.8,5206.,5987.2,6723.4,7084.,7197.3,7227.5,6954.8,6712.1,6659.,6451.1,5993.2,5281.7,3615.7,2411.2,1059.1,-1655.1,-3017.2,S
-2014.4,-2014.4,-3149.1,-4985.9,-5337.4,-4127.1,-3267.4,-2688.1,-1882.9,-1658.2,-1560.8,-1462.2,-1231.5,-629.7,121.8,546.8,952.,1606.7,2009.3,2057.9,1998.,1717.2,1457.7,1265.4,1026.4,1001.,352.,-1928.,-4907.4,-7321.9,-8388.,-8550.7,-7987.3,-6434.6,-5139.8,-4671.6,-4253.7,-3577.9,-3098.6,-2552.9,-2228.6,-2014.3,-1185.2,543.7,3112.1,4566.4,5439.3,6846.4,7108.5,5905.5,4974.6,4610.1,3618.3,1913.2,-226.,-1287.4,-2204.,-3599.7,-3664.2,-2548.6,-1847.6,-1454.6,-944.5,-779.,-632.2,-533.8,-384.1,-234.4,MI
-4516.,-4516.,-3526.2,-1955.5,-1188.1,-634.9,-268.2,103.9,688.8,1214.,1585.5,1644.6,1737.9,1824.7,1675.5,1333.8,1134.8,816.1,266.,-311.7,-1043.4,-1428.8,-1800.6,-2445.1,-2615.1,-2302.2,-2092.,-1569.6,-141.7,2090.2,5223.,7029.4,8429.9,10504.5,11066.4,9984.7,9015.2,8021.8,6248.,4836.9,3512.3,2818.4,1978.3,313.5,-1120.2,-1880.2,-2031.2,H
538.6,354.6,226.,281.4,524.6,1023.9,1483.9,1566.9,1446.,1686.2,2121.5,2407.5,2327.9,2157.4,1377.2,-297.7,-1744.,-2249.8,-2204.,-1806.6,-734.4,342.8,949.1,1153.,1053.8,726.4,545.,815.,1038.2,1435.7,2000.4,2185.6,1836.2,1639.3,1541.8,1221.2,759.4,-380.8,-1282.3,-1452.8,S
-5456.8,-4870.5,-3437.6,-1142.6,1449.4,2593.,3504.3,4919.7,5071.3,4226.2,3733.6,2798.8,967.5,-724.8,-2836.6,-4152.6,-5364.8,-7550.,-8829.3,-8715.5,-8295.4,-7670.1,-6643.1,-5922.7,-5096.3,-4588.6,-3915.,-2222.2,-399.9,1141.1,1879.,2692.8,4005.6,4987.5,5655.7,5841.,5845.5,5878.9,5708.2,4860.6,4212.6,3193.,1369.1,32.,-500.8,S
-4459.2,-4459.2,-5452.1,-6603.9,-6122.,-4786.3,-4091.4,-3730.8,-3312.9,-3371.6,-3384.5,-3281.4,-2859.5,-1836.8,-589.9,521.4,986.6,1244.7,1625.9,1780.1,1737.5,1663.8,1357.4,460.5,-1157.6,-3601.9,-5018.6,-6193.6,-8226.7,-9450.2,-9740.3,-10745.2,-10617.2,-9008.9,-7922.9,-6299.8,-4282.4,-3226.2,-2008.2,447.2,2857.7,4054.8,5571.3,8297.4,10358.1,11279.1,12162.4,11483.3,8925.5,6424.,3826.3,1497.9,331.,-517.3,-1650.4,-1724.4,-1030.2,-546.8,-105.2,565.2,903.2,1161.9,1311.4,MI
6116.2,5737.,4342.2,2989.5,1910.4,317.2,-1420.1,-2577.7,-2512.1,-2251.7,-1759.7,-677.1,112.6,388.4,495.6,467.5,238.4,-45.4,-235.4,-161.3,273.1,1158.4,2325.,3633.4,4195.6,4373.5,4628.6,4626.5,4498.3,4344.8,3630.4,2036.9,179.1,-1364.,-1928.4,-1738.2,-678.8,751.8,1755.6,2198.,2472.5,2603.1,2685.9,2925.,2937.4,2970.,3025.6,2970.,2741.2,2591.,2427.5,2137.9,1872.7,1733.6,MI
356.,0.8,-1211.9,-3109.5,-4932.9,-5716.2,-5824.1,-5400.6,-4351.4,-3426.2,-3018.8,-2890.5,-2723.2,-2552.7,-2537.3,-2653.4,-2634.9,-2723.1,-2807.8,-2626.4,-2467.,-2263.7,-1937.7,-1940.3,-2060.7,-2055.8,-2387.9,-3020.3,-3682.4,-4569.9,-5095.6,-5310.4,-5757.1,-5942.6,-5512.3,-5128.4,-4494.1,-3129.4,-1512.5,131.6,889.2,1316.5,2114.1,2584.7,2740.3,2795.6,2923.4,3191.5,3555.,3585.4,3392.6,2609.5,924.5,-907.4,-1837.4,MI
6454.2,6454.2,6207.5,5689.6,5032.7,4060.8,3474.6,2944.5,1881.1,442.1,-1928.6,-3393.6,-4832.7,-7563.2,-9301.6,-9289.,-8829.4,-8007.6,-6389.1,-4983.1,-4043.6,-3713.4,-3456.8,-3135.3,-2929.3,-2707.8,-2627.4,-2374.9,-1279.4,229.6,1672.5,2449.4,3074.2,3661.6,3666.6,3352.1,2995.2,1774.7,-332.8,-2011.,-3068.,-3333.8,-2667.7,-1395.5,-383.7,313.4,604.8,740.5,1094.,1624.9,2178.6,2419.2,2656.2,2983.6,3133.,3284.3,3376.6,S
-3912.8,-3946.5,-4187.6,-4395.,-4614.1,-4885.3,-4807.6,-4504.,-4330.2,-4140.,-3757.8,-3377.2,-2982.6,-2776.6,-2585.,-2148.7,-2028.9,-2803.6,-3453.4,-4483.9,-6614.2,-8081.9,-8080.1,-7710.4,-7059.1,-5820.7,-5375.6,-6289.3,-7061.,-7717.4,-8783.8,-9102.,-7830.5,-6650.8,-3754.,2365.2,8486.9,13377.4,15368.6,15159.7,13454.2,9998.,6313.5,4588.6,3375.3,1839.1,1887.5,2594.1,2929.4,3085.8,3201.8,3161.4,MI
-1452.2,-1753.9,-2552.9,-3918.2,-5090.6,-5629.,-5888.8,-5987.5,-5921.5,-6018.9,-6549.2,-6617.6,-5873.5,-4937.1,-4131.,-3536.5,-3357.3,-3421.6,-3687.1,-4326.3,-4963.4,-5398.4,-4785.,-2269.7,1456.3,5324.9,8893.7,11199.3,11599.7,10697.2,9326.7,8010.4,6603.4,5165.,3981.9,2929.3,1790.1,1040.7,752.3,631.3,771.2,1224.4,1762.4,2087.4,2167.8,MI
83.6,154.2,304.2,620.5,1121.3,1275.5,1169.4,1598.,2672.1,3462.1,3917.9,4306.5,3938.,2137.2,-404.7,-2390.1,-3505.6,-3946.4,-3511.1,-2162.3,-842.5,-166.5,22.8,144.7,452.4,602.3,419.5,710.7,1772.5,2499.8,2951.3,3757.2,3709.,1785.3,-659.1,-2258.1,-3248.8,-3528.9,-2701.6,-1202.,-45.9,487.7,686.8,890.8,1357.7,2061.9,2445.4,S
-5168.6,-4469.8,-3090.7,-2224.9,-2339.3,-3258.3,-4498.4,-5590.5,-6497.4,-7093.9,-7353.6,-7326.,-7224.3,-7206.5,-7347.,-7885.4,-8534.2,-8909.1,-9218.7,-9328.7,-8527.8,-7283.9,-6014.6,-4273.5,-2501.3,-1446.7,-541.4,319.8,897.,2074.5,3686.8,4306.2,4354.2,4302.3,3407.9,2116.8,743.5,-161.6,207.7,1699.5,3773.5,6747.,9580.3,10684.3,10448.8,9707.1,8910.4,8017.3,7438.9,7276.7,7110.4,6925.1,6758.9,6332.3,6009.6,H
-2243.,-1780.9,-700.5,382.4,856.7,1201.6,1536.8,1543.9,1683.9,1773.8,1688.7,1646.6,1565.2,1567.2,1695.8,1609.,1477.,826.2,-248.4,-857.7,-678.,-312.8,436.,1646.4,2262.9,2343.5,2269.2,2364.7,2362.3,2577.6,3019.3,3147.8,3297.4,4703.9,6988.1,8896.2,9777.,10371.9,10134.8,8193.7,5919.3,4754.,3877.6,2627.7,2296.2,2120.3,1902.4,1563.9,627.6,-519.1,-1058.7,-1049.4,-757.,88.3,641.2,MI
712.4,9.3,-1498.4,-2990.8,-4029.6,-4380.6,-4001.7,-3120.4,-2514.7,-2628.2,-2845.,-3054.1,-3230.1,-2869.,-1945.9,-1350.8,-871.8,-71.9,464.4,774.6,869.4,964.1,1025.7,1128.5,1316.3,1368.2,1359.7,741.8,-588.,-1645.5,-1982.6,-1896.2,-1002.9,579.6,1774.9,2194.6,2128.8,1936.7,1694.9,1570.6,1561.8,1718.8,1959.1,2148.2,2299.6,2345.2,2345.2,S
920.4,1108.9,1422.2,1573.9,1628.9,1657.,1686.6,1713.6,1485.2,422.4,-414.6,-1457.6,-3745.,-5376.5,-5605.8,-5448.,-5368.6,-5519.,-5838.4,-5095.5,-4263.,-2813.8,1028.9,5389.5,12868.9,18381.2,29384.2,43341.2,45000.7,37284.2,30862.2,18421.1,1277.6,-4290.9,-6056.4,-6955.8,-8110.2,-10308.5,-11898.1,-11927.5,-11411.2,-10346.,-8527.2,-7491.4,-7115.1,-7021.,-6978.2,-6576.6,-5465.6,-4103.,-3492.6,-3492.6,H
-553.,881.9,3520.9,6271.4,8644.8,9471.8,9609.5,10279.3,10814.7,11697.7,12577.4,13470.1,15041.,16594.3,17247.6,17025.8,17332.,17020.,15645.1,12909.1,12345.4,12345.4,9950.,7737.8,7372.1,6823.2,5694.9,6538.8,7877.9,7793.7,7622.4,7930.3,6787.7,5334.2,4635.8,4561.4,4549.6,5130.2,6234.9,6821.6,6878.7,6896.8,6592.9,5876.7,5425.4,5192.1,4555.8,3401.8,2517.,2383.2,1850.6,1128.2,1265.,2184.7,2777.8,3524.7,4992.4,5713.2,H
-684.,-684.,-565.5,-467.9,-199.2,774.6,1458.8,1371.1,840.7,145.1,-445.5,-783.2,-527.,119.3,611.7,842.2,970.4,1031.,1198.6,1399.2,1295.8,1098.8,808.5,200.1,42.1,827.1,1452.,2266.8,3482.6,3824.4,3053.1,2341.,1112.5,-988.3,-2775.1,-2855.,-2020.4,-1229.4,73.7,899.4,562.4,-88.2,-16.6,850.8,2880.2,5324.3,6534.8,7495.7,8864.8,9238.9,8701.3,8197.8,7078.4,4434.2,1692.5,-258.8,-993.2,-993.2,S
906.,1964.1,3817.1,4548.7,3600.5,2715.6,1637.7,99.2,139.9,1322.7,2004.2,2041.1,1839.2,1022.9,-239.9,-925.2,-1205.8,-1499.6,-1512.,-1496.7,-1482.2,-1500.1,-1497.8,-1483.9,-1391.8,-1293.4,-1129.8,-903.7,-626.1,-418.5,-426.,-1324.7,-3239.4,-4688.4,-5153.6,-5185.8,-4235.4,-2154.6,-627.1,161.6,553.2,926.5,1552.4,2246.4,2913.3,3138.8,3133.5,3180.9,3104.9,2783.1,2590.,2447.1,2304.2,S
-5132.6,-5531.8,-5931.,-5394.9,-3680.4,-1338.5,538.6,1252.2,1595.4,1180.5,-745.7,-3304.2,-4694.6,-6338.5,-8951.3,-10629.,-10979.,-10620.2,-9400.7,-6054.2,-1880.2,1900.3,3633.8,5475.7,8109.7,9990.3,10877.3,10675.8,9056.,6110.2,3521.2,1577.,895.8,246.,-1444.8,-3491.1,-5186.3,-5876.2,-6213.6,-6698.4,-6297.8,-3918.4,-2087.,78.2,3956.,6511.,6308.6,5263.8,3882.9,1604.9,-134.6,-901.2,-825.4,-772.4,-1008.9,-1879.4,-2928.3,-3396.2,-3604.,-3553.1,-2647.4,-1471.5,-942.6,-628.8,-187.6,-47.9,-311.7,-587.8,-624.7,-661.6,H
-9702.2,-9462.3,-9112.,-9013.1,-8592.7,-8160.8,-7573.8,-6170.1,-4712.4,-3627.8,-3184.2,-2804.8,-2211.9,-1632.1,-1377.6,-1489.4,-1222.8,-946.7,-1060.7,-1103.1,-1022.,-1400.,-1630.6,-1421.2,-1179.,-998.8,-795.7,-656.9,-782.8,-985.5,-1126.6,-1043.5,-1047.7,-1018.9,-788.5,-674.2,-712.5,-829.4,-1045.2,-1365.9,-1549.4,-1659.6,-1828.7,-2051.1,-2034.9,-1855.2,-1679.3,-1314.9,-864.6,-584.8,-566.8,-696.1,-834.5,-747.1,-261.2,128.2,279.2,1630.8,4873.9,8336.6,9756.8,10676.,10641.,7572.8,3344.1,1229.4,-373.7,-2416.9,-2953.9,-2491.6,-1932.4,-1019.9,-107.4,H
7523.6,6691.7,5859.8,4700.7,2667.6,1757.3,2115.5,2510.,2692.8,2601.5,1458.4,-861.3,-2312.,-3729.1,-6405.7,-8407.5,-9365.,-9580.2,-9496.8,-8856.9,-7694.7,-6226.8,-5364.6,-4346.7,-3081.3,-2519.9,-1982.9,-1759.8,-2062.2,-2063.7,-1907.7,-1991.5,-2383.2,-2449.1,-2130.1,-2149.,-2143.4,-1734.,-1532.9,-1725.1,-1494.,-1279.,-1426.4,-1145.2,-615.8,-628.2,-698.,-835.,-1473.,-2015.5,-1871.5,-1686.,-1559.4,-1443.5,-1377.7,-979.1,-657.,-120.5,1050.6,1826.,1678.4,1390.,748.9,-538.3,-1534.4,-1834.3,-1784.2,-1793.3,-717.3,920.4,2374.,3275.,4109.9,5167.7,5772.8,6213.,6271.,6433.5,6282.5,5570.1,4134.8,3098.4,2304.2,771.1,-303.9,-619.4,-598.8,-653.1,-707.4,H
2078.8,2078.8,2017.,1602.5,323.2,-1908.9,-3214.4,-4365.,-6154.2,-6827.2,-6673.3,-6485.,-6445.7,-6673.1,-7087.3,-7057.7,-6880.6,-6372.3,-5252.3,-4057.8,-2922.2,-2369.4,-1636.9,-117.5,1270.6,2061.8,2251.8,1896.7,1335.7,999.1,1085.2,1302.,1648.1,1972.8,2110.2,2207.6,2146.2,1914.1,1429.2,530.3,-552.5,-989.2,-1110.4,-1145.4,-943.7,-729.1,-630.,S
-908.2,-1164.7,-1596.8,-1828.3,-1884.2,-1832.7,-994.6,421.7,1594.5,2137.6,2919.5,3399.5,3104.4,2745.4,2379.6,1289.6,-604.1,-1982.2,-2508.7,-2460.8,-1432.6,687.2,2402.,3315.,3604.8,3666.,3809.5,4025.4,4270.3,4381.6,S
-10895.,-12210.9,-13526.8,-14856.5,-17116.4,-18326.4,-18600.2,-18594.2,-18135.,-16946.2,-15645.2,-14269.1,-13464.4,-12833.,-11698.7,-10703.1,-9775.2,-9340.,-8808.4,-7965.2,-7270.7,-6712.4,-6537.,-6568.4,-6644.3,-6893.2,-7221.7,-7345.8,-7456.,-7933.9,-7224.,-4619.5,-3092.6,-898.6,4135.6,8759.2,12127.3,13712.,14672.2,16095.5,16540.1,15911.5,15301.4,14706.9,13067.1,10650.7,8209.6,7139.6,6273.7,5226.9,5086.8,5066.6,5005.6,5005.6,H
-5314.,-5220.8,-4897.3,-4667.,-4268.6,-3361.7,-2601.3,-2126.1,-1902.8,-1693.6,-1281.3,-941.5,-871.5,-938.2,-1075.1,-967.7,-484.2,-674.6,-1104.2,-1322.1,-2117.1,-1527.1,2846.6,6053.2,10946.8,19526.,21018.2,15348.8,11872.8,6533.1,-2969.2,-6750.,-5882.1,-5396.,-4947.1,-4044.5,-3416.5,-3102.4,-2962.6,-2683.8,-2172.5,-2330.1,-4105.4,-5490.6,-6702.6,-8521.4,-9128.2,MI
278.8,-577.9,-2718.6,-5430.9,-6270.,-7877.1,-11690.,-14317.5,-15574.7,-15821.,-15566.3,-15014.6,-14450.4,-13941.8,-13700.4,-12825.2,-10975.7,-8954.9,-6595.6,-5282.8,-4460.4,-3033.6,-2195.,-1938.1,-1915.4,-1587.9,-709.8,628.,1680.1,1945.,2402.5,3240.6,3747.,4573.7,5274.6,5076.8,4788.4,4160.1,4413.1,5203.8,5587.2,7255.3,9916.,11680.2,12068.4,12736.7,13003.5,12481.,11625.2,10890.4,10396.5,9224.2,7788.6,5634.3,4237.2,3242.,1509.8,628.6,1073.8,1663.2,1663.2,H
1623.2,1531.8,1194.2,1015.5,1083.,1376.9,1934.3,2254.,2449.,2587.8,2704.8,2919.,2839.2,2482.4,2302.6,1645.1,-344.3,-3330.1,-6606.8,-8229.6,-9370.5,-11296.7,-12749.3,-14550.4,-15684.2,-16764.4,-18486.7,-18762.1,-17337.4,-16279.4,-14735.5,-10970.6,-6652.5,-1689.5,1176.4,2540.3,5225.5,7118.2,7588.3,7487.,8458.6,9700.5,9761.4,8506.7,7461.4,6243.1,4059.5,3309.4,4503.8,5483.,6697.7,8819.9,9911.8,9813.8,9531.4,9255.5,8979.6,MI
1855.6,1518.6,-27.,-2807.7,-5582.,-6784.2,-7632.,-7994.3,-6458.2,-4642.7,-3877.8,-3712.6,-3951.,-4897.7,-6034.7,-6628.6,-6666.,-6605.5,-6255.4,-5860.7,-5718.2,-5671.4,-5422.1,-5045.4,-4299.1,-3727.,-3296.5,-1669.4,876.6,2727.4,3228.8,3011.6,1274.9,-1681.1,-3677.4,-4237.2,-3852.,-2620.4,-1215.,-407.1,-158.2,188.6,756.5,1114.1,1393.9,1537.2,1463.3,1414.5,1439.6,S
-7603.6,-7603.6,-7511.1,-6014.4,-2001.8,1962.2,3317.8,3885.7,4093.4,3417.9,3327.6,3552.6,4135.7,4924.4,5194.5,5213.6,5168.2,4834.9,4668.8,4894.8,5136.9,5320.2,5654.6,5967.4,5982.7,5639.,5258.4,5004.5,4583.6,4187.7,3804.8,3650.8,3203.1,2230.9,972.5,-434.9,-1108.4,-1856.7,-3196.4,-3931.5,-4151.2,-4227.2,-4082.1,-3792.8,-3871.8,-3923.,-3751.,-3474.8,-2917.8,-2637.,MI
-1802.8,-2810.7,-4249.5,-5184.8,-5689.2,-6023.9,-6283.1,-6284.3,-5766.6,-5172.2,-4558.5,-3680.6,-3622.5,-4027.1,-4225.6,-4121.1,-3574.,-2081.5,563.,2157.6,3873.,7301.9,9785.8,10591.4,10626.6,10069.8,8131.4,5257.7,2282.7,799.8,-116.3,-1250.7,-1226.2,-901.,-818.6,-1036.6,-1254.6,MI
1775.4,946.1,-1232.1,-3608.,-4635.,-5086.3,-5107.1,-3859.4,-2908.9,-2775.6,-3230.3,-4673.,-6701.6,-7471.5,-7200.8,-6652.5,-6824.6,-8801.8,-12606.6,-15154.6,-17493.8,-20086.6,-19407.3,-17026.7,-15579.,-14118.5,-11015.6,-8100.3,-5597.5,-4367.6,-3449.3,-2054.4,-1104.2,-212.8,205.,480.8,638.9,612.2,402.7,102.2,86.2,336.4,796.9,1537.4,2083.6,2467.,3209.9,3347.6,3187.7,3249.6,3342.5,4072.5,6051.1,8772.7,10152.8,11278.7,12841.1,13328.9,12189.3,10998.4,9151.9,6239.3,4660.6,4912.3,5676.6,7141.1,9375.3,10175.7,9910.6,9614.8,9471.4,8503.9,7679.8,H
-2107.4,-2015.9,-1861.4,-2015.8,-2233.2,-2797.,-2072.7,-341.6,1248.9,2396.4,4233.6,6358.9,7919.1,9787.3,10383.4,11122.2,12630.7,12961.8,11660.6,10798.,9504.3,6636.,4808.6,4064.4,4119.2,4421.1,4046.,3322.9,2730.6,2826.5,3605.8,4473.4,4842.2,5026.8,4935.8,3285.4,1232.5,-72.8,-884.6,-1912.1,-2904.6,-3458.8,-4093.7,-4139.4,-4129.7,-4119.4,-4118.8,H
131.4,-105.,-803.,-2466.,-5215.9,-6764.4,-8384.2,-10861.1,-11611.1,-11148.,-10792.,-10287.6,-9763.5,-9989.1,-10135.9,-10037.4,-9933.7,-9440.7,-8668.,-7857.1,-7429.6,-6909.7,-6078.4,-5365.2,-4811.3,-4659.2,-4524.,-4341.,-4248.5,-3761.3,-3318.8,-2193.6,285.4,2917.4,5322.7,6449.8,6595.6,7098.1,7792.2,8249.8,8370.,8774.9,9130.8,8666.3,7466.6,6682.4,6002.1,5082.3,4721.5,4850.3,5100.4,4910.8,3928.3,1833.4,-913.,-2357.4,-3386.3,-4845.,-4771.5,-4268.2,S
-1093.8,-481.8,628.6,1127.,1373.7,1450.7,577.5,-1336.4,-2546.8,-4063.7,-6386.6,-7231.,-6236.3,-5203.2,-3331.7,42.6,2645.2,4171.3,4597.6,4687.8,4730.5,4683.5,4779.2,4874.4,5093.4,5605.7,6104.3,6278.9,6248.2,6209.9,6011.2,5505.5,4120.3,3080.4,1657.4,-1101.,-2793.5,-2789.6,-2428.6,-669.7,2262.9,3553.5,4509.8,5349.2,4419.,2731.,1600.5,381.6,-464.6,-670.7,-742.,-473.6,-303.1,-266.2,-266.2,MI
-6792.4,-6328.6,-5255.4,-4646.,-4517.7,-4440.7,-4531.4,-4370.3,-4169.8,-3862.9,-1646.9,2565.1,6944.2,9020.4,11597.9,14914.9,15579.7,14809.5,14114.,12490.7,9315.7,6095.,3615.4,2804.8,2076.8,481.7,-962.6,-1789.1,-2038.4,-2545.8,-2715.3,-1989.1,-1775.4,-1950.,-1139.9,589.3,3494.6,7427.4,9374.,10733.2,12281.7,10703.2,6879.4,4823.4,2718.3,-465.5,-1271.2,98.5,1195.2,2359.5,3810.5,3840.8,2237.8,891.2,-185.8,-1685.6,-2108.4,MI
-2980.2,-2454.9,-1929.6,-1692.1,-1330.9,-1075.6,-667.5,-391.,-77.8,425.9,793.,876.3,783.,734.7,579.8,500.9,544.6,560.6,602.2,512.1,-580.1,-2497.7,-3454.8,-4261.2,-5334.4,-4806.2,-3160.1,-2309.,-1603.1,-469.7,167.1,1283.4,2190.4,3365.6,5433.7,7125.6,7849.7,7774.8,7774.8,S
-3843.2,-3686.6,-3416.3,-3492.6,-3682.6,-3460.9,-2884.,-1733.9,6.6,952.2,837.5,32.1,-2287.6,-6030.,-8143.4,-9187.6,-9049.8,-5718.9,-2148.7,-727.4,1341.2,3624.3,3366.4,3277.8,3661.6,3307.3,3175.5,3809.4,4423.1,4625.4,5066.2,5666.5,6058.9,6890.9,7490.,7511.4,7016.6,5817.7,4519.1,3903.2,3270.3,2857.9,3354.8,3106.2,2581.2,2812.5,2627.2,1479.,246.9,-253.6,-931.8,-2371.5,-3587.2,-4337.6,-4633.8,-5212.7,-6555.,-8594.1,-10742.3,-11614.8,MI
991.8,898.6,839.4,922.4,971.4,887.5,869.7,1235.3,2057.8,2580.8,2729.6,2076.8,181.8,-1816.8,-2722.,-3216.9,-3117.4,-1635.7,-142.2,464.,760.5,1052.6,969.9,909.,926.4,1196.4,1737.7,2568.5,3128.,S
1553.2,1553.2,1906.9,2587.3,2589.9,663.6,-938.6,-2908.6,-6544.4,-9101.5,-8933.4,-8742.5,-8243.3,-4694.2,869.6,4252.,6929.5,10743.4,11398.2,8170.,5423.4,2365.6,-3475.4,-7817.1,-10773.1,-13194.,-12968.6,-11225.5,-9969.,-7929.6,-6920.2,-7188.,-6756.6,-6506.7,-6714.8,-5450.2,-4791.8,-5349.8,-5320.1,-5110.4,-4855.6,-4984.6,-5745.4,-5641.,-4594.2,-4283.6,-3318.5,386.3,5783.,11070.7,13701.4,16071.8,19539.8,20241.7,18652.3,17458.6,15596.5,11865.9,8562.1,6625.8,6124.8,6356.4,6734.,6638.4,6396.8,H
3445.2,2551.3,386.3,-2478.1,-5315.5,-6559.6,-6913.4,-7296.8,-7202.,-7257.3,-7437.,-7617.8,-7817.7,-7549.7,-6558.6,-5854.6,-4707.1,-2127.5,789.6,3772.1,5269.6,6688.5,9290.8,11260.7,12155.7,12264.2,11427.1,8694.,4565.8,650.4,-1032.8,-1769.5,-2200.4,-852.6,986.4,1783.4,1749.7,1565.7,1187.7,937.3,914.6,1384.3,2162.1,2542.7,2381.6,2148.,1596.,469.7,-523.4,-942.2,S
3783.2,3657.,3352.,3173.2,2814.7,2152.6,1715.6,1232.9,271.4,-1191.9,-2692.4,-3570.8,-3812.5,-3213.,-1842.,-436.6,534.7,872.1,1085.5,1536.3,2009.9,2495.8,3300.3,3641.7,3677.1,3994.7,4240.5,4656.9,4909.,5075.9,5258.6,4803.2,3131.8,1931.6,640.3,-1231.7,-1578.2,-381.3,581.4,1733.8,3347.8,3712.1,3165.,2715.2,2404.9,1962.5,1853.9,1867.8,1858.2,1875.,1920.6,1949.4,S
-6399.8,-6399.8,-7066.,-7817.2,-7643.5,-6798.9,-6213.,-5720.4,-5337.2,-5815.9,-6703.3,-7221.4,-7705.4,-8270.1,-8170.1,-8054.,-8118.6,-8364.5,-8760.7,-9514.8,-10644.,-11169.4,-11371.1,-11529.2,-10765.3,-8847.,-7649.,-6258.1,-3988.7,-2355.7,-1270.6,-940.,-382.2,951.7,2431.6,4627.8,6120.2,6242.9,7341.1,8758.8,8720.3,8239.6,8329.6,6393.8,2522.7,-618.4,-1914.2,-2446.2,-2732.9,-2100.9,-1320.,-1433.7,-2328.6,-2593.1,-2188.3,-1906.,-1906.,MI
2015.,83.8,-3357.5,-4867.6,-5698.6,-6097.,-4310.5,-1964.3,-972.,-645.9,-268.7,-245.,-210.3,-148.2,31.7,160.1,-335.5,-1527.4,-2275.2,-3272.2,-5336.2,-7086.5,-7855.8,-7941.8,-7624.5,-6721.2,-5398.,-4160.9,-3661.,-3089.4,-1660.,-62.7,1689.4,2702.,3910.2,6400.5,8809.,11331.,12726.6,13676.2,14884.,14929.6,13129.6,11542.2,9793.1,6383.,3188.,712.6,-228.8,-1678.4,-4472.7,-6611.1,-7378.4,-7352.,-6312.6,-4212.6,-2468.8,-1785.6,S
-2860.6,-2595.3,-2160.5,-1701.8,-1412.6,-1193.4,-1056.4,-1394.1,-2445.9,-3242.2,-3674.5,-3736.1,-2852.3,-1317.4,-295.6,419.1,1101.6,767.1,146.2,-172.4,-203.9,166.2,1814.9,4091.6,5121.2,5783.1,6762.8,7037.4,7141.1,7288.,7039.,5544.5,2611.1,-305.2,-1533.6,-2103.6,-1323.6,2066.9,4107.4,S
2452.,2518.6,2849.4,2609.8,956.6,-192.8,-1740.6,-4468.9,-5767.6,-5473.1,-5060.4,-4152.7,-2075.2,-529.7,-438.6,-723.2,-717.8,-1264.,-1938.6,-1471.8,-882.,-1112.9,-905.3,-652.5,-1119.8,-1401.4,-1227.1,-1282.5,-842.,-174.4,-177.,547.9,609.,-787.8,-1712.4,-1904.,-2404.1,-4377.9,-5048.8,-3744.9,-3243.8,-4079.1,-2291.9,1333.5,3622.5,4908.6,7203.6,10485.9,10801.8,9342.8,8555.2,7237.,5021.,3472.4,2030.9,1240.2,1240.2,H
2706.4,2706.4,-69.1,-5323.8,-8733.9,-10643.4,-11622.,-12637.,-14550.1,-15900.4,-15918.3,-15484.,-14706.4,-12950.1,-11310.7,-10618.8,-10587.6,-10803.3,-12053.5,-14063.7,-15697.,-16354.6,-16425.,-15801.6,-14162.3,-12308.4,-11400.,-10349.,-8344.3,-6772.,-5506.3,-4859.2,-4830.5,-4753.,-3627.4,-1396.7,-242.8,1709.,6158.8,10112.,12594.7,13622.2,13811.5,13294.9,11391.7,8652.7,7111.,4998.3,2885.6,MI
3301.,3301.,3027.3,2422.8,906.3,-1312.8,-2346.2,-2695.8,-3414.,-2944.3,-1189.5,-273.,-17.9,779.,1365.1,1505.9,1602.4,1816.1,2169.6,2701.9,2766.7,2439.,3165.7,5442.5,7732.8,9407.5,10342.,10221.6,8367.3,4900.1,2158.4,1150.,705.8,638.5,1755.,2706.2,2917.8,H
-6040.8,-6473.6,-7331.1,-7755.8,-7787.1,-6930.8,-4888.2,-2293.8,-854.4,-350.8,-25.6,-118.9,47.6,129.,23.5,416.6,375.3,-732.,-1299.4,-1143.6,-1388.8,-1634.3,-1548.3,-1617.8,-1481.4,-1482.9,-1293.5,-486.6,-7.,57.9,17.5,-1336.1,-2540.6,-2496.8,-2082.9,-40.1,4344.,8466.1,9833.,11152.5,12980.,13654.8,13831.,13840.4,13656.8,13063.5,12653.8,H
-3606.8,-3606.8,-2663.6,-1238.1,-681.5,-460.,-312.8,-61.4,930.7,2562.1,4338.5,5224.2,5901.3,6842.2,6957.8,6293.8,5778.,5168.9,3959.,3244.4,2765.7,2400.8,1444.9,-433.2,-2161.2,-3084.5,-3202.,-2664.5,-1723.3,-1154.7,-1035.4,-1081.,-954.9,-533.7,41.1,550.8,780.8,S
-3422.,-3422.,-3236.7,-2856.4,-2358.1,-1711.7,-1368.6,-1045.2,-288.3,430.8,945.5,1174.6,1368.5,1243.3,622.3,-851.8,-2024.,-3376.1,-5773.8,-7725.8,-8671.6,-8711.,-8767.1,-9231.8,-10134.9,-11191.7,-11754.,-12174.9,-12722.6,-12829.8,-12538.6,-12267.,-11564.3,-9870.2,-7638.7,-4980.9,-3563.2,-2815.7,-1385.5,-403.6,-225.5,-346.6,177.,1059.1,2432.1,4804.6,6162.6,7056.2,8983.7,10120.4,9774.8,9326.4,8816.8,7943.7,7729.1,8546.9,9215.8,10326.6,12015.3,12890.6,12950.4,12712.8,11521.8,8840.6,7350.4,MI
1727.6,2079.3,2644.9,2750.6,3169.3,3822.3,3750.9,3259.1,2964.8,2381.1,1090.,-100.6,-781.7,-979.6,-803.1,-311.,228.4,441.9,431.6,-523.,-2887.9,-5785.6,-8944.8,-10616.6,-11326.1,-12228.9,-12523.,-12364.8,-12105.8,-11905.1,-10577.7,-7228.2,-2927.7,-850.,509.3,2452.3,2860.1,2439.8,2195.4,2237.2,2217.7,1081.8,-747.1,-1501.4,-2136.9,-3488.8,-3135.3,-1445.,-824.6,-831.9,2006.2,6864.4,10817.1,12757.,16683.4,20360.7,19028.1,16767.7,15590.8,12611.5,8132.3,5560.3,3957.4,3426.6,3604.1,3265.2,2521.9,1800.9,1306.8,979.6,1126.9,1979.3,2898.7,3440.2,3736.1,4032.,MI
-1013.8,-991.6,-938.9,-908.4,-707.,-342.5,-17.3,136.9,129.,101.1,-54.7,-446.2,-966.5,-1223.2,-1446.,-1696.1,-1329.2,-1108.2,-1281.4,-1811.5,-2682.7,-3565.,-3821.6,-3537.,-2926.8,-2164.8,-1884.4,-1166.2,-576.6,585.6,2973.7,5609.,7995.4,8972.4,9290.1,9955.8,10012.5,9041.2,8361.2,7593.7,5978.9,4595.9,3650.6,3241.,2410.9,656.9,-907.9,-1594.5,-1640.2,-963.7,719.,2356.8,3019.9,3051.4,S
-18051.,-17646.2,-16679.5,-12179.6,-2744.5,2752.6,8623.3,17926.7,20666.6,16841.5,13709.2,11607.3,10250.8,12251.9,14182.4,14857.2,14377.7,12032.6,8741.,6052.5,4790.,3157.9,143.,-2563.4,-4175.9,-4464.8,-4539.8,-3903.6,-3014.4,-2264.6,-1692.8,-1373.6,-584.,-34.8,-108.2,346.,1719.1,3185.2,5086.5,6288.4,5933.7,5450.5,4219.5,2791.8,2466.6,2727.7,2764.1,2542.5,1506.3,467.,-807.4,-3183.1,-4675.5,-4827.5,-4588.4,-3904.3,-2179.1,-623.4,572.9,1254.6,1584.3,1914.,H
2579.8,2598.8,2477.2,2336.6,2014.2,1228.2,-419.1,-3135.1,-4667.4,-5960.8,-8230.4,-8974.2,-7814.3,-6886.8,-6170.2,-4857.6,-4384.9,-4657.6,-4807.,-4987.3,-5207.3,-5090.9,-5070.7,-5206.6,-5510.7,-5749.3,-5066.9,-3326.5,-2203.,85.1,4318.5,6711.5,6614.4,6069.6,4278.,778.6,-1576.1,-2165.3,-2107.6,-1687.7,-1109.5,-1120.1,-1455.7,-1622.4,-1622.4,MI
335.4,558.7,1139.8,1635.3,1773.,1907.2,2132.,2311.8,2627.3,2853.6,2624.3,1411.3,-1465.,-5042.8,-6728.,-7860.,-9170.2,-8663.,-7513.3,-7049.,-6714.3,-6021.1,-5458.9,-4704.9,-4154.6,-3661.5,-2581.5,-1145.7,872.7,2042.2,3382.5,4242.5,2770.7,180.,-1419.2,-3106.8,-4266.7,-3834.5,-4729.8,-5529.6,-6854.7,-9001.1,-9368.8,-5783.1,-2651.,1345.1,8184.1,13548.6,16024.7,15979.2,15112.2,13189.,10924.9,9031.8,8346.6,7839.1,7088.,6508.2,5078.6,3985.2,2645.,60.1,-1932.1,-2381.5,-2083.4,H
561.4,-75.,-711.4,-1500.9,-2519.,-2286.8,-1552.1,-1278.2,-1746.,-3172.7,-4863.9,-5698.4,-5800.6,-5111.8,-2975.4,-790.6,1028.6,3020.7,4062.9,5156.9,7356.9,9156.2,8807.3,8801.8,9375.4,8553.5,7641.1,7995.8,7867.4,6748.1,6487.3,6276.1,6145.9,6180.8,6533.6,6573.7,5717.1,4362.1,3725.6,2746.4,1327.3,1587.1,2152.8,2018.8,1377.6,1011.4,5.5,-981.5,-862.2,-804.8,-822.7,226.5,2269.4,3187.8,4857.3,7406.1,8069.9,7172.3,6490.2,5454.6,2513.6,-933.1,-3727.9,-4981.4,-5293.5,-4612.5,-2438.4,-66.7,1124.,1793.9,2673.5,2883.2,H
-1474.4,-2331.2,-3188.,-3779.2,-4786.1,-5052.7,-4011.5,-2407.7,1134.7,5832.4,9234.1,10768.8,9871.1,4924.1,-825.5,-3351.5,-4177.2,-3046.7,719.5,3943.7,3971.5,3410.8,1918.5,-981.1,-2893.2,-4317.7,-5237.4,-5390.8,-5307.3,-5302.4,-5353.9,-5173.4,-5325.9,-5584.5,-5701.1,-5601.,-5490.4,-5030.3,-3912.8,-2401.,-803.1,-59.6,503.8,1192.2,729.7,-587.1,-1316.4,-2107.4,-2788.7,-3784.7,-4403.4,-3916.4,-3588.8,-2889.6,126.8,4971.,7170.4,9395.4,12231.2,12181.9,9417.2,7312.6,5067.3,1085.1,-2407.1,-5550.7,-6939.,-7851.5,-8907.9,-9051.8,H
2301.8,2148.5,1813.3,1248.,864.6,36.3,-1862.9,-3526.7,-3671.9,-3224.2,-2162.6,-87.7,892.5,-247.3,-1354.,-2159.8,-3043.9,-2180.8,74.5,1388.4,2812.1,5392.4,7234.,9353.9,10788.8,10573.,8831.6,5874.4,2345.3,247.8,-741.9,-1476.5,-1131.4,-1310.2,-1579.,-1862.8,-2412.1,-2711.,-2466.7,-2189.,-1851.8,-1158.9,-689.4,-585.2,-594.8,-671.9,-937.3,-1895.6,-3765.5,-4865.4,-5660.6,-6455.8,S
4763.4,4751.1,4738.8,4639.6,4296.4,2991.2,148.3,-1633.4,-3745.8,-7557.5,-9748.9,-9720.8,-9200.6,-8575.6,-7480.6,-6856.8,-6613.4,-6523.8,-6303.3,-5817.9,-5214.1,-4355.1,-3835.,-2899.1,124.7,4391.2,8432.6,10295.4,11399.6,12214.1,11123.2,8756.8,7191.6,5443.8,2114.1,-872.9,-1907.,-1536.,79.5,3286.8,6302.4,7226.7,6909.9,7092.6,S
2331.4,3114.3,4497.8,5098.4,5012.9,4449.6,3299.1,1932.6,1238.8,750.3,-173.6,-1408.2,-2946.5,-3685.6,-4087.,-4650.6,-4271.3,-2981.4,-2233.,-1399.1,312.7,2167.5,3888.3,4632.2,4925.9,5386.,5364.7,5029.7,4882.4,4741.3,4428.7,4074.8,3720.,3547.6,3354.5,3099.5,3055.2,3157.9,3243.,3134.6,2078.7,6.4,-2044.6,-2970.8,-2970.8,S
-6244.2,-6304.4,-6077.,-5091.6,-4393.8,-3483.8,-1511.4,88.1,437.8,250.4,-467.8,-2093.,-3639.8,-4706.1,-5132.6,-5158.3,-5289.,-5634.,-6206.9,-6539.8,-6951.,-7299.7,-6846.5,-5697.1,-4938.4,-4136.8,-2703.7,-1420.5,-299.4,170.,1061.3,3240.5,6246.5,9279.7,10594.8,10976.1,11034.1,9139.8,6136.4,4704.,3406.8,562.5,-2089.6,-3764.4,-4334.2,-4285.7,-4237.2,S
1634.2,35.1,-3000.5,-5549.2,-6661.4,-8084.2,-10373.6,-12266.9,-12153.1,-12978.6,-15041.1,-15505.7,-15813.,-15752.2,-15373.8,-14376.7,-12598.5,-9839.,-8239.,-6854.3,-4175.4,-2188.6,-1626.7,-1757.4,-1875.1,-1279.1,266.,1975.4,2853.4,3395.6,3365.7,2034.,1459.2,1644.,1740.2,2742.4,5110.4,7680.3,8788.2,9670.6,11086.2,11120.9,10124.7,9627.,8568.8,5363.2,1798.1,-1001.9,-2384.2,-2698.4,-2520.7,-1376.2,-92.,539.6,1011.9,2035.6,2587.,H
-1700.2,-471.8,756.6,410.9,-2267.7,-8276.8,-11337.9,-10722.8,-8278.,3740.3,29821.2,55598.7,64868.8,64590.6,56313.2,34880.1,11542.1,1638.,29.7,-1950.4,-2442.8,-2478.3,-2393.2,-2278.9,-1976.3,-1702.7,-1617.4,H
-3226.,-1946.6,914.1,3531.3,4887.1,5207.,4581.6,2452.3,-351.7,-2759.2,-3866.6,-4594.7,-5841.9,-7655.5,-10341.8,-11733.6,-13142.7,-15248.,-15038.,-12095.1,-10058.4,-8154.4,-4721.6,-2334.9,-1204.2,-931.4,-393.3,506.,1467.9,2589.3,3110.,3957.4,6139.3,9348.1,11627.3,12032.2,11611.3,10630.5,8119.7,4574.8,2980.8,1075.3,-2479.4,-5245.2,-5835.2,-5308.6,-4166.5,-2692.7,-1382.8,-84.1,236.4,1042.8,3083.1,5075.5,6555.,7276.,7171.7,6925.4,5871.1,4246.5,3534.2,3036.9,2160.6,2012.6,2320.5,2397.4,2205.6,2013.8,MI
-1148.4,-669.3,164.9,718.7,1106.4,1295.4,1229.4,1012.,899.3,997.,1056.,946.6,316.8,-776.7,-1628.3,-1906.8,-1865.4,-1139.8,158.4,942.4,1112.4,1111.6,1142.3,1267.5,1340.3,1319.4,1936.5,3288.5,4618.3,6032.4,6851.6,7151.2,7276.6,6805.8,6312.9,6116.6,5268.1,2557.3,-731.8,-3654.,-5149.4,-5539.7,-5019.9,-3354.4,-1804.1,-1009.2,-994.5,-925.3,-1051.8,-708.7,-184.6,872.,1928.6,MI
2420.,2219.4,1604.4,-43.7,-2429.1,-3580.8,-4292.6,-5530.4,-5194.,-3641.6,-2951.6,-2820.5,-2895.3,-3727.,-4986.7,-5620.6,-5087.5,-1793.,4996.1,15320.5,21617.2,28001.5,34837.6,31109.4,20629.,14328.6,7000.4,-3317.8,-6083.,-6468.7,-7079.2,-8242.7,-10148.7,-11202.6,-10561.5,-9609.,-8081.7,-5562.9,-4149.1,-3611.4,-3496.,-3496.,MI
745.,745.,568.5,141.6,-1293.5,-4607.1,-6736.,-8653.6,-12007.6,-13747.6,-12659.6,-11268.,-9896.5,-7618.7,-6076.5,-5251.2,-5061.8,-4651.6,-3424.,-1675.5,-11.4,721.6,1101.,1602.6,1711.9,1702.6,1706.2,1953.7,2367.7,3155.8,4395.,5012.6,5880.2,7633.2,8978.,8964.,8490.6,7057.3,3337.3,-1364.4,-5102.4,-6425.4,-6691.1,-5991.,-3567.1,-723.4,662.2,1313.,2154.6,2237.9,1414.1,697.8,697.8,MI
823.4,974.1,1124.8,1172.2,1221.6,828.,-658.9,-1750.2,-2934.2,-4314.7,-3731.3,-1717.2,-483.,710.2,2015.7,1723.,1132.5,947.,863.8,575.,-217.5,-1352.3,-1900.2,-2093.8,-2490.3,-2873.,-3512.5,-3972.2,-4272.5,-4656.3,-4872.,-4305.7,-3607.2,-3193.4,-1263.7,2964.8,8834.3,11991.2,15151.1,20791.3,22334.9,19588.7,17779.2,15159.4,8686.9,3025.5,-247.8,-1712.4,-1722.3,-785.6,1331.5,2738.9,2975.8,1844.4,-566.4,-2762.5,-3978.7,-4278.2,H
-15.4,221.,619.4,903.8,902.8,1009.,1320.4,1461.9,1515.,1508.4,1593.5,1834.9,1774.2,939.9,322.6,-267.8,-802.,-71.3,1980.5,3357.8,4439.8,5805.3,5885.,4940.3,4199.4,3401.,1920.8,746.3,53.1,-147.4,-245.1,-418.7,-555.9,-694.2,-829.1,-797.2,-659.9,-573.5,-873.1,-2257.3,-3303.,-3303.,S
-4888.8,-4681.2,-3602.5,-1934.,-730.2,-323.8,-400.,-371.4,170.6,2259.3,3910.8,4668.9,5800.1,6117.5,3959.8,1857.8,627.2,-2356.6,-6151.5,-9081.2,-9969.2,-11047.2,-12592.2,-13134.6,-13409.5,-13609.,-13116.2,-12194.6,-11251.3,-10453.6,-10170.4,-9747.7,-8911.3,-7718.1,-5560.9,-4183.2,-3582.6,-1751.6,508.,2463.2,3389.2,5930.7,10030.7,13210.,15641.7,16452.6,14853.1,11661.,8001.4,4241.5,2548.6,1600.7,163.1,-536.6,-859.5,-817.,-171.3,1071.6,2352.1,2880.,3078.9,3292.4,3151.7,2541.,2085.6,MI
-2383.,-4193.3,-8305.7,-10607.8,-12107.1,-14180.3,-14597.2,-14089.3,-13738.4,-13550.7,-13518.7,-13733.4,-13593.,-13393.6,-12298.6,-10779.9,-9131.7,-6628.9,-5350.6,-4924.5,-2719.1,-463.6,263.,513.4,1254.2,1958.2,2643.8,3814.5,4262.8,4547.5,5535.6,7553.5,9493.7,10119.4,10423.2,10728.,9996.4,10653.7,12043.6,13262.2,15248.6,15719.6,13257.2,11091.6,8977.1,5192.6,2781.6,1992.6,1944.6,1972.3,1420.6,-147.7,-1136.6,H
2854.4,3256.6,3525.9,2882.,1547.4,-108.8,-1547.5,-2475.3,-3467.9,-4672.4,-5433.1,-5733.4,-5774.8,-4852.6,-2641.7,-482.7,951.3,2423.8,3812.8,4621.5,5314.8,5934.3,5793.,5128.1,4359.6,3768.2,3588.5,3646.8,3012.9,1822.3,857.8,434.8,810.7,1989.4,3574.,4639.2,4783.9,3987.5,3256.7,3037.5,2990.6,MI
2539.4,2159.4,1753.9,1923.7,2505.5,3207.4,3843.,4381.4,4821.4,4931.9,4557.8,3922.6,2421.3,-765.9,-4481.9,-7398.9,-9731.4,-11279.4,-11405.2,-10873.9,-10772.2,-10851.,-10790.7,-10699.8,-10283.1,-9330.3,-8144.5,-6978.7,-5853.9,-5090.1,-5187.4,-5354.,-4853.1,-4111.6,-3804.9,-3851.4,-4003.7,-4352.,-5132.1,-6194.5,-6299.9,-3272.9,2199.6,7917.5,13151.8,17508.2,18763.2,16454.2,13151.7,10194.7,6988.,2860.5,-846.3,-3428.1,-4816.4,-4921.1,-4012.2,-2748.7,-1660.4,-1223.2,H
1136.6,702.1,14.5,-211.5,56.2,573.6,1467.3,3242.2,5450.4,7188.1,8757.4,10469.3,10675.1,8467.1,5163.1,1912.1,-1162.2,-3846.6,-5587.,-6322.7,-6541.4,-6369.2,-5181.3,-3000.5,-413.5,2633.,5188.7,6552.6,7496.2,8096.1,7692.1,7107.1,6738.7,6025.6,5246.,4345.,3419.3,2603.4,1857.5,1230.7,862.,722.2,704.6,H
-5288.8,-5191.9,-4355.3,-2378.5,-322.3,618.1,505.3,-35.9,-683.3,-843.9,-336.9,473.2,1586.6,3157.8,4403.9,5027.7,5772.4,6392.9,6255.1,5932.,7028.2,8997.4,11121.8,13614.9,15751.2,15895.4,14343.4,11617.2,8193.,5584.2,3887.4,2871.8,2832.2,3682.4,5457.5,8178.4,10481.6,11782.7,11285.5,7962.3,3337.2,-590.5,-3550.,-5033.2,-5076.3,-4723.8,-4532.3,-4440.,-4151.9,-3472.9,-3023.6,MI
-1552.6,-1329.6,-887.9,-669.2,-675.4,-1566.3,-3720.2,-6042.9,-7096.4,-7607.4,-7607.5,-6322.5,-5096.5,-4644.6,-4538.5,-4363.,-4075.2,-3719.7,-3582.6,-3463.5,-3387.8,-3626.5,-3959.6,-4097.4,-4180.4,-4212.,-4097.5,-4008.3,-3982.2,-4046.3,-4207.6,-4243.2,-3978.8,-3776.,-2779.7,-56.1,3330.8,6430.6,7870.8,8291.3,8602.,8147.3,7315.5,6828.6,6625.4,5986.7,5300.4,5113.9,5178.2,5337.8,5840.,6507.5,6518.,6203.6,6203.6,MI
-5069.8,-4679.8,-4460.8,-4874.3,-5460.2,-5803.6,-6058.6,-6627.,-7668.4,-9248.6,-10100.8,-10758.5,-11381.7,-11063.7,-10020.8,-9261.4,-8901.4,-8657.2,-8614.,-8457.1,-8459.2,-8229.9,-7750.8,-7070.6,-5756.8,-5591.2,-5845.,-4563.4,-3203.2,-2660.6,-2082.6,-965.5,-550.1,-473.7,-273.6,614.2,2175.8,4176.3,6574.5,7646.,8167.7,8848.,8770.9,8134.6,7734.,7182.9,6231.8,5310.1,4030.1,3271.8,2417.5,1041.7,315.8,193.9,276.4,438.7,748.5,896.,H
-5559.8,-4970.8,-4025.5,-3209.8,-2146.7,-1543.,-930.,78.3,536.6,257.8,-84.,-1083.1,-2166.8,-1930.3,-1106.4,-603.6,423.4,1828.9,2175.1,2169.8,2196.8,2039.6,1741.7,1631.,1692.4,1723.8,1907.4,2377.6,2707.6,2949.5,3148.,3246.1,3321.8,3611.4,4064.9,4206.4,4440.4,4728.6,4698.5,4471.8,4329.4,4409.6,4403.,4500.6,4599.,4513.,4453.9,4820.6,5418.7,6163.8,6736.6,7335.4,7750.8,7172.5,6204.9,5632.2,4755.6,3416.4,2506.2,1564.5,1070.4,797.1,406.1,384.7,555.1,629.2,555.9,482.6,S
-9181.4,-8216.,-7250.6,-6667.,-5852.3,-5484.3,-5204.1,-5060.8,-4601.6,-3514.6,-2150.,-780.6,-148.,658.,2690.5,5070.3,7709.5,9195.4,10035.1,10579.3,9646.2,8028.5,7048.4,6286.6,5179.2,4726.9,4629.9,4639.6,4701.4,4878.3,4961.8,5063.8,5197.4,5524.2,5583.8,4985.6,4363.4,4072.2,4049.8,4519.9,5487.2,6171.2,6380.4,6044.2,5382.8,4434.1,1968.7,126.8,-1765.5,-5202.4,-7549.6,-7774.,-7195.8,-6677.4,-6335.9,-6665.8,-6842.,-6865.2,-6442.9,-5179.9,-3702.6,-2660.6,-2255.2,-2200.,-1947.8,-1549.5,-1202.3,-1056.4,MI
-2632.8,-2084.5,-1175.2,-814.2,-870.6,-961.4,-1043.6,-1419.3,-1747.2,-2979.9,-5513.5,-7837.9,-9274.5,-9687.6,-8967.8,-7732.5,-6862.7,-6875.1,-7241.8,-7976.2,-9022.7,-9699.2,-9584.8,-9106.,-8374.3,-6612.2,-4078.8,-913.7,748.4,3088.9,6798.8,9083.9,10128.2,10256.8,9387.,8136.2,7413.5,6737.9,6404.,6254.6,5828.1,4432.8,1969.6,624.6,-586.9,-2836.1,-3765.1,-2813.,-1969.6,-937.1,875.,2135.5,2878.4,3140.4,2766.,2226.4,1846.9,1555.1,1477.6,MI
-2629.4,-1701.3,-160.4,677.3,902.2,1001.8,1043.,1011.3,1098.8,1159.6,966.6,-17.6,-2264.5,-5246.6,-6773.,-7766.3,-8715.4,-8068.9,-6093.5,-5079.1,-4653.4,-3307.6,-2275.8,-1805.4,-1754.4,-1703.3,-1804.7,-1787.3,-1668.4,-1412.,-897.7,-602.6,-941.7,-2373.9,-3378.5,-4304.4,-5944.8,-6754.5,-5786.4,-4671.8,-3780.4,-2538.3,-1523.5,-1177.7,-1496.,-1752.1,-1586.3,-1216.8,-636.1,-3.,735.8,2077.5,3214.,3374.1,3620.7,4570.7,4937.6,5086.6,5198.6,5246.7,5375.2,5273.2,3846.2,2601.6,2601.6,MI
-944.6,-944.6,-820.5,-790.1,-1088.3,-1380.6,-1468.4,-1487.4,-1510.6,-1607.8,-1819.5,-1938.2,-1987.5,-2094.5,-2088.8,-1878.5,-1731.6,-1628.1,-1542.5,-2414.4,-4448.1,-5627.8,-6545.5,-7803.4,-7532.7,-5982.6,-5043.4,-4300.6,-3285.,-2966.9,-2738.1,-2554.6,-2452.4,-2148.6,-1517.1,-907.7,-728.2,-387.4,528.5,1603.8,2900.8,3697.6,4039.1,4594.4,4831.3,3884.3,2914.2,1972.9,83.4,-1309.6,-1253.3,-752.2,74.2,1446.9,2250.5,2553.5,2599.2,2599.2,S
-85.4,-85.4,-1147.1,-3063.2,-4303.7,-4736.7,-4783.6,-5038.6,-5423.3,-5845.7,-6080.1,-6021.8,-5840.5,-5433.4,-5053.6,-4852.2,-4804.8,-4803.8,-5118.9,-5752.4,-6517.,-6964.2,-7310.9,-7481.6,-6498.5,-3474.7,-1258.,1096.,5226.,7479.2,7023.,6089.6,4542.9,1394.8,-990.1,-2021.1,-2268.6,-1797.3,-495.5,1214.1,2646.1,3199.,3769.6,4641.1,4942.,S
-96.4,-190.3,-487.1,-690.,-698.9,-1524.1,-3635.9,-5999.1,-7066.8,-7667.4,-7438.4,-5004.3,-1572.,255.8,1501.,3417.5,4395.7,4013.9,3762.,4124.2,3958.2,3824.7,3782.6,3755.2,3892.6,4309.2,4822.9,5084.8,6069.,8456.3,11404.8,14054.5,15158.8,14967.5,13544.8,10570.5,7562.4,6297.2,5743.4,4945.6,4668.6,4075.5,3515.4,3170.3,2256.2,976.7,-287.1,-840.4,-1606.1,-2981.2,-3781.2,-3753.8,-3535.8,-3704.9,-4130.1,-4774.1,-5363.2,-5564.4,-5252.1,-4282.7,-3077.2,-2145.7,-1762.6,-1666.6,-1439.3,-907.7,-47.2,413.,786.4,1139.6,930.1,508.2,321.5,217.1,269.,471.2,S
-3376.2,-2686.1,-845.9,1528.8,3006.3,3259.2,3804.4,4928.,5928.2,6180.6,6011.2,4552.3,1441.8,-1981.8,-4788.2,-5822.6,-6627.2,-7889.5,-8638.2,-9399.1,-9869.,-9730.4,-9427.4,-9159.2,-8806.6,-8557.8,-8087.4,-7327.8,-6433.3,-4872.3,-3916.6,-2762.4,-288.,2153.7,4006.9,4738.6,5579.1,7078.9,8259.1,9297.6,9815.2,9743.2,9674.,9789.6,9873.3,9844.2,9967.9,9792.4,9090.8,8137.1,7585.8,7009.7,6023.8,5130.1,4466.7,4287.2,3877.2,2756.5,1293.1,-96.1,-732.6,-941.7,-754.2,123.1,777.8,951.8,813.4,428.7,32.9,463.3,1043.2,1757.2,3315.,4833.2,5507.6,MI
3381.6,2171.7,-236.8,-1909.9,-2384.4,-2167.5,-908.2,1121.1,2138.8,2169.6,2107.2,1814.2,1317.3,704.6,358.2,54.5,-571.5,-1017.5,-779.8,-418.4,-37.2,604.4,836.6,836.1,863.8,912.4,1331.7,2003.,2245.2,2186.8,2211.8,2035.1,1763.4,1832.3,1971.2,2191.1,2664.6,3160.1,3453.1,3504.2,3486.7,3276.3,2777.1,2434.1,2397.4,2109.3,1732.4,2132.1,3353.1,4085.6,4756.2,6121.6,6436.1,4977.6,3899.4,2711.4,30.2,-2508.2,-4220.9,-4888.4,-4637.9,-3788.7,-2571.8,-1211.1,-468.6,-187.4,93.8,H
-677.,-1549.1,-2872.4,-3323.6,-3094.8,-1980.1,-270.3,842.3,1131.,1247.5,1338.3,1359.9,1512.,1616.8,1732.1,1949.2,2061.4,2091.8,2111.8,2084.3,1971.3,1876.7,1350.5,833.4,-199.8,-2085.5,-3492.8,-3617.1,-3186.6,-2264.4,-409.7,891.1,1172.5,1085.6,1065.3,1121.2,1487.8,2115.2,2452.2,2711.4,3068.8,3167.,S
179.4,-440.4,-1878.2,-2696.2,-3118.3,-4138.8,-4927.1,-4936.8,-4756.6,-5027.7,-6159.3,-8513.8,-11159.1,-12310.4,-13180.3,-14281.4,-13413.1,-10623.2,-8932.8,-7250.9,-4263.6,-2329.,-1633.2,-1566.6,-1794.4,-2315.6,-2850.2,-2818.7,-2981.7,-3566.6,-3540.4,-3065.6,-2766.2,-2603.1,-2096.5,-1541.2,-1219.6,-1109.8,-701.6,-173.7,251.9,1160.7,1763.6,1890.7,2180.8,2066.5,1103.4,417.6,-161.6,-880.8,-517.,1171.8,2356.8,3601.5,5353.,5859.9,5336.9,4813.8,4438.,4412.3,5223.2,5595.2,5506.4,4970.4,3449.,2026.8,1594.,1598.,1876.3,2153.1,2151.6,H
-1916.4,-3102.3,-6547.5,-11144.9,-14692.4,-15901.8,-16261.7,-15787.9,-14029.4,-12488.2,-11871.8,-11779.9,-11476.6,-11013.,-10644.9,-10529.,-10344.2,-10692.1,-11843.7,-12779.4,-13096.2,-12802.5,-11188.6,-7977.2,-4273.1,-2460.2,-752.,2373.1,4842.,5666.,6288.6,7335.8,7133.1,6075.4,5417.,5031.9,4541.3,4852.,5872.7,6477.2,7084.7,7966.3,8210.2,7867.1,7554.2,7116.7,6084.6,4336.1,3182.2,MI
-5422.6,-4690.4,-3518.6,-2998.8,-2918.6,-2941.1,-2796.2,-2481.8,-2267.6,-2200.4,-3114.9,-4755.6,-6219.3,-6767.6,-6578.4,-5170.,-2413.2,-390.8,1061.4,1839.6,6066.2,12347.,14291.7,12961.2,11740.2,6692.3,-1496.2,-4954.7,-5153.7,-5034.8,-4793.9,-4100.4,-3117.8,-2231.9,-1876.,-1674.2,-1369.8,-1187.2,-979.,-850.8,S
3976.6,4095.4,3831.,2615.4,1783.,190.1,-2980.7,-5571.3,-6965.9,-7347.8,-6400.2,-4316.6,-1861.5,392.8,1328.,2184.3,3847.,5173.6,6581.1,7468.4,7533.3,7544.8,7137.,6243.4,5704.2,5557.8,5191.3,4651.5,3641.7,2951.6,1495.4,-1572.4,-4359.2,-6155.3,-6776.2,-6353.1,-5316.,-4316.9,-3933.8,-3935.8,-4376.5,-4817.2,S
859.6,948.3,1037.,1053.,1125.7,1212.7,1269.7,1296.4,1073.5,180.9,-1317.2,-3517.9,-4890.2,-5860.9,-6737.4,-5742.8,-2945.5,-1048.6,817.1,4059.5,5914.2,6156.3,5920.4,5044.4,3449.7,2266.9,1673.2,1543.6,1966.5,2679.1,3305.9,3891.6,4140.2,4074.7,2843.,138.9,-2530.4,-3661.8,-4193.7,-4011.1,-2352.4,-1041.2,-674.2,-694.4,-714.6,S
-674.6,-674.6,-783.,-851.4,-1018.1,-2405.9,-3587.,-5419.1,-8743.1,-11076.7,-11478.7,-11039.,-9958.6,-8303.8,-7821.7,-8347.2,-8780.4,-9421.5,-10510.4,-11043.5,-10782.2,-10435.6,-9592.9,-7560.1,-3768.,1843.1,4852.2,7394.3,11191.2,12233.6,10267.2,8513.2,6727.4,3918.2,2291.5,1434.1,1781.2,2817.1,4015.7,5700.2,6620.8,7564.1,9396.4,10610.6,10603.2,10270.6,10052.,9652.9,9542.8,9786.,9958.8,9660.1,9206.9,8942.3,8630.8,8429.4,8137.8,6831.9,4027.1,334.5,-1567.6,-2813.5,-4463.3,-4432.,-3996.8,S
-456.8,1001.1,4394.8,6330.6,8214.,11249.8,12238.7,10681.4,9287.6,7181.8,1678.8,-5109.9,-11711.4,-14921.4,-17917.1,-22296.7,-24556.7,-25800.9,-26169.,-25549.5,-24110.5,-21333.9,-16731.,-14085.2,-11835.4,-6917.,-2155.9,1347.2,2757.8,4172.4,6224.8,6985.8,7196.3,7283.6,6740.7,6059.7,5586.4,4505.7,3760.2,3585.8,3277.4,3209.4,3417.6,3559.8,3652.5,3673.,3877.9,4098.9,4042.8,3996.2,4049.9,3934.9,4298.4,4877.2,5481.8,6272.9,5748.8,3253.4,1468.6,-643.8,-4679.6,-7176.1,-7541.,-7332.8,-6963.3,-6351.6,-5954.6,-5799.8,H
2.4,-190.6,-1037.,-1760.5,-1830.6,-2459.4,-3501.8,-3834.5,-3676.,-3598.4,-3400.1,-2978.1,-2694.5,-2573.2,-2511.8,-2177.7,-1513.6,-735.2,-38.,210.8,315.7,493.1,799.8,1134.8,1235.6,1319.7,1694.2,2058.7,2364.2,2595.6,2509.2,2435.2,2276.8,1894.4,1682.8,1472.9,1495.,2070.2,3130.7,3848.,4861.,6457.7,7420.9,7853.6,7906.8,7391.4,5370.1,2457.2,-346.9,-1744.,-2790.5,-3912.4,-3868.8,-3650.2,-3550.6,-3273.6,-2817.,-2672.4,-3088.6,-3469.8,H
-3981.,-4179.6,-4076.8,-3775.4,-3456.6,-2840.4,-2569.7,-2945.2,-3294.,-3982.5,-5958.5,-9173.4,-12631.4,-14162.,-14786.5,-15439.4,-14850.3,-13687.3,-13141.8,-12702.7,-11592.1,-9568.,-6442.3,-4669.2,-3337.4,-456.2,2056.9,3397.8,3775.,4284.4,4610.1,4341.1,4458.9,4662.,4654.9,5011.1,5568.5,5755.9,5749.2,6051.4,6271.2,6453.,6479.4,6241.6,5457.3,4145.2,2885.2,1850.,1547.,1356.6,973.,696.,554.3,496.4,784.6,981.5,-32.8,-2151.3,-3346.8,-4253.2,-5407.7,-4962.9,-3329.4,-2388.8,-1775.5,-745.,-22.9,715.8,1149.6,1782.1,3263.1,4812.1,5700.9,5889.2,5889.2,MI
-1094.6,-1048.4,-797.1,-417.2,-242.4,-847.4,-2325.5,-4140.2,-5669.1,-6256.4,-6073.4,-5401.9,-4609.4,-4357.7,-4410.,-4626.6,-4741.3,-4472.,-3789.9,-3275.2,-2652.7,-1629.9,-826.5,-107.7,208.,529.7,1187.1,1825.2,2380.8,2634.,2937.9,3499.,4388.,5882.4,6745.,7186.3,7961.7,8144.,7480.7,6969.2,6723.8,6080.9,4776.,2557.9,1247.2,-85.4,-2319.7,-3456.7,-3175.4,-2864.5,-2779.6,-2302.2,-1864.2,-1613.,-1576.3,-1838.,-2136.4,MI
-2393.8,-2075.2,-1175.,-88.2,417.,597.7,1103.7,1492.3,1494.,1432.4,1523.6,1314.1,821.3,299.7,-29.8,-1081.3,-3130.,-4836.5,-5612.6,-5679.4,-4841.8,-3074.4,-1576.8,-760.7,-512.4,-242.6,580.1,1689.7,2743.3,3240.2,3730.3,4440.2,4969.7,5488.2,5697.,5553.1,5026.8,3984.6,2646.8,1968.8,1548.5,277.2,-1639.9,-3460.,-4214.,-4487.2,-4121.,-2435.1,-740.5,-92.4,-3.,2.8,-70.6,-27.1,249.1,891.4,1290.8,S
-7919.2,-8510.6,-9102.,-9884.,-11464.9,-13210.3,-14708.1,-15259.4,-15238.4,-14603.3,-13346.3,-11900.,-11096.6,-10522.4,-9932.2,-9777.2,-9543.6,-9449.,-9097.6,-8263.7,-6984.3,-5138.8,-4090.2,-3268.4,-1423.9,10.4,382.2,342.4,324.2,166.,677.7,2128.3,2927.2,3032.3,2987.3,2429.7,1714.8,1407.4,2454.5,4621.9,6508.,8009.6,8745.4,8735.8,8833.,9046.,9178.6,9205.,9283.5,9509.9,9851.4,8909.2,9052.5,10268.3,10296.2,10517.4,10647.4,10898.7,11344.1,11538.2,H
-3857.4,-3857.4,-4167.2,-5650.2,-8897.,-12957.9,-14945.2,-15883.6,-15458.5,-10975.8,-4500.6,-1144.6,1222.5,4236.5,4583.4,3810.8,3338.2,3066.7,2496.7,2050.6,2005.7,2108.4,2380.1,2992.7,3524.4,3702.2,3689.2,3658.9,3814.1,4924.5,7003.4,8157.4,9066.,11059.3,12228.3,12290.6,12268.6,12099.7,11809.2,11439.1,10213.6,9236.6,7569.2,3778.3,151.9,-2207.1,-3063.2,-3110.3,-2641.6,-1672.8,-654.3,-88.8,623.5,1775.8,2398.9,2530.7,2479.4,2218.5,1671.8,1171.3,911.1,865.6,1044.2,1433.3,1643.8,H
-7307.4,-7504.9,-7633.6,-7564.8,-7502.5,-7905.1,-8633.3,-8822.9,-8749.2,-8158.,-6177.5,-3779.9,-2160.7,-1549.8,-1146.7,-742.1,-346.2,399.2,750.2,566.,117.1,-672.6,-1693.,-2188.4,-2219.1,-2285.8,-2131.3,-2253.6,-2566.4,-3074.7,-3558.6,-3010.8,-1006.8,473.8,2432.4,5657.9,6944.5,6414.5,5864.8,4752.,2858.7,1686.5,1055.9,817.,1000.7,1316.7,1115.4,90.5,-600.8,-1343.7,-2345.3,-2042.6,-618.9,243.4,243.4,MI
-532.2,-532.2,-231.1,89.4,18.9,6.8,84.6,584.9,1591.8,2590.4,2975.4,2868.4,2423.7,1610.8,1055.1,1272.3,1677.,2100.2,2657.5,2130.3,604.6,-259.8,11.2,2944.,5650.6,5814.,5932.6,4899.8,452.9,-3177.6,-3289.7,-3185.4,-2786.2,-1924.3,-1034.4,-709.5,-811.8,-1133.7,-1721.8,-2010.,-1916.3,-1800.6,-1799.,-2915.,-4032.6,MI
-10007.,-8295.2,-6583.4,-5508.3,-4048.1,-3903.7,-4055.5,-3966.6,-2966.3,-626.,2000.2,1899.2,512.,-811.2,-3214.3,-6071.2,-6787.9,-5727.6,-4495.3,-3271.7,-1730.,-91.8,-4.,-559.9,-890.9,941.4,6834.7,11120.6,18659.8,37541.8,55329.1,59535.8,57298.,50822.7,32887.4,11664.9,-840.7,-3583.8,-5297.,-7860.,-9663.,-12117.8,-13619.4,-15033.9,-17110.1,-16771.3,-14155.5,-12540.2,-11265.7,-9249.6,-8100.2,-7287.6,-6882.8,-6273.9,-4884.,-3472.9,-2245.,-1803.,-1678.4,-1287.9,-1056.3,-934.8,-1090.8,-2605.1,-5808.3,-9060.1,-10467.,-11206.8,-11101.5,-8718.5,-6236.1,-5291.6,-4857.6,-4380.9,-4338.2,H
-576.6,-562.3,-575.6,-520.6,-221.7,-5.4,264.2,697.2,825.6,741.7,692.8,521.4,-138.9,-1145.9,-2403.8,-3143.6,-3894.6,-5232.,-6610.9,-8323.4,-9243.4,-10151.8,-11852.9,-13117.9,-13850.9,-14111.6,-14199.9,-14379.7,-14381.6,-14000.8,-13709.6,-13103.1,-11583.5,-9657.7,-7521.1,-6397.2,-5429.7,-3707.1,-2280.6,-1121.7,-634.2,-459.4,339.8,1592.6,3062.4,3903.8,4444.9,4160.3,2499.5,1081.6,498.8,555.2,1459.1,3097.7,4099.2,4309.6,4351.6,4642.,5075.9,5578.8,5896.2,6158.2,6426.2,6449.5,6466.8,S
-1643.,-3036.1,-6055.9,-8663.8,-9645.,-9764.8,-10457.3,-10765.9,-9876.,-9250.2,-9204.3,-8549.6,-8335.2,-9757.8,-10786.,-11716.6,-12936.8,-11828.6,-7252.4,-4074.,-136.8,6915.1,11485.6,11253.9,9566.4,6532.6,510.6,-4890.4,-7988.7,-8674.2,-8847.8,-8753.2,-7885.2,-6331.4,-5377.4,-4698.3,-3414.1,-2742.4,-2423.4,-2171.,-1980.9,-2076.1,-1560.9,-149.1,462.2,1947.3,5436.9,9113.5,11993.,13200.4,13544.5,13033.6,10103.4,6309.3,4590.4,3453.9,2390.3,3145.5,3992.4,4157.,4069.7,3206.1,1406.7,-427.6,-1238.8,-2007.2,-3047.2,-3144.1,-2939.2,-2909.,-2887.9,-2683.,-1637.6,190.6,1157.2,2084.5,3405.2,3798.6,H
1649.4,3367.,6350.6,7616.6,8265.4,9102.8,9609.5,10392.5,10857.4,10205.3,7398.5,1434.,-5264.8,-8153.8,-9623.2,-10591.7,-8027.4,-4581.9,-3199.8,-2245.6,-643.1,853.1,3979.6,6258.2,9524.4,14975.2,17696.7,16265.9,14298.2,11524.5,6412.5,2217.7,-1356.1,-3073.4,-4921.3,-8044.1,-9967.2,-9944.5,-9273.6,-8005.6,-5836.8,-4597.2,-4166.4,-4074.4,-4410.1,-4709.5,-3875.8,-2840.3,-2602.2,-2542.2,-2608.9,-2524.3,-2130.6,-1948.2,-1948.2,H
13733.8,13506.1,12805.3,12332.2,11821.9,10696.5,9274.2,7440.7,6414.4,4264.4,-1081.8,-7196.7,-12266.8,-14418.2,-15167.9,-15191.9,-13660.7,-12381.5,-11907.8,-11640.2,-11373.5,-11293.8,-11345.6,-11478.,-11221.9,-10244.5,-8515.5,-5258.2,-3008.6,1439.4,10271.8,18534.4,24479.6,26546.6,25678.4,22871.1,19283.6,16289.7,14944.2,13673.9,11689.4,9885.,8678.9,8563.,8962.5,9022.2,8754.6,8879.7,8932.6,8553.1,8121.1,7266.3,5215.,3966.,3090.3,1985.7,1623.3,603.7,-282.4,-1746.9,-4470.2,-5729.,MI
-14128.8,-13113.5,-12098.2,-10823.5,-8502.5,-6862.3,-5231.4,-4194.4,-3353.4,-1547.5,195.8,1540.2,2106.2,2502.4,2907.2,2399.9,435.1,-2300.7,-3973.5,-5537.5,-6953.9,-6404.,-4431.,-3246.2,-2715.,-2099.9,-1897.6,-1848.1,-1917.,-1780.6,-1483.3,-1466.8,-1790.3,-1969.4,-2395.4,-3574.9,-4995.6,-6528.,-7393.2,-8038.6,-8894.6,-8994.6,-7722.8,-6561.6,-5274.5,-2723.6,-432.8,648.3,1101.8,2239.4,3661.8,5519.,6692.,7552.,9291.8,10771.6,11310.7,11249.8,11140.,10677.2,10065.6,9371.2,8935.4,7618.8,3978.6,-513.6,-4230.4,-5778.6,-6045.5,-5410.5,-3630.2,-2473.8,-2195.8,-1971.6,-2004.6,-1901.8,-710.5,120.8,1131.1,3472.2,5620.1,6953.9,7470.6,7523.2,7500.8,7425.8,S
7871.4,7303.6,4822.1,590.6,-1727.2,-3569.5,-6578.2,-7782.5,-7095.5,-6370.6,-6094.4,-6000.9,-6479.5,-6832.6,-6889.8,-6458.,-5565.,-4706.3,-4303.2,-4297.6,-4202.1,-3755.2,-2986.8,-1843.4,-1117.,-493.4,1184.1,3053.9,4611.5,5353.2,5896.,6304.7,6194.1,5865.6,5513.6,5128.7,4253.6,3116.6,2350.9,2232.,2621.6,3710.3,5537.6,7639.7,8613.6,9436.9,10812.4,11232.1,10198.1,9296.6,7690.8,3975.2,34.6,-3095.8,-4395.4,-5375.6,-7048.2,-9249.2,-12229.8,-13701.8,-14523.4,-15294.2,-13912.,-11204.8,-9829.,-8953.1,-7773.3,-7322.6,-6892.5,-6609.2,-6196.9,-5289.7,-4476.,-3827.,-3496.8,-3496.8,S
3978.4,4697.6,6701.,7555.7,7126.2,4926.8,1720.4,-151.6,-1058.2,-1099.8,-650.8,195.1,738.6,1043.4,1201.6,2615.,3656.7,2902.4,921.9,-676.,-3323.,-7091.,-9188.,-10257.,-10350.,-10027.6,-9075.9,-8299.7,-8205.3,-8257.8,-8084.3,-8993.7,-10935.3,-12311.2,-12828.4,-13199.1,-12542.2,-10120.,-7578.9,-6432.4,-5707.2,-4553.5,-3495.5,-2150.4,-1434.8,-1101.7,-780.1,-1457.,-2524.5,-2926.6,-2883.8,-2522.2,-1639.2,-791.9,-508.8,301.2,2187.5,4448.1,7289.6,8946.8,10122.6,11971.,13064.7,13005.3,12524.8,11497.5,9073.9,6349.5,4334.2,3647.,3371.3,3292.4,3489.2,H
5298.4,5298.4,4584.4,3886.9,3894.5,2898.,1910.4,1036.2,-269.,-71.2,2197.1,3836.6,3894.3,1952.9,-3158.2,-9774.3,-13278.4,-16791.9,-22812.1,-27753.8,-31641.9,-33095.,-32490.4,-29659.7,-24417.5,-18485.4,-15569.4,-13291.1,-9537.5,-6920.,-4692.4,-3607.,-2675.3,-957.7,338.9,1242.8,1636.,2216.5,3702.3,4956.1,5437.,5569.4,5010.7,3048.4,941.7,-560.6,-1359.8,-1746.3,-2175.5,-1664.9,-167.9,775.8,2600.8,6514.1,9551.2,11331.4,12162.8,11684.9,10862.7,10087.7,8317.8,6978.6,4988.1,428.2,-4293.3,-7587.3,-8729.2,-8258.5,-6725.5,-4405.,-1934.8,-722.8,-722.8,H
4.8,79.4,524.5,895.,1289.2,1838.6,2091.5,2211.1,2233.,2051.2,1590.8,920.1,104.,-320.,-997.1,-2726.6,-4674.2,-6050.6,-6531.8,-6231.4,-4764.3,-2594.7,-886.6,-181.4,359.8,1320.3,2275.4,3427.6,4044.,4433.3,5104.,5522.,5496.7,5334.8,5268.4,5056.9,4865.,4550.6,4283.,3220.3,1089.1,-859.5,-1906.9,-2074.2,-1429.8,-395.6,-125.4,-883.3,-1521.6,-2290.6,-3407.,-3508.1,-2542.8,-1823.8,-1092.6,324.5,1444.1,1975.4,2073.,2069.3,2050.9,2073.2,2211.,2311.8,1898.7,795.4,-492.4,-1265.1,-1440.2,-1440.2,MI
-1442.2,-1260.9,-702.9,20.1,674.5,982.6,1529.4,3575.1,6686.2,9802.5,11306.6,12278.3,13182.1,13770.4,15279.7,16132.8,17112.7,18865.4,20087.9,20981.9,21426.2,21582.7,22383.8,23445.2,24014.9,24167.8,23798.7,21248.4,16072.,9337.1,5597.4,2754.7,-1562.4,-4397.3,-6116.6,-6475.4,-7014.5,-8844.3,-10547.8,-10635.,-10309.4,-10011.,-8666.6,-7370.9,-7571.9,-8022.6,-8921.,-10569.8,-11981.6,-13499.9,-14356.8,-14705.4,-15176.6,-14410.3,-12323.2,-11125.,-11125.,H
-41.6,-1212.4,-3223.6,-4482.8,-4901.6,-4437.1,-3010.5,-1455.1,-581.7,-301.6,-95.2,181.1,499.9,1047.2,1345.6,1449.4,1374.2,739.5,-197.3,-678.4,-830.7,-618.7,401.4,1890.,2722.8,3569.1,4857.1,5401.2,5343.8,5184.,4850.3,4358.4,4251.1,4507.4,4712.8,4921.,5276.1,5485.8,5335.5,5122.4,4563.7,3597.8,2653.3,1764.1,1412.2,1091.5,136.1,-1030.1,-2039.8,-2518.,-3141.5,-4920.8,-7282.7,-9386.5,-10284.2,-10481.1,-9874.2,-8062.3,-6388.6,-5723.,-5331.2,-4744.9,-4298.1,-3712.9,-3380.,-3114.6,-2849.2,MI
-1092.4,-2317.6,-3542.8,-4408.4,-5295.7,-4825.4,-3953.7,-3574.,-3310.2,-2617.6,-1646.8,-686.1,-267.4,-112.5,78.3,227.6,607.,873.,1358.9,2381.5,3265.,3874.7,4137.6,4182.9,3949.6,2972.4,1661.3,1048.8,728.2,395.4,1000.3,1929.1,2240.8,2059.2,1514.2,483.3,-726.3,-1268.4,-1343.,-1318.3,-1052.2,-416.3,52.8,387.6,676.7,653.5,700.9,725.8,1092.5,2197.5,3558.5,4118.2,4055.2,S
1775.4,1752.4,2293.4,2857.4,3745.4,5891.1,8358.4,10383.,11198.,11517.5,10962.6,8625.9,5476.5,3789.4,1965.9,-565.9,-1040.2,-304.7,196.8,1050.9,2169.7,2162.6,1786.2,1681.6,1329.7,716.,353.6,-12.5,-278.,-188.1,397.4,329.3,-1392.6,-2550.8,-3756.8,-6678.6,-9136.3,-9621.,-9363.8,-9190.,-8431.3,-7825.7,-7661.6,-7518.2,-7657.6,-7864.3,-7083.4,-5556.8,-4878.4,-3908.2,-2591.9,-2669.4,-4887.2,-6681.4,-8789.8,-12272.5,-14438.2,-14632.2,-14034.8,-14034.8,H
