-1340.,-1340.,-1143.8,-633.2,-117.5,176.9,270.,330.8,426.8,545.7,782.8,936.2,1092.4,1362.6,1585.9,1624.9,1554.6,1178.9,443.7,-255.7,-749.4,-903.2,S
-2719.2,-3107.7,-3496.2,-3733.7,-3824.4,-3396.6,-2925.,-2734.4,-2648.7,-2503.8,-2372.3,-2193.3,-2086.6,-1910.8,-1609.5,-1378.1,-1135.3,-998.4,-968.5,-1290.8,-2174.9,-3195.9,-3685.,-4063.6,-4400.,-4068.5,-3595.9,-3412.6,-3237.5,-2873.6,-2505.6,-2326.4,MI
-137.2,-109.3,-81.4,-54.6,-68.8,-356.2,-837.2,-1071.8,-1218.1,-1424.4,-1383.3,-1168.7,-1055.2,-1056.,-1069.7,-1091.7,-1024.1,-947.4,-776.1,-282.,401.1,976.3,1191.2,1226.7,1128.,705.6,82.2,-253.,-466.9,-680.8,MI
-3068.,-3412.6,-3757.2,-3612.2,-3023.,-2229.,-1826.3,-1773.4,-1756.9,-1769.8,-1753.3,-1554.2,-1401.,-1391.4,-1401.5,-1443.8,-1308.5,-1150.6,-744.2,-38.4,278.8,188.4,80.2,-64.4,-333.9,-262.6,158.5,383.4,376.8,451.7,533.2,H
532.6,632.4,810.,963.8,1086.4,1133.,1090.6,995.,943.7,961.2,976.8,1015.8,966.7,545.5,-56.2,-324.8,-594.1,-737.,-366.8,15.3,153.6,306.,367.1,260.,299.4,354.6,530.2,689.6,673.4,H
1443.,1239.1,615.,194.8,-207.8,-902.4,-1296.2,-1241.1,-1120.9,-947.9,-698.1,-538.9,-352.5,-248.5,-148.8,90.2,439.1,759.,906.,1065.1,1301.4,1541.2,1920.5,2137.2,2152.6,2006.1,1514.9,802.2,418.8,163.9,-83.9,-76.8,H
-108.2,-108.2,-856.,-2338.3,-3709.8,-4555.,-4763.2,-4330.2,-3342.,-2468.6,-1803.2,-1456.,-1162.7,-591.3,147.1,1013.8,1746.2,2052.3,2187.9,2403.8,2373.1,2055.6,1829.2,1127.3,-313.6,-1640.3,-2588.1,-2948.2,-2948.2,S
254.4,254.4,301.,429.8,624.4,810.2,883.6,860.7,352.1,-1211.,-3603.4,-4918.4,-6164.9,-8007.2,-8489.2,-7822.5,-7269.6,-6463.8,-4839.1,-2995.4,-1019.6,-68.6,980.7,2192.9,2154.,1832.7,1713.2,981.4,-253.4,-1258.6,-2308.1,-2855.4,MI
1058.8,1102.7,1146.6,1225.5,826.9,-343.5,-1638.9,-2241.4,-2744.5,-3130.3,-2645.8,-1922.8,-1567.,-1336.4,-890.4,-740.5,-941.5,-1077.,-1330.8,-1735.5,-1759.3,-1293.,-953.8,-305.4,979.,2121.9,2493.,2357.2,1660.8,114.6,-1440.9,-2256.,-2365.4,-2016.9,-1668.4,S
-2287.,-1958.9,-1357.2,-878.8,-569.6,-465.2,-342.3,-73.2,216.4,470.4,581.,588.,625.8,375.7,-484.,-1062.8,-1636.8,-2460.2,-2529.9,-1764.7,-1179.2,-676.8,11.3,249.3,261.4,221.2,352.8,635.7,787.,S
-1347.8,-1077.1,-592.1,-137.1,190.3,444.5,1012.,1354.4,1415.7,1534.6,1587.7,1500.,1566.7,1303.9,833.6,71.6,-1448.7,-2728.8,-3187.6,-3124.6,-2616.1,-1637.,-869.4,-364.2,-156.,-11.7,345.2,784.1,1189.2,1368.,1495.2,1622.4,MI
-1524.,-1326.3,-954.8,-659.7,-538.4,-377.4,-74.5,143.1,81.8,-55.2,-360.7,-1148.1,-2290.2,-3431.1,-3911.8,-4276.3,-4561.,-3963.5,-2445.3,-1444.8,-385.4,1344.5,2326.,2396.5,2156.,1789.3,1213.2,958.7,961.,1008.4,960.2,912.,H
1753.,1139.7,-10.,-1017.6,-1488.8,-1467.,-1104.6,-546.3,-194.1,-59.6,56.9,333.9,767.4,1425.3,1810.2,2088.,2514.4,2770.2,2527.1,2510.2,2832.7,2730.3,2195.9,1753.,1202.2,133.9,-757.9,-1139.2,-1146.2,-1146.2,S
-335.2,-194.8,82.5,219.4,296.3,52.5,-905.6,-2154.3,-2765.6,-3290.5,-3803.1,-3366.2,-2548.7,-2155.8,-1973.1,-1733.8,-1582.,-1332.8,-1178.8,-801.9,-48.4,529.7,901.1,1071.,934.8,165.,-1071.2,-2211.1,-2748.4,-2946.1,-2756.7,-1939.9,-1170.3,-830.4,S
1126.8,1126.8,624.,-469.,-1593.2,-2476.3,-2825.4,-2647.4,-2108.4,-1472.3,-923.1,-649.,-524.9,-343.2,-282.2,-317.4,-371.1,-334.1,-244.,10.3,274.3,725.2,1372.6,1506.1,1082.4,769.4,94.5,-1051.7,-1520.8,-1389.8,-1261.,-996.2,-466.1,-29.5,324.2,506.6,506.6,MI
-939.2,-472.8,229.8,632.1,798.2,984.3,1410.2,1850.8,2150.6,2249.6,1551.4,-365.1,-2732.5,-4731.9,-5582.2,-5408.7,-4479.1,-3017.2,-1820.6,-1329.8,-1088.6,-641.3,-108.2,884.7,1550.6,2223.5,3431.9,4210.6,3590.2,2726.6,1584.3,-529.4,-2213.4,-2711.4,-2496.8,-1863.6,-1230.4,MI
2522.2,2553.1,2584.,2122.8,708.4,-1110.8,-2556.3,-3135.8,-3111.6,-2484.6,-1532.2,-1149.1,-1115.6,-1309.2,-1657.4,-1768.3,-1492.6,-1260.6,-873.,-107.9,853.4,1862.6,2288.,2210.9,1828.7,1026.9,149.6,-231.,-231.,MI
-39.4,261.,817.8,1003.9,796.4,659.2,-865.8,-4313.3,-7689.6,-10346.5,-11549.6,-10653.4,-7676.1,-3488.6,340.1,2062.4,2953.1,3791.3,3360.2,2735.,2488.4,2373.1,2279.4,2128.,889.8,-175.4,S
2275.8,2363.7,2605.4,2759.2,2884.4,3038.7,2846.5,2278.1,1931.,1708.9,1341.,1289.6,1598.3,1812.6,1923.5,2169.4,2368.1,2453.3,2474.8,2504.8,2513.6,2559.9,2717.3,2807.2,MI
-3378.,-2930.2,-2138.2,-1794.,-1504.3,-756.5,34.4,607.8,848.4,1031.6,1202.7,910.1,-623.6,-1876.8,-3485.4,-6278.9,-8050.1,-7779.3,-6922.2,-5527.7,-3048.9,-1406.1,-90.5,666.6,1365.6,2757.6,4120.1,4692.7,4990.2,5084.,4783.4,MI
1920.6,2070.9,2267.5,1766.1,327.9,-1277.9,-2507.1,-3369.1,-3328.,-2172.,-894.,-32.,593.5,1021.,1450.5,2071.,2717.1,3177.2,3429.8,3493.9,3333.1,2669.2,1500.4,395.8,-474.8,-1049.8,-966.7,-203.1,303.4,S
-2010.4,-1794.2,-1423.8,-1171.3,-905.1,-769.,-1299.6,-2359.5,-3321.3,-4071.,-4475.2,-4092.6,-3158.5,-2448.8,-2238.2,-2241.3,-2132.7,-1786.3,-1176.5,-319.,513.3,1042.1,1223.8,H
975.6,1100.2,1291.4,1056.6,68.6,-618.,-1245.4,-2437.,-3231.,-3186.7,-2912.6,-2728.2,-2374.5,-2007.6,-1636.,-1462.,-1180.5,-582.2,74.6,665.5,916.4,1100.4,1415.,1605.,1292.9,921.4,921.4,MI
197.4,284.6,394.1,554.8,742.,852.,448.1,-17.,-864.2,-2455.2,-3706.7,-3836.5,-3726.,-3411.7,-2354.2,-1686.5,-1651.1,-1540.2,-1256.2,-1113.3,-795.4,-447.3,-238.8,-186.8,S
1500.2,1516.9,1446.1,1528.1,1697.6,2038.3,2760.1,3616.,4674.8,5258.8,5786.,6254.8,6018.2,5268.2,4696.4,3907.,2825.,2266.2,1752.3,1504.6,1369.2,1112.6,918.3,789.3,733.4,671.4,609.4,H
-912.,-1551.3,-2618.5,-3046.4,-2835.,-2111.5,-1231.1,-638.4,-414.,-267.6,31.5,393.7,802.9,1002.6,1075.6,842.6,-49.3,-1712.3,-2789.4,-3832.7,-5307.2,-5658.5,-4749.4,-3920.2,-2951.3,-1196.9,114.1,1085.,1530.4,1896.3,2510.6,2913.7,3029.4,2990.4,H
-1968.,-1968.,-1238.7,-79.6,439.9,271.2,12.8,-414.8,-1208.3,-1735.2,-1791.3,-1686.4,-1247.1,-245.5,502.3,533.1,378.4,84.5,-580.,-996.1,-735.8,-430.,-240.5,28.7,150.3,202.7,213.2,294.8,376.4,S
-967.4,-779.6,-591.8,-297.2,275.9,797.1,1007.,1224.1,1297.7,-133.7,-3035.6,-4682.4,-6002.,-7951.,-7549.7,-4648.8,-2778.6,-1330.2,1098.3,2421.4,2619.3,2474.2,2406.4,2343.4,2392.7,2487.7,2538.2,2554.4,2570.6,S
1672.2,1851.1,2134.,2259.,2280.,2214.1,1383.7,-366.9,-2090.9,-2828.8,-3479.5,-4142.8,-3529.7,-2354.6,-1805.2,-1052.6,679.5,2287.2,3276.1,3636.8,3609.,3257.8,2577.,1940.5,1661.4,1153.7,-148.8,-1569.4,-2195.2,H
1323.2,1379.,1434.8,880.5,-577.4,-2309.8,-3938.2,-4737.8,-5259.3,-5865.9,-6001.5,-5793.1,-5534.2,-4408.5,-1975.3,743.,3112.4,4071.,4226.3,4144.9,3333.4,2367.4,1976.2,1310.1,-457.1,-2459.3,-3360.4,H
-1656.4,-1384.8,-946.8,-614.1,-256.,-64.2,135.1,173.9,-725.,-2464.4,-3465.4,-4530.6,-6247.2,-6833.8,-6199.1,-5629.2,-4668.,-3053.7,-1586.9,-96.9,579.4,769.1,1335.2,1669.4,1469.1,1311.,1345.4,1511.7,1643.6,H
263.8,457.8,792.5,933.2,1041.5,1262.9,1785.9,2047.7,1899.6,1896.6,1809.6,1435.9,1354.3,1562.4,1255.4,500.6,-286.1,-833.1,-1044.5,-867.2,-240.9,449.2,693.6,835.5,1247.6,1371.9,1226.,S
518.,753.2,988.4,1160.1,1436.7,1285.1,35.,-958.6,-1941.9,-3636.3,-4493.3,-3841.8,-3044.4,-2230.,-915.1,-166.5,190.8,300.,446.,821.6,1318.6,1750.2,1914.4,2024.5,2198.9,2235.,2206.8,S
2209.2,2202.9,2196.6,2306.3,2462.,2353.3,1906.5,1614.4,1092.4,136.8,-440.7,-501.8,-419.,-177.1,278.1,590.6,718.3,746.8,923.6,1280.8,1705.6,2322.4,2694.8,2921.2,3292.9,3439.3,3229.2,3018.,3018.,H
-3719.4,-2972.3,-1791.4,-1119.7,-763.1,-644.4,-468.9,-78.2,377.8,798.,1065.3,1072.4,1212.8,1648.5,1672.,1393.1,767.,-627.9,-2236.3,-2942.2,-2896.4,-2380.4,-1367.6,-553.8,-250.3,-263.8,-185.9,5.3,118.6,MI
93.,-77.4,-610.1,-1424.9,-2940.4,-4003.4,-4663.5,-5767.3,-6123.6,-5301.5,-4566.8,-3650.5,-2016.8,-795.1,127.9,546.6,745.6,1325.4,1858.7,2339.6,2668.,2975.8,2978.4,1697.4,-297.7,-1317.,H
-3330.8,-3016.1,-2458.,-2000.2,-1785.8,-1518.9,-971.6,-423.4,-147.6,-139.6,-506.2,-1259.7,-2533.4,-4255.1,-5090.,-5262.8,-5255.,-4277.4,-2555.6,-1630.8,-1168.3,-607.6,-548.7,-606.8,-625.6,-455.9,-114.2,222.6,387.4,MI
-1513.8,-1513.8,-1254.9,-816.5,-499.2,-290.5,-219.6,14.8,469.5,755.6,1103.5,1385.6,1215.7,15.8,-1921.9,-3619.2,-4408.8,-4687.9,-4275.,-2873.9,-1624.8,-1148.4,-924.9,-637.8,S
-1472.,-1201.6,-678.1,-147.7,129.6,386.4,778.2,857.5,133.,-535.8,-1451.3,-3238.6,-4771.1,-5201.7,-4971.6,-4811.8,-4356.6,-3877.1,-3577.,-3461.,-2824.9,-1388.9,-41.3,1213.1,1919.8,2411.8,2687.9,1864.9,163.9,-1335.5,-2239.7,-2738.4,MI
-1299.2,-1217.5,-1061.9,-968.4,-948.8,-908.,-766.,-590.5,-440.9,-365.6,-315.9,-200.,29.6,155.5,118.,-83.,-388.5,-620.9,-820.,-891.2,-834.9,-912.5,-1279.5,-1606.4,-1700.2,-1768.3,-1792.7,-1678.3,-1607.6,MI
-656.2,-410.4,-164.6,38.2,387.1,678.8,993.8,1163.2,1257.7,1148.5,493.,-666.3,-1373.8,-2135.5,-3200.6,-3579.,-3086.8,-2519.6,-1803.7,-196.9,1578.7,2968.2,3473.,3841.2,4100.6,3749.,3171.1,2836.,2594.7,2181.,2008.6,H
90.8,166.4,288.8,415.4,495.2,610.8,838.1,981.6,694.2,375.,212.4,-684.3,-1492.3,-862.6,-159.,662.5,2481.7,3781.3,3795.4,3507.6,2619.7,1026.8,-155.7,-786.5,-939.8,-850.7,-399.2,199.,50.1,-334.6,-765.5,-1196.4,H
-2098.4,-2634.2,-3221.2,-3007.2,-2504.2,-2266.4,-2139.7,-2037.3,-2263.7,-2390.,-2314.2,-1918.1,-937.2,395.4,1589.,2034.8,1660.1,287.8,-1695.3,-3528.1,-4375.4,-4569.,-4328.2,-3444.,-2703.6,-2413.,-2413.,S
-186.6,-987.1,-2463.7,-3601.5,-3910.9,-3758.6,-3248.9,-2418.4,-1910.,-1601.5,-1480.6,-1680.2,-1950.8,-1987.8,-1606.8,-1259.8,-429.5,1156.,2476.8,3115.9,3189.4,2408.3,609.4,-1267.3,-2680.6,-3235.,-3235.,MI
-3195.2,-2999.5,-2629.9,-2456.,-2370.2,-2186.8,-1889.2,-1557.3,-1425.4,-1301.5,-1045.,-898.9,-1069.4,-1253.4,-1388.9,-1547.7,-1577.7,-1257.3,-976.6,-980.9,-1210.4,-1759.7,-2037.4,-2366.,-2823.2,-2778.3,-2383.1,-2161.4,-1936.1,-1710.8,MI
-6985.4,-7427.1,-7868.8,-7663.4,-7322.9,-7027.1,-6354.3,-5842.2,-5085.2,-3245.5,-1304.,105.7,656.6,747.4,470.1,62.4,-297.5,-617.8,-1118.3,-2331.5,-3936.6,-4829.,S
-1254.,-1403.8,-1978.8,-2764.2,-3382.7,-3641.,-3714.,-3575.4,-3453.6,-3695.1,-3846.8,-3840.9,-3921.9,-3829.9,-3074.,-2497.,-1722.2,85.7,1898.8,2402.4,2126.,1402.6,-69.3,-1389.9,-1759.4,-1556.8,-1188.,-651.8,-484.4,MI
588.4,294.8,-220.3,-701.4,-949.9,-938.8,-855.2,-626.4,-374.4,-449.2,-630.8,-626.5,-258.3,676.7,1823.7,2399.6,2555.6,2245.,960.8,-502.9,-1149.,-1612.9,-2209.2,-2232.9,-2089.3,-2054.4,-1914.9,-1674.6,-1411.1,-1248.4,S
313.4,172.,-164.,-358.6,-900.6,-2328.6,-4109.6,-5700.5,-6396.4,-6498.9,-6147.4,-4680.6,-2684.9,-1702.,-829.,838.,1962.7,2586.5,2879.6,2906.3,2871.4,2693.2,2028.7,1480.8,907.,333.2,H
563.4,636.2,766.2,939.,1054.6,1155.2,1283.5,1207.6,557.6,11.2,-814.3,-2243.5,-2919.2,-2525.7,-2060.2,-1157.5,495.5,1432.2,1669.2,1719.8,1699.3,1513.,1275.3,1203.4,S
-645.8,-489.9,-455.5,-577.,-1091.7,-2092.2,-2783.,-2762.9,-2537.8,-1916.,-875.5,-195.1,-57.,-180.6,-356.2,-589.6,-685.6,-686.1,-648.4,-579.4,-688.2,-866.,S
-4346.8,-5227.3,-6107.8,-6639.9,-6968.3,-6441.8,-5788.5,-5458.,-5120.2,-4263.2,-2914.5,-1301.1,-517.2,302.,1682.7,2539.5,2834.8,MI
-4244.,-4244.,-3654.1,-2548.,-1866.5,-1585.6,-1470.,-1230.3,-610.8,281.4,1381.2,2290.1,2505.,2395.4,2136.1,808.1,-1292.8,-2322.,-2953.8,-3804.6,-3440.4,-2857.2,S
-2547.4,-2483.6,-2419.8,-2362.1,-2283.1,-2254.4,-2132.1,-2017.2,-1666.5,-742.3,107.,549.2,715.6,585.1,167.6,-184.1,-265.1,-281.4,-211.2,-91.,107.7,411.8,567.2,567.2,S
676.8,880.,1083.2,1206.7,1382.4,1286.4,907.5,676.8,396.1,-242.,-686.6,-957.,-1140.2,-1330.4,-1250.3,-425.4,817.7,1506.2,2082.7,2655.4,2240.1,1455.9,1083.2,883.3,683.4,H
-2529.2,-3065.7,-3602.2,-3858.4,-4030.1,-3252.1,-2507.3,-2456.,-2927.7,-3425.4,-3143.2,-1851.6,-868.2,656.5,3083.7,4293.7,4461.9,4322.6,3715.1,2208.8,-22.4,-2224.5,-3094.2,-3094.2,MI
2012.2,2082.3,2099.2,1703.3,941.1,521.6,70.5,-778.4,-1549.2,-2072.5,-2222.8,-2205.7,-1799.2,-938.9,516.4,1500.8,2017.4,3056.2,4121.2,4452.,4240.,4155.7,3504.8,2216.4,812.3,130.,130.,H
-610.,-819.5,-1527.4,-2470.7,-2915.6,-3366.8,-4458.4,-5105.6,-4548.7,-3985.,-3169.9,-984.3,1589.9,3138.6,3483.6,3855.8,4531.6,5060.9,5710.4,6134.2,6126.7,5531.7,3718.8,1248.1,2.8,-993.3,-2275.7,-2224.3,-1886.6,H
685.,662.3,639.6,633.4,240.,-907.6,-2404.7,-3141.4,-3866.,-4779.,-4581.8,-3643.9,-3091.6,-2539.9,-1568.6,-884.2,-474.7,-330.,-266.4,-142.3,-21.6,3.3,-32.,-24.3,19.3,63.5,-126.7,-977.6,-1630.,S
422.2,513.7,605.2,666.7,861.9,946.6,743.8,590.,577.8,321.1,-354.,-1200.2,-1615.8,-1896.,-2085.4,-1489.9,-239.2,506.8,944.7,1589.5,1868.7,1783.9,1626.8,1508.8,1358.4,1360.7,1395.4,MI
-689.6,-496.6,-154.9,-6.2,47.5,144.7,319.5,530.5,610.2,758.4,993.7,824.2,160.3,-247.,-339.2,118.2,1312.5,2505.3,3053.4,3191.6,2902.,2110.3,1576.3,1406.2,1288.4,956.1,434.8,-230.2,-588.4,MI
-3714.4,-3218.2,-2038.3,-1354.6,-838.2,165.7,1498.3,2858.4,3373.4,3613.5,3897.6,3659.8,2727.4,2076.8,993.1,-964.8,-2476.2,-3267.5,-3421.6,-2769.8,-1552.5,-625.2,-47.9,167.6,S
58.,59.1,-18.7,-600.1,-1659.2,-2215.8,-2645.9,-3220.3,-3313.2,-2788.3,-2314.8,-2275.4,-2572.9,-2527.,-1960.6,-1777.,-962.4,775.7,2159.4,2925.1,3230.6,3256.6,3331.9,3203.,2262.1,1499.4,349.2,-1713.3,-2625.6,H
-2337.2,-1937.6,-1538.,-1372.,-1113.9,-1006.1,-1623.,-2255.6,-2734.3,-2976.6,-2185.3,-40.6,1549.2,3008.3,4751.6,4922.9,4286.,3762.,3159.1,2267.8,1692.8,1105.3,804.4,804.4,MI
-3354.2,-2851.8,-2349.4,-2089.9,-1656.7,-1373.5,-1033.,-802.,-855.1,-412.3,438.,1343.8,1895.2,2423.2,2874.7,1915.7,-206.7,-1446.6,-2128.5,-3320.4,-3303.1,-2266.,-1756.2,-1540.4,-1275.5,-1186.2,-1057.7,-969.4,-969.4,H
-337.6,-385.3,-450.9,-681.8,-1081.9,-1269.,-1435.1,-1722.8,-1791.5,-1796.6,-1854.6,-2228.4,-2768.3,-2964.,-1671.2,-348.8,1269.8,4100.5,5971.6,5926.7,5222.8,4412.6,3038.9,2190.5,1751.2,1596.8,1596.8,H
-1233.6,-969.,-410.7,31.7,180.4,7.,-680.8,-2263.3,-4217.,-5102.6,-5494.7,-5679.3,-4620.2,-2378.7,-988.8,280.3,2390.9,4020.7,4607.3,4405.6,4042.4,3452.6,2872.9,2417.4,2315.,2235.6,2156.2,H
364.6,372.5,56.5,-1007.2,-2412.7,-3078.4,-3602.2,-4210.,-3960.5,-3456.1,-3285.2,-3160.1,-2843.9,-2272.1,-1308.4,-725.4,-107.6,1034.9,1776.5,1974.9,1956.4,1761.1,812.7,-953.2,-2694.6,-3423.2,-3423.2,S
-2022.6,-1651.9,-1009.3,-644.8,-552.2,-648.6,-818.5,-970.1,-1023.3,-998.4,-778.9,-195.2,240.3,-152.9,-617.4,-1051.4,-1871.9,-2226.1,-1589.2,-984.6,-448.1,362.9,780.6,923.8,S
1347.,1348.7,1350.4,1225.4,724.3,-327.1,-1767.2,-2532.,-2805.9,-2362.7,-400.9,2322.8,3801.8,5323.7,6340.6,5267.6,3952.,3204.4,2040.8,1033.,1160.8,1092.4,1052.,1052.,S
-3096.4,-3096.4,-3641.6,-4608.3,-4976.5,-4363.9,-3804.6,-3321.1,-2495.1,-1838.4,-1302.,-1079.8,-887.5,-614.2,-890.4,-1725.6,-2203.6,-2458.4,-2731.8,-1762.6,250.2,1275.2,1459.4,1622.3,974.5,-260.4,-868.8,-796.2,-613.2,-456.5,-332.3,-254.4,-208.5,-54.3,173.8,336.1,378.6,S
-662.6,-601.4,-511.1,-767.2,-1709.8,-2367.2,-3080.6,-4529.,-5815.8,-6416.,-6464.4,-6402.2,-6076.3,-5336.1,-4393.5,-3927.4,-3529.5,-2437.3,-1142.2,-66.9,407.6,902.6,1256.9,459.4,-1256.6,-2315.8,-3319.3,-4970.5,-5645.8,-5673.4,H
-1062.8,-772.,-270.7,-60.2,104.2,413.3,791.8,1205.8,1386.,1503.9,1694.8,1300.6,-183.,-1199.4,-2288.1,-4202.8,-4670.8,-2638.5,-964.2,859.3,4597.6,6458.9,5666.,4926.6,4112.,2293.6,1246.,1283.3,1364.4,1385.6,1406.8,H
132.8,299.,700.,934.8,1072.8,1240.,589.8,-1231.8,-2374.,-3487.1,-5339.5,-5672.4,-4097.1,-2928.2,-1716.5,359.4,1644.5,2129.1,2192.8,2237.9,2322.6,2318.1,2306.1,2338.2,MI
-785.8,-1147.1,-1717.4,-1926.4,-1678.6,-954.1,-213.5,350.4,650.4,923.3,1276.4,1532.8,1793.9,1878.8,1993.4,2391.,2939.2,3535.6,3866.8,3496.4,2490.7,1188.8,-249.4,-1021.,-1117.1,-1213.2,MI
-841.6,-612.1,-382.6,-260.2,-7.5,350.4,797.9,1017.8,1215.1,1506.9,1260.8,25.5,-869.2,-1556.,-2462.,-2186.9,-201.1,1290.4,1790.6,2186.,1701.8,634.1,-54.2,80.,554.9,1145.5,1395.4,MI
2296.8,2040.5,1460.7,97.9,-941.4,-1733.,-3010.5,-3222.9,-2270.5,-1591.6,-1203.3,-713.2,-696.8,-612.3,-442.4,-193.7,439.5,1667.6,3032.2,3740.8,3773.7,2819.3,703.4,-1586.1,-2747.,-3113.4,-3292.2,MI
1342.6,1365.6,1388.6,1289.8,1020.5,622.8,-694.,-1783.6,-2785.3,-4125.3,-4344.9,-3044.3,-1862.4,-354.1,1933.5,2743.8,2651.5,2528.2,1887.9,661.9,-101.4,-404.,-529.,-423.6,-652.4,-2075.9,-3165.2,H
-1586.,-1299.7,-808.1,-374.,-145.2,68.8,532.3,902.9,1325.6,1627.2,2125.2,2643.6,2656.2,1795.4,942.4,-903.6,-3947.3,-5831.8,-6390.1,-6261.6,-5140.3,-3078.9,-1680.9,-990.4,-757.8,-757.8,S
-2264.6,-3117.3,-4469.4,-4403.1,-3837.4,-2725.5,-988.9,-80.7,250.6,298.4,102.3,-362.,-1258.,-2511.8,-3137.8,-3283.8,-2714.5,-747.2,2200.6,3896.4,5027.1,5468.9,3491.,821.7,-558.6,-1633.5,-2445.8,-1410.5,-330.,-22.2,210.7,443.6,MI
-865.,-699.8,-407.5,-280.4,-279.,-318.7,-255.4,-488.8,-826.6,-936.9,-1193.8,-1881.8,-3184.8,-3946.4,-3837.4,-3169.8,-1851.1,87.5,1266.,1236.6,886.3,331.7,74.5,51.,354.6,940.4,1222.6,H
641.2,708.,774.8,714.2,594.8,521.5,-56.5,-620.,-1312.1,-2596.3,-4025.9,-4999.9,-5136.4,-4658.4,-3824.,-2307.5,-578.7,-10.,661.6,1828.9,2313.9,3077.6,3852.,3969.6,4119.,3747.1,2271.6,1199.8,398.1,-611.4,-770.1,-197.8,325.4,325.4,MI
422.4,138.6,-205.9,-904.6,-1607.6,-2250.3,-3148.9,-4036.5,-4582.2,-4561.2,-4474.8,-4382.7,-4174.8,-2781.3,-1590.,-425.1,2604.4,5176.4,6037.1,6190.4,6053.6,4357.2,1749.7,-613.7,-2176.9,-2961.4,-3344.5,-2512.4,-1357.9,-634.1,-515.7,-645.,H
686.4,445.1,-270.,-1620.4,-3023.9,-3550.8,-3177.4,-1912.2,785.6,4080.9,5570.2,6301.7,7476.8,7328.1,6302.3,5868.8,5205.3,3749.4,2575.2,1125.4,57.4,-896.4,-2549.4,-3751.7,-4101.5,-3948.2,H
433.2,540.5,832.,1016.2,1141.3,1390.1,1710.6,1782.1,1656.8,1174.3,19.7,-1047.2,-1140.4,-838.8,-296.,1137.5,2628.9,3100.2,2970.8,3036.8,2960.5,2592.2,2385.7,2405.2,2231.9,1908.3,1547.7,1076.6,815.8,-120.1,-2019.4,-2982.8,MI
-358.8,-1109.2,-2219.5,-2725.8,-2330.7,-1789.2,-1633.1,-1888.6,-2730.5,-3077.8,-3370.5,-3406.5,-1325.3,2047.7,3679.2,5403.6,8128.4,8644.4,7364.5,6569.,4840.9,1780.2,-351.9,-1456.,-1760.6,-1283.7,-276.3,463.2,672.2,MI
244.6,244.6,317.8,349.6,233.6,-19.6,-198.2,-627.2,-1794.5,-1974.3,-1351.7,-1287.6,-197.6,2373.1,3908.3,4459.9,4957.,4521.8,3702.5,2882.5,2524.4,2602.2,3024.7,3602.8,3962.3,3883.9,3601.6,3077.4,1838.5,544.8,-360.9,-687.6,H
-503.6,-1191.6,-3009.7,-5117.7,-6667.5,-7239.4,-6860.5,-5562.,-3848.6,-2517.3,-1979.8,-1614.7,-989.9,-550.2,-279.2,-188.2,-158.7,-110.9,51.,230.,265.4,-376.8,-2193.3,-3367.6,S
-3655.4,-4024.7,-3871.7,-2480.7,-1612.,-1025.6,-170.9,274.,519.6,588.6,362.4,-316.6,-821.9,-553.,-231.6,491.9,2191.7,3853.,4153.6,3769.2,2681.6,740.8,-944.3,-1868.6,-1961.,-1424.8,-596.7,-229.6,-105.6,-56.8,MI
238.,97.2,-943.4,-2780.1,-4308.6,-4900.2,-5104.2,-4634.,-3325.1,-2668.2,-2646.,-2579.5,-2420.2,-1963.1,-826.5,-54.2,630.2,1979.3,3134.,4004.7,4385.4,4489.2,3821.2,2309.9,1053.3,536.2,90.7,87.2,910.4,1326.7,1361.8,MI
-1497.6,-1497.6,-2095.3,-3184.8,-3953.,-4319.6,-4409.8,-4066.1,-3090.9,-2123.6,-773.2,241.4,779.4,2060.7,2787.4,3119.9,3469.,3702.2,3538.9,3361.,2229.4,879.2,164.1,-1008.8,-1635.8,-1339.8,-874.6,MI
-2044.,-2026.9,-2120.5,-2231.2,-2432.3,-2262.1,-1343.2,-738.3,-681.,-533.7,-640.7,-1206.9,-1320.,-1121.2,-995.3,-870.1,-902.7,-826.2,-738.2,-586.6,-239.1,251.8,567.2,690.3,854.2,915.2,935.4,S
-1127.,-1584.7,-2381.,-2930.1,-2849.2,-2557.8,-2165.7,-1495.7,-1110.3,-1064.7,-1126.6,-1177.6,-1275.9,-1281.3,-1245.6,-1251.8,-1225.5,-1161.3,-1127.3,-1250.4,-1369.6,S
824.4,1025.8,1326.6,1501.1,1604.7,1633.2,1614.4,1193.7,21.2,-1129.7,-1510.,-1445.5,-826.6,875.,2872.6,3723.,4046.5,4420.6,4210.7,3524.9,3099.6,2781.6,2275.3,1995.5,1834.7,1765.4,1765.4,S
-2742.,-2742.,-2545.8,-2102.2,-1600.2,-1150.5,-955.4,-854.9,-758.1,-1525.,-3371.9,-4455.6,-5412.8,-6528.5,-5614.8,-2704.1,-865.6,947.3,3571.6,4532.6,4299.3,3916.4,3386.8,2590.7,2158.4,1935.7,1878.8,1680.4,1482.,MI
-856.4,-856.4,-909.9,-859.1,-610.1,-772.9,-1080.4,-1562.1,-2723.3,-4507.2,-6359.8,-7108.,-6882.2,-6018.9,-4360.5,-2135.2,-930.8,-132.,1474.3,3732.1,6037.7,6893.,7199.6,7409.4,6547.8,5317.8,4852.6,4284.9,3717.2,H
-1767.4,-1767.4,-1061.1,146.4,776.6,914.7,923.8,898.3,947.9,1151.9,1303.,1325.2,991.5,200.,-85.,336.4,585.,718.2,1079.8,920.4,228.6,-75.4,100.9,430.,703.1,880.8,938.2,972.9,1092.9,1178.2,S
-2753.,-2665.8,-2423.4,-2129.8,-1889.9,-1788.4,-1711.4,-1610.5,-1954.9,-2997.8,-3672.4,-4232.1,-5448.2,-6205.1,-5981.9,-5658.2,-5379.8,-4334.8,-2478.6,-191.9,1005.2,2389.,4509.7,5131.4,4531.5,4046.8,3193.,1594.8,526.6,-361.3,-925.4,-925.4,H
283.8,524.2,947.6,1131.6,1003.5,680.,-233.9,-1416.6,-1833.1,-1786.4,-1357.9,27.1,1579.,2197.5,2220.6,2099.3,2058.9,2098.6,2167.2,2277.,2395.2,2149.1,1629.5,1250.6,1027.,954.4,969.,1053.,1049.8,MI
-771.8,-523.4,-82.4,110.2,348.2,878.6,1336.6,1520.2,1538.2,1640.8,1215.3,-243.5,-1865.9,-2557.6,-3175.7,-3602.8,-2694.7,-1441.,-904.4,-579.6,-61.2,316.8,728.4,955.6,1223.7,1665.5,1943.6,2093.2,2138.4,S
1050.8,1050.8,1302.1,1643.5,1832.6,1905.7,1879.8,1654.6,461.9,-1591.8,-3435.2,-4192.4,-4553.4,-4339.4,-2931.4,-1430.,-761.6,-377.8,285.9,773.4,1107.2,1233.4,1531.8,2027.6,2280.9,2365.4,2394.,2248.2,2030.2,1529.,-104.1,-1308.2,S
1515.4,845.9,-672.4,-2092.2,-2997.1,-3331.,-2872.8,-1731.1,-864.2,-518.3,-355.8,-31.5,607.7,1404.1,2117.5,2349.4,2293.9,2103.,1818.4,1616.2,1563.2,1286.6,250.3,-1151.5,-2218.,-2642.4,-2731.4,-2235.3,-1650.2,S
272.4,467.9,663.4,853.2,1092.6,1125.7,1197.5,1285.8,1377.7,1191.6,192.9,-1327.8,-2127.8,-2800.6,-3552.,-3161.4,-2274.3,-1856.4,-1554.8,-984.7,-453.9,92.,375.6,633.,1140.4,1390.4,S
1669.,1400.8,1132.6,16.3,-2145.4,-3721.7,-4316.6,-4380.6,-3423.9,-1467.4,74.1,940.5,1265.2,1385.7,1948.7,2697.3,3317.1,3630.8,3825.3,3698.8,2765.5,882.1,-389.,-1530.,-3454.2,-4460.5,-3916.6,-3149.6,-2304.3,-1459.,H
2024.,1962.8,933.1,-1124.5,-3062.3,-3911.,-4475.6,-4824.6,-4162.5,-3602.,-3488.,-3658.9,-3824.1,-3033.,-975.3,297.,1884.1,5026.4,6766.5,5650.2,4349.,2793.5,-133.6,-2223.7,-2358.4,-1774.6,-1111.2,-88.,562.4,940.3,1027.6,1027.6,H
1491.,1570.,1709.7,1857.3,1963.3,1982.4,1989.1,1878.5,1257.3,254.9,-243.6,-803.4,-1766.3,-1956.8,-1370.8,-997.4,-425.6,642.5,1562.2,2245.4,2505.2,2529.,2574.9,2444.,2113.2,1935.4,1847.3,1666.7,1480.9,1142.5,897.4,897.4,MI
90.4,166.6,366.3,489.8,605.1,807.6,929.4,809.4,654.8,312.7,-721.3,-2083.1,-2858.9,-2964.8,-2013.7,193.5,2243.9,3345.5,3652.8,3051.7,1759.1,875.7,612.5,541.2,507.9,474.6,MI
206.4,206.4,290.,378.7,-344.4,-2220.2,-3367.8,-4329.4,-5936.3,-6258.5,-5024.1,-4112.8,-3392.6,-2062.2,-1204.2,-914.7,-873.,-558.,-108.9,395.8,1105.4,1444.4,1461.4,1589.4,1361.8,-90.,-1203.2,S
-3255.2,-3255.2,-3774.6,-4396.7,-3904.4,-2732.2,-2155.,-1441.6,138.8,1831.3,3266.,3875.2,4330.5,5029.6,5223.7,4562.6,4281.1,4060.3,2970.7,1924.7,1417.6,480.4,-1695.9,-3848.4,-5252.,-5742.2,-5742.2,H
-598.2,-327.3,214.7,714.5,1137.2,1331.2,1605.1,1905.3,1713.,1040.8,587.2,-79.8,-915.8,-846.6,-188.,232.4,802.5,1467.3,1044.8,374.7,221.8,201.2,306.9,757.5,963.6,845.4,698.6,450.1,405.4,635.2,808.,H
1741.4,1741.4,1731.4,1717.7,1062.7,-604.6,-1620.6,-2436.2,-3947.3,-4906.7,-4793.7,-4416.8,-4311.,-4177.,-3503.6,-1822.4,-786.4,493.7,2779.5,4431.8,5101.1,5123.8,4771.4,4254.4,3800.6,3188.3,2865.2,2751.4,2238.6,778.4,-1182.2,-2081.6,MI
-4144.2,-4144.2,-4287.,-3670.,-2179.6,-634.,181.,540.1,1072.3,1316.7,1223.4,1058.8,1172.1,1437.4,1708.6,1745.8,1663.8,1585.2,1445.8,1030.,-348.5,-1372.,-2112.2,-3282.,-3634.2,-2703.7,-1850.6,MI
66.8,-812.6,-2462.,-3232.,-3815.5,-4438.9,-3954.2,-2516.2,-1602.8,-538.8,1817.5,5299.1,7284.3,8090.7,8736.1,7436.5,4624.6,2747.2,1757.5,486.8,62.8,-793.7,-2875.5,-4264.6,-5457.7,-7423.,-8159.5,-7125.9,-6148.8,H
-4310.6,-5169.6,-6028.6,-6513.5,-6853.2,-5721.9,-3932.8,-3129.8,-2691.8,-2042.5,-1787.6,-1568.7,-1393.4,-1245.8,-648.5,481.7,1625.9,2089.6,2143.1,2294.,2204.9,1727.7,1437.,1567.,1400.9,765.2,223.2,20.8,-59.7,-126.4,47.2,207.,S
707.6,733.3,776.7,601.6,408.8,-47.,-1123.8,-2422.8,-3616.,-4131.2,-4438.9,-4543.,-4020.4,-3202.5,-2703.6,-1975.5,-782.4,56.8,698.7,966.4,1059.5,1189.2,1136.6,341.8,-363.8,-1412.7,-3445.4,-5132.7,-5836.2,H
1452.4,1452.4,1607.,1863.,2094.3,2330.6,2437.,1585.6,-408.7,-2068.7,-2739.6,-2893.4,-1686.7,992.3,3160.3,4059.2,4262.4,4101.4,3649.9,3150.,2776.5,2612.4,2303.2,1859.2,1504.5,653.8,23.,H
1043.,1141.2,1177.6,449.2,-1199.5,-2181.6,-3626.5,-6113.6,-6900.9,-5589.6,-4533.2,-3009.,128.8,2817.2,4703.7,5515.4,6217.2,7132.7,7107.,6240.2,5612.8,4942.9,3264.5,1014.8,-1158.,-2089.6,-2089.6,MI
489.8,489.8,595.4,698.3,228.5,-1124.9,-2011.2,-2792.5,-4158.5,-4604.6,-3705.5,-2945.,-2110.,-505.8,832.8,1789.9,2177.6,2318.4,2458.6,2301.2,1963.2,1782.,1654.1,1408.4,819.3,348.,S
-2909.,-3203.1,-3103.,-2708.8,-2047.4,-1095.5,-858.7,-1139.5,-1366.6,-1088.2,-161.9,1031.7,2141.5,2705.6,2811.7,2036.6,-59.8,-2055.,-2835.,-3398.,-3665.1,-2459.6,-1034.5,-519.,S
-3465.,-3334.7,-3050.8,-2755.1,-2613.,-2515.6,-2509.6,-2946.3,-4159.1,-5026.6,-5397.7,-5393.1,-3726.9,-1174.8,86.8,978.1,2021.3,1362.8,412.6,272.8,111.8,-69.8,163.4,496.5,636.6,697.4,H
-408.6,-893.9,-2261.,-3871.8,-5418.2,-7132.3,-8254.8,-8282.1,-7423.1,-5776.4,-3495.,-846.4,1993.5,4452.8,6079.6,6921.7,6394.,4115.,1091.1,-1538.1,-3524.7,-4271.4,-3511.6,-2311.8,-1800.4,H
3503.,3310.8,2716.4,2027.8,1521.9,1196.9,1293.3,1874.4,2421.1,2498.9,2264.4,2033.3,1777.4,1743.6,2165.8,2420.9,2186.4,1876.7,1429.8,859.4,721.5,974.2,1292.4,1450.,MI
-2484.6,-2226.3,-1825.4,-1500.4,-1088.,-475.9,424.7,1074.,599.3,-1027.6,-2855.6,-4469.3,-5579.8,-5477.5,-4370.7,-3563.9,-3655.1,-4085.5,-4367.3,-4242.1,-3628.5,-2651.8,-1656.2,-1197.2,H
1358.8,1490.3,1689.1,1794.2,1838.3,1824.8,1479.7,597.6,-87.2,-78.5,893.7,3052.5,5174.3,5968.9,5590.1,4087.7,1657.6,-28.,-400.2,-234.8,187.7,726.7,1104.3,1024.7,838.6,MI
1259.,1041.6,-110.1,-1700.1,-2487.,-2757.6,-3200.9,-3255.3,-2513.,-1403.2,-67.2,1815.7,4148.9,5805.8,5960.5,5138.5,4059.1,2930.6,1449.7,-47.3,-601.6,S
-1513.2,-1513.2,-2322.2,-3555.1,-4032.,-3765.1,-3445.2,-3292.1,-3216.9,-2780.8,-1866.4,-1199.3,-488.3,645.2,1814.3,2294.2,2420.8,2851.1,2533.2,1303.6,695.6,151.7,-948.8,-1144.4,-432.1,-80.8,236.5,827.9,1102.,H
