798.6,922.6,1118.4,1242.8,1295.4,1294.4,1006.7,297.2,-532.7,-939.8,-1309.1,-1746.1,-1577.6,-1131.6,-921.8,-741.,-355.2,-32.7,321.6,558.4,743.9,1086.5,1317.1,1337.4,1284.2,1229.5,833.7,-49.9,-592.9,-593.4,-285.2,836.3,2791.7,3756.4,3579.,2993.3,1356.,-819.3,-2145.2,-2347.4,-2257.6,-1920.5,-1278.,-882.8,S
941.6,953.9,966.7,978.1,989.,748.3,124.9,-632.2,-1309.6,-1612.6,-1615.4,-1413.6,-1080.5,-837.2,-722.4,-754.8,-1085.1,-1753.6,-2078.1,-2032.,-1815.4,-665.7,1613.4,3377.5,3795.6,3972.3,3492.6,1595.8,-499.7,-1354.8,-1961.1,-2790.8,-2951.2,-2670.1,-2452.,-2216.3,-1980.6,MI
-759.8,-614.1,-340.3,-212.2,-67.4,231.4,529.9,718.3,762.2,830.,901.3,954.9,1024.3,1043.6,777.9,-578.5,-2580.9,-3810.5,-4128.4,-3935.6,-2459.8,-173.1,988.4,1146.2,1219.9,1090.,817.,923.9,1100.2,1138.6,1190.8,1142.5,998.8,917.2,MI
-965.8,-803.8,-641.8,-474.9,-164.1,118.9,364.,470.,590.2,825.,1012.2,1063.8,1042.8,615.1,-470.8,-1718.5,-2739.1,-3170.2,-3412.2,-3868.2,-4389.1,-5174.2,-5652.4,-5378.2,-4296.,-2048.2,1313.8,3236.,4332.,5896.3,6045.4,4866.4,4006.6,3340.4,2314.5,1594.7,698.5,162.4,-451.9,-1638.1,-2559.7,-2929.,-2948.6,-2760.6,-2379.8,-2004.8,-1580.6,-1338.6,-1108.9,-879.2,H
-579.8,-1043.9,-1508.,-1723.8,-1721.1,-1220.1,-704.6,-506.7,-301.9,70.1,351.8,636.9,807.5,746.8,276.1,-548.8,-1383.5,-1768.2,-1684.4,-1342.7,-939.4,-544.8,-501.2,-626.8,-243.1,696.5,1332.4,1936.7,2686.7,2694.2,2182.,1886.8,1566.9,991.9,798.2,854.1,927.4,H
-3045.,-3045.,-3209.,-3232.8,-2837.,-2374.3,-2167.2,-1924.2,-1436.,-1028.2,-672.2,-478.8,-252.,110.8,303.9,89.4,-182.2,-759.6,-1788.7,-2499.1,-2525.7,-2293.6,-1739.2,-777.1,36.3,308.6,175.2,72.9,25.1,-38.5,-61.1,34.4,91.4,152.6,185.7,458.4,702.2,850.6,1092.6,1299.2,1436.4,1460.6,H
-1014.4,-821.5,-454.1,-279.6,-166.6,110.2,397.5,658.5,796.,928.,1156.5,1320.6,1399.3,1410.4,1296.7,756.5,-323.8,-1338.3,-1699.,-1771.1,-1471.7,-182.5,1322.8,1910.4,2177.,2452.5,2069.9,1400.4,1122.4,1027.2,942.,1103.9,1245.,1234.2,1267.2,1329.9,1314.6,1267.9,1266.2,1266.2,S
-1213.,-1144.,-894.5,-714.,-642.7,-408.7,-169.5,7.3,-143.6,-316.,-665.2,-1150.3,-1311.1,-1423.2,-1431.6,-978.8,-486.1,-209.4,287.,712.6,1225.8,1313.8,686.4,305.2,126.2,-535.5,-839.2,-400.6,-141.,-169.9,-105.9,0.,MI
-42.8,-550.3,-1452.5,-2139.1,-2522.8,-2614.6,-2516.9,-2334.2,-2109.3,-1872.9,-1776.4,-1629.4,-1389.6,-1458.7,-1711.1,-1801.6,-1800.6,-1753.8,-1257.6,-363.,81.2,416.1,980.5,1144.4,901.,723.2,277.9,-524.8,-1056.5,-1343.7,-1456.6,-1288.6,-951.5,-661.7,-541.,S
-49.6,-49.6,81.6,274.7,258.1,-233.5,-646.6,-1176.5,-2465.5,-4014.1,-5318.,-5832.4,-5884.6,-5286.7,-3734.5,-1943.3,-711.3,508.3,1803.4,2224.5,2227.2,1788.9,993.,398.6,200.2,238.6,419.9,656.8,657.3,588.6,575.,575.,S
-862.2,-1372.9,-2308.7,-2803.8,-2687.3,-2500.8,-2324.9,-1964.5,-1503.1,-1013.4,-800.6,-638.5,-384.1,-316.3,-446.5,-552.2,-673.6,-764.,-582.3,16.6,464.8,964.2,1743.3,1952.8,1560.6,1238.6,747.7,-154.6,-675.2,-798.6,-812.8,-785.8,-699.7,-542.8,-450.9,-456.8,MI
-103.8,45.7,338.,625.3,769.8,826.8,918.8,616.6,-147.3,-574.,-1173.,-2242.2,-2301.,-1533.1,-1176.6,-874.6,-427.5,-290.8,-17.8,263.6,515.4,805.8,883.5,616.5,310.4,519.8,1045.2,1372.6,1569.2,1754.4,1712.3,1716.1,1794.2,1745.3,1664.2,H
1351.,1439.4,1369.5,748.5,-202.7,-691.2,-1107.9,-1738.4,-1809.6,-1563.6,-1460.2,-1638.7,-2142.4,-2949.5,-3257.8,-3413.5,-3274.8,-1662.5,804.6,2127.4,3203.5,4706.9,5106.9,4750.6,4523.2,3878.,2476.3,1000.5,-348.6,-978.4,-1308.9,-1510.4,-1311.9,-994.2,-847.6,-642.3,-437.,S
292.,350.6,525.8,642.4,879.5,1289.6,1335.9,517.7,-173.8,-1031.8,-2886.2,-4436.3,-5072.5,-5155.,-4953.3,-4245.3,-3028.8,-1303.,-287.4,648.1,2553.9,4607.9,5891.3,6091.,5781.,4834.6,3087.,1453.2,930.6,809.3,278.7,-681.7,-1770.8,-2308.8,S
763.4,842.1,725.4,202.8,-459.4,-794.4,-1060.6,-1334.4,-1170.4,-855.2,-711.6,-584.2,-332.5,-169.8,-275.1,-418.8,-798.1,-1654.9,-2202.4,-2161.5,-2050.6,-1686.2,-338.,1649.1,3708.3,4764.2,5537.6,6293.6,5726.1,4289.8,3403.6,2598.8,1263.8,371.5,-101.3,-212.,-212.,MI
115.6,-270.6,-759.3,-793.9,-725.4,-586.1,-355.,-145.3,56.1,-44.2,-228.6,-428.2,-990.2,-1587.,-1519.2,-1217.,-721.8,541.1,2071.7,3220.4,3606.2,3650.6,3313.7,2051.2,665.8,-186.5,-1063.6,-1876.9,-2042.4,-1923.6,-1745.1,-1566.6,MI
-153.8,-558.3,-1516.3,-2555.2,-3040.6,-3327.3,-3346.1,-2667.6,-1510.1,-763.2,-647.1,-1278.9,-2025.1,-1941.2,-1859.,-1525.2,-716.7,-631.3,-1295.3,-1570.,-1267.4,-320.3,931.2,1542.2,1546.2,1214.6,348.3,-291.3,-398.9,-401.6,-442.,-482.4,MI
2604.4,2582.4,2358.2,2156.,1745.7,874.2,-110.,-987.6,-1342.2,-1474.2,-1527.6,-1571.7,-1579.7,-1465.,-1197.,-530.9,552.5,1630.1,2022.4,2305.5,2577.8,2342.6,1917.,1715.8,1401.7,743.5,224.3,-32.8,-114.8,-155.1,-524.,-1079.7,-1311.8,-1316.8,-1674.8,-1677.,-1188.1,-1335.7,-1616.4,-1546.9,-1477.4,S
-1210.8,-1109.,-982.9,-925.4,-927.6,-963.,-950.,-893.6,-860.5,-716.,-561.2,-608.2,-848.8,-1327.4,-2039.3,-2466.2,-2860.3,-3174.3,-2682.9,-1822.,-1233.7,-343.7,881.6,1499.7,1643.8,1665.5,1512.9,982.4,276.4,-125.3,-337.6,-504.3,-438.9,-276.4,-133.7,-28.6,24.6,MI
-1245.8,-1796.,-2656.1,-3375.9,-3641.3,-3505.7,-3295.3,-2984.6,-2689.9,-2486.6,-1517.3,204.2,1489.7,2229.6,2667.3,1731.1,10.1,94.9,733.4,1490.2,3092.6,3999.4,2749.,1437.4,111.6,-1627.9,-2155.7,-1930.4,-1591.,-1476.8,-1420.4,-1541.1,-1599.2,-1594.4,MI
1203.,1064.2,925.4,510.4,-349.9,-1187.1,-1742.8,-1906.6,-1777.,-1444.4,-1030.6,-605.4,-391.,-208.8,151.,419.7,542.6,574.4,625.4,702.7,765.,794.3,787.6,732.1,588.9,311.9,-184.,-490.6,-757.2,-1303.9,-1491.8,-758.6,-117.6,101.9,591.3,651.8,31.1,-617.7,-914.5,-934.6,-628.7,-360.3,-121.1,148.5,183.1,187.7,245.,300.2,320.2,329.3,361.1,346.9,363.3,445.5,200.1,-427.3,-800.4,-1123.,-1709.6,-1987.2,-1856.9,-1713.,-1520.6,-1099.1,-691.2,-366.1,-219.8,-122.3,65.,154.8,S
-379.,-264.1,-149.2,-63.5,122.8,318.1,454.8,496.8,580.8,697.2,762.1,862.9,931.2,954.,904.6,624.,137.5,-140.6,-106.2,56.7,585.8,1365.,1743.6,1992.9,2596.1,3142.6,3374.9,3414.6,3427.7,3305.3,3108.,2969.9,2893.6,2682.2,2171.8,1397.1,663.5,405.6,85.4,-323.,-455.,-769.9,-1041.,-1279.5,-1854.5,-2401.9,-2612.8,H
-943.2,-829.3,-654.6,-532.2,-503.4,-536.2,-509.5,-84.4,804.2,1814.3,2334.2,2714.6,3152.2,3017.2,2368.8,2278.1,2684.5,2639.1,2664.9,2777.,2873.4,2638.6,2044.5,834.5,-112.6,-933.1,-1908.1,-2196.8,-1836.5,-1342.,-1097.,-799.6,-633.5,-450.,-380.2,-299.1,-218.,MI
763.4,763.4,727.1,592.8,448.5,473.5,544.8,581.,483.8,10.9,-860.5,-1392.4,-1756.4,-2382.1,-2399.3,-1776.2,-1397.6,-1109.7,-440.4,170.9,644.9,889.,1350.,1553.8,1522.2,1684.8,1621.8,1511.7,2097.4,2634.7,2491.4,2506.6,2048.9,1051.8,182.2,-490.6,-833.2,-910.8,-988.4,S
-1687.,-1500.4,-1176.2,-879.1,-719.6,-596.,-305.8,11.4,279.2,396.4,437.7,519.8,621.5,690.9,699.4,770.2,853.8,859.3,866.4,880.8,538.6,-306.9,-1230.9,-1979.7,-2307.8,-2322.5,-2138.9,-1765.6,-1481.,-1371.4,-1173.3,-1854.6,-3793.,-3801.2,-2750.4,-1387.5,1101.1,3871.3,4943.7,4371.6,3086.,1874.6,1794.5,1566.1,1492.,1673.8,1758.8,1209.4,263.5,-229.8,-634.6,-1300.2,-1581.5,-1487.5,-1373.,-1198.3,-797.3,-407.6,-116.,12.2,133.1,254.,H
-889.4,-889.4,-904.2,-968.2,-1121.8,-1373.9,-1521.6,-1526.4,-1409.7,-1366.8,-1727.2,-2009.,-2356.6,-2900.4,-3030.6,-2644.4,-2324.2,-1992.6,-1446.2,-1168.3,-938.3,-771.4,-473.9,-232.,546.5,2360.5,3340.4,3927.5,4932.4,4901.,3644.,2836.2,2422.4,1831.,1306.4,516.9,74.4,-592.9,-1715.4,-2170.6,H
1223.,1223.,1214.4,924.3,179.1,-685.1,-1085.6,-1438.5,-1912.2,-1938.2,-1689.8,-1536.2,-1405.9,-1241.9,-1255.2,-1290.2,-1278.2,-1222.6,-1017.4,-603.3,-246.6,-154.4,-105.6,65.,312.6,880.7,1323.,1893.2,2782.5,2939.6,2110.7,1443.8,704.1,-611.5,-1342.3,-1299.1,-1101.,-864.5,-384.3,158.8,577.3,696.4,S
-854.8,-718.5,-386.3,-2.,253.5,320.6,396.8,469.9,376.3,331.5,377.2,504.6,738.3,891.6,941.2,943.8,891.3,739.7,597.6,483.1,370.4,23.9,-486.2,-656.,-631.2,-600.2,-274.,218.5,492.4,569.,696.3,813.4,S
-302.2,-264.5,-226.8,-390.7,-893.3,-1570.8,-2432.2,-2954.8,-3039.,-2879.8,-1911.,-188.5,808.6,1586.8,2721.6,3245.2,3094.9,2777.6,2285.3,1773.5,1476.,931.5,665.,412.6,-244.3,-945.9,-1279.8,-1316.6,-1316.6,H
257.,291.5,271.7,217.4,-128.,-818.9,-1478.5,-2019.5,-2246.4,-2161.6,-1912.2,-1689.8,-1855.8,-2079.6,-2507.9,-3230.1,-3651.8,-3392.4,-3005.2,-2175.,-400.9,1044.5,1927.3,2308.6,2670.4,2720.9,2299.2,1925.8,1662.8,1121.7,405.,288.9,481.9,615.4,787.4,1163.2,1367.,H
-31.,-323.3,-920.,-1224.4,-1624.7,-2177.1,-2204.6,-1927.7,-1775.4,-1780.,-2049.7,-2262.1,-2286.8,-2364.2,-1912.2,-661.,-202.6,-1127.4,-1711.4,-2281.2,-3124.3,-3326.8,-2400.1,-1544.2,-1153.8,-820.5,-875.3,-1090.4,-1307.8,-1314.5,-1161.5,-717.4,-241.6,-50.2,H
-520.,-885.4,-1564.7,-1878.6,-2162.9,-2616.1,-2656.7,-2371.7,-2215.,-1960.9,-1270.7,-382.6,308.3,547.2,899.2,1655.4,2309.1,2806.3,3054.,3171.9,3039.,2432.4,1856.4,1636.2,1493.3,1378.4,1571.4,1616.2,1496.,1112.5,294.3,-497.6,-1044.1,-1233.4,S
-696.8,-701.8,-706.8,-573.8,-372.7,-193.1,132.1,345.8,398.5,520.7,338.2,-560.6,-1207.4,-1679.8,-2623.,-2988.6,-1983.9,-1084.4,-431.2,680.1,1255.,1087.5,803.2,555.8,256.5,170.3,108.2,80.4,122.6,238.,373.5,435.8,S
-971.6,-971.6,-720.5,-337.,-211.1,-364.1,-510.6,-701.6,-592.1,247.4,1591.3,2396.2,3245.3,4490.,4974.4,4831.,4598.8,4300.,3511.1,2424.6,1214.6,601.,166.1,-454.4,-535.1,-145.8,138.6,248.3,358.,H
551.8,551.8,613.9,704.4,744.8,786.5,816.2,874.6,907.2,833.4,529.5,273.6,-45.6,-580.,-1041.,-1279.8,-1272.8,-3250.8,-3943.4,-1849.4,-582.7,-124.6,2162.4,3227.,1440.2,741.7,607.6,623.6,817.,1128.2,1228.5,1195.,1148.9,1100.2,1029.9,894.1,826.,745.6,415.8,-156.7,-691.1,-902.4,-969.8,-845.5,-653.8,MI
1001.6,1022.1,979.2,915.8,624.4,-34.2,-734.5,-1595.5,-2123.4,-2178.,-2279.,-2197.5,-1664.3,-1259.,-1022.8,-422.,52.4,460.5,758.8,1267.8,1908.5,2071.8,1617.2,1131.,442.3,-527.6,-801.6,-518.8,-243.2,-276.8,-571.,-831.6,H
-3426.4,-3681.2,-4041.4,-3581.5,-2433.2,-1129.7,390.9,1463.5,1270.4,99.,-1539.8,-3282.2,-3750.1,-2838.8,-1618.9,-260.5,1032.9,1228.3,-178.4,-1628.7,-2966.5,-3967.,-2880.6,79.2,2868.4,4809.3,5576.9,4257.2,2352.6,902.1,206.,375.6,537.2,MI
-1727.8,-1576.3,-1318.9,-1119.9,-1064.7,-1276.3,-1445.9,-1141.7,-410.3,747.4,2217.7,3425.1,3961.8,3776.1,2883.8,1684.7,678.4,-173.5,-731.7,-663.8,-192.4,264.,463.8,S
-1413.2,-1179.2,-807.9,-482.,-133.2,228.5,636.,692.,-392.8,-1783.,-2520.8,-2693.,-2192.5,-543.2,1098.3,1618.3,1383.8,836.5,410.6,367.2,734.6,894.8,MI
-323.4,-199.4,56.7,260.8,404.2,488.8,553.4,642.5,981.7,1370.4,1280.9,714.5,-4.4,-910.9,-1797.3,-2001.5,-1658.5,-1038.2,-510.6,-545.5,-891.9,-1095.4,-1381.3,-1548.3,-1228.7,-878.5,-688.7,-578.2,-618.6,-691.8,MI
-395.2,-359.5,-216.6,-38.9,36.1,-109.7,-964.1,-2504.9,-3471.6,-3240.7,-1942.7,437.6,2794.7,3782.,3607.2,2611.4,1040.1,113.6,42.7,26.9,-56.,-91.2,H
-952.,-1319.5,-1930.3,-2155.8,-2331.3,-2523.2,-2863.6,-3329.1,-3237.1,-2789.8,-1639.3,279.4,1906.8,2465.6,2558.2,2274.4,1663.2,1460.9,1451.2,1477.8,H
434.8,640.1,984.7,1267.4,1423.9,1184.2,368.,-966.1,-2777.4,-3820.2,-4001.9,-4007.6,-3722.2,-3621.8,-3559.3,-2784.7,-1798.4,-700.5,1155.5,1970.9,1279.6,622.1,-17.9,-960.,-1456.4,S
-1369.,-1910.,-2767.,-3363.5,-3456.9,-3395.7,-3226.9,-2733.8,-1662.6,-101.1,1543.8,3030.,3695.6,3696.,3213.1,2676.6,2243.5,1984.4,1910.3,1851.,MI
-147.,-147.,-173.6,-539.1,-1280.9,-2186.6,-2689.4,-2948.7,-3249.,-3045.1,-2283.1,-1766.,-1473.1,-836.7,-313.5,-118.4,-103.,-100.,-97.,MI
-1491.4,-1248.7,-849.8,-693.6,-545.5,-312.,-158.9,17.8,126.8,189.,302.4,137.8,-576.4,-1074.8,-1257.3,-709.3,1118.1,2634.7,3897.,5330.6,5243.5,3805.5,3045.6,2370.7,1346.7,885.7,638.7,503.6,355.3,207.,S
59.,59.,211.3,465.3,542.1,321.5,125.8,-218.9,-902.3,-1769.6,-2629.1,-2960.,-3034.8,-2907.3,-1915.5,-312.4,501.2,959.9,1694.3,1658.5,962.1,577.2,568.5,483.8,698.9,1146.1,1302.2,1363.6,1527.4,1604.6,1418.9,1258.4,736.4,214.4,MI
-2014.2,-2014.2,-1905.8,-1682.6,-1390.2,-980.9,-762.5,-688.7,-737.,-1022.9,-1173.4,-1143.3,-637.3,922.9,2629.8,3252.4,3633.1,3889.3,2826.9,1204.4,519.8,-143.9,-1298.1,-1929.1,-1954.3,-1839.,-1704.6,-1449.,-1108.9,-890.,S
-1458.4,-1378.9,-1299.4,-1164.9,-902.3,-620.5,-324.9,-183.,-214.9,-646.7,-1538.,-1164.2,-299.,988.4,3900.9,6963.4,7917.4,7434.,6013.2,3478.6,1303.9,-412.3,-1067.6,-1212.,-1896.4,-2611.7,-2791.4,-2795.8,-2556.8,-2032.9,-1488.7,-1229.4,H
-1766.6,-1889.9,-1994.2,-1592.,-682.9,-157.,503.3,1894.3,3154.2,3954.1,4224.8,4177.2,3749.6,2703.3,1346.3,655.6,94.4,-922.,-1771.8,-2166.4,S
-2169.4,-1941.,-1635.,-1893.7,-2230.,-2333.9,-2289.4,-1818.5,-635.1,225.8,803.,1606.9,1834.3,1654.9,1474.8,1260.4,692.1,-240.4,-1387.3,-1955.6,-2400.4,-3086.8,-3147.3,-2966.2,S
-1908.6,-1782.4,-1557.6,-1379.6,-1296.,-1291.8,-1678.2,-2168.1,-1693.3,-585.9,-56.8,691.7,1786.9,1767.,1278.4,1156.4,1098.5,868.6,483.4,15.,-240.2,-524.9,-782.4,-599.9,-297.9,-151.2,-151.2,MI
-1147.2,-960.5,-773.8,-673.3,-488.3,-530.,-720.,-783.8,-959.4,-973.1,-638.6,-243.3,-20.6,441.7,462.1,-526.2,-1823.8,-2575.,-3336.5,-4130.5,-3968.8,-3554.3,-3334.,-3151.4,-2824.5,-2464.2,-1835.3,-1268.7,-632.7,-150.4,S
-540.6,-411.8,-283.,-243.7,-229.5,-252.1,-442.,-634.4,-999.1,-1663.7,-2327.3,-2898.5,-3106.,-3146.5,-3273.3,-3535.2,-3598.5,-3486.2,-3192.6,-2430.1,-1252.5,152.9,849.6,1080.1,1300.6,1218.6,888.7,630.8,606.7,582.9,583.2,S
-122.,-12.2,182.7,351.6,471.6,507.8,539.1,636.9,751.5,722.3,645.,-13.9,-1287.3,-1985.5,-1692.9,-1316.6,-533.5,1108.8,2268.3,2469.1,2369.6,2128.7,1622.8,1085.8,538.3,255.9,244.7,98.5,-152.1,-238.4,-216.,H
1021.6,1021.6,1117.8,1274.9,1381.5,1251.1,1075.,673.8,-124.8,-875.7,-1378.6,-1528.,-1444.5,-1287.2,-1094.5,-571.2,-166.8,306.5,1406.7,2469.9,2798.3,2690.4,2485.,1976.3,1590.5,1478.7,1449.4,1523.4,1589.3,1058.7,536.2,MI
-272.2,-807.,-1758.8,-2175.8,-2581.5,-2848.5,-2056.,-662.1,78.,946.,2214.4,2749.4,2672.4,2460.8,2179.,1690.5,1247.8,867.5,723.2,365.3,-343.2,-1101.9,-1758.6,-2007.2,-2021.3,-2035.4,H
-1328.2,-1150.5,-828.7,-512.1,-195.4,-51.2,40.4,153.4,-96.1,-207.4,-47.8,166.9,840.9,1683.9,2543.2,3018.8,3340.8,3305.2,3357.,3223.8,2681.2,2022.7,1109.6,470.1,423.4,761.6,1149.4,2098.3,2802.7,2780.4,2614.8,H
0.8,70.5,100.6,-163.5,-863.3,-1338.6,-1856.8,-2249.8,-1451.7,-341.4,420.9,1489.7,2331.6,2267.4,2105.2,2012.1,1696.9,1356.9,964.7,690.4,431.3,30.5,-300.6,-619.9,-749.8,-749.8,S
-973.4,-973.4,-805.5,-539.7,-376.9,-244.6,-177.2,-66.,42.8,99.1,185.2,212.6,420.6,563.2,512.4,512.9,498.8,71.9,-402.7,-612.9,-896.,-1016.6,-1044.3,-1024.3,-888.3,-612.5,-425.,-140.1,144.8,MI
-8.6,88.1,307.2,484.,538.4,452.2,111.7,-545.6,-1118.1,-1137.7,-935.5,-471.5,555.,1786.5,2253.3,2639.9,3157.7,2743.1,1832.9,1318.6,769.,39.6,-27.1,176.3,266.6,363.3,460.,MI
-1925.,-1742.1,-1414.2,-1256.8,-1231.8,-1230.9,-1135.,-895.7,-580.5,-287.3,-175.4,-173.2,-254.7,-173.,259.6,950.6,1372.2,1603.2,1565.1,927.9,-37.1,-634.,-1001.8,-1494.2,-1823.6,-2125.2,-2222.,-2156.5,-2025.6,-1812.4,-1565.3,-1466.,S
686.6,771.1,855.6,885.6,949.,969.4,756.1,555.8,696.,835.4,387.9,-564.9,-1071.,-2069.2,-3826.3,-4974.2,-5188.2,-5013.2,-4633.6,-4057.7,-2073.4,850.,1985.4,3019.3,4724.1,4664.,3219.1,2505.2,1890.7,912.6,214.2,-120.6,H
1794.4,1765.7,1765.8,1685.3,1433.,1290.,975.6,259.1,-460.3,-985.5,-1193.4,-1246.6,-1451.4,-1430.4,-884.7,-511.6,-443.4,333.4,1624.3,2426.7,2646.8,2927.3,3125.2,2723.1,2165.6,1927.6,2023.1,2048.,1977.4,MI
308.2,257.,-131.4,-840.8,-1498.1,-1783.2,-1886.,-1882.6,-1537.4,-1457.1,-1615.8,-2243.,-3003.3,-3102.5,-2198.3,-1328.,-105.4,2134.1,4084.,5079.6,5142.2,5105.3,4607.3,3183.4,1242.,263.4,-595.2,-2086.6,-3021.9,-3219.9,-3115.4,-3115.4,H
-2198.4,-2198.4,-2118.3,-1981.5,-1971.1,-1904.5,-1791.6,-1889.8,-2093.9,-2322.4,-2545.3,-2645.6,-2436.,-1886.4,-1107.6,-512.5,-356.2,-314.6,535.3,379.,-504.2,-422.8,-271.1,-1070.,-1656.9,-1991.2,-2689.2,-2729.,-2509.7,-1599.8,-95.3,758.4,1053.8,1679.2,2019.,1843.8,1658.8,H
-1602.8,-1427.4,-1252.,-1071.5,-726.9,-395.5,-713.2,-1198.2,-2033.5,-2293.2,-953.7,660.5,1510.8,2311.5,2743.3,1086.9,-806.8,-1413.,-1729.3,-2287.8,-2260.2,-1548.1,-1105.8,-25.8,1738.,3211.6,4463.7,4926.,4926.,H
-703.,-1186.3,-1669.6,-2644.2,-2895.2,-1413.6,743.2,2142.,3599.8,5155.1,5056.5,4470.3,4080.2,3411.4,1762.3,7.9,-1206.2,-1646.2,-1345.1,-674.1,-304.2,S
-1129.,-1509.6,-2288.5,-3026.6,-3366.4,-3572.3,-3742.,-3536.9,-3229.9,-3091.8,-3092.4,-3230.7,-3851.5,-3775.4,-3216.2,-2381.1,-508.8,1683.5,3117.9,3397.2,3585.3,3095.4,2278.3,2011.6,1884.,1504.,1291.3,1379.6,892.7,484.8,484.8,S
-572.4,-430.9,-353.6,-417.8,-931.4,-1437.,-1522.3,-1435.4,-1255.2,-1127.2,-991.7,-821.5,-562.1,-465.4,-269.,85.7,434.2,728.3,832.2,947.9,1063.7,670.5,-402.4,-1082.,-1220.4,-645.,806.,2308.8,3074.4,2760.7,1153.9,-634.4,-1274.6,-1419.6,-859.4,375.7,1205.3,1431.3,1502.6,1457.7,1462.1,1511.4,S
-68.8,99.5,355.4,443.,541.7,742.5,826.5,880.3,952.2,874.3,723.3,393.5,-102.9,-342.6,-855.4,-1842.8,-2800.3,-3452.7,-3622.2,-2953.5,-1628.9,-57.5,1354.4,1850.8,1742.3,1633.8,S
-3043.4,-3043.4,-2876.7,-2551.4,-2201.2,-1828.3,-1647.,-1506.6,-1269.3,-1172.9,-998.8,-824.2,-1005.7,-1441.1,-2017.6,-3589.6,-4839.,-5872.8,-6056.6,-4187.9,-1175.,819.2,2589.4,3397.8,2340.6,1724.,1202.8,1187.6,1885.8,2373.1,2224.1,2301.2,2163.2,2065.4,2199.5,2008.7,1724.,H
266.8,391.2,515.6,547.4,650.3,740.2,798.2,837.4,909.3,977.,995.9,911.6,804.2,-1096.2,-3487.9,-3424.7,-2300.9,-1731.6,161.7,2364.,1851.2,361.3,-306.8,-335.8,-214.3,119.4,389.6,476.6,409.6,316.7,354.,425.2,433.2,485.7,567.8,596.1,594.8,H
716.,968.9,1221.8,1383.2,1739.7,2078.5,2271.9,2321.6,2415.,2500.3,2158.4,1254.9,685.2,268.1,-536.5,-962.2,-751.,-501.6,-274.4,79.6,225.5,70.5,-143.5,-276.3,41.,970.1,2275.1,3101.1,3352.8,2755.4,1855.4,1433.6,1102.6,1132.5,1581.6,1394.4,336.6,-114.8,-427.7,-793.8,-673.4,-270.,-40.2,-40.2,MI
1201.4,1190.9,866.,132.5,-513.3,-740.,-928.3,-1071.4,-850.6,-851.7,-1028.4,-1673.3,-2536.4,-2983.,-3050.1,-2888.8,-2087.9,-324.2,2005.,4292.,5212.6,5952.1,6497.1,5190.9,3151.6,2224.,1389.,27.9,-498.2,MI
689.2,361.4,-332.,-909.2,-1181.1,-1241.4,-1140.1,-835.7,-496.2,-194.4,-29.,110.1,326.,500.7,661.3,724.,825.8,934.3,929.7,-522.5,-1963.4,-1298.,-126.,331.6,1621.9,2961.2,2082.6,384.5,-740.,-1130.,-1215.,-1120.3,-716.6,-99.2,382.4,555.6,595.5,656.2,745.7,789.5,764.6,769.,773.4,MI
-1154.6,-988.5,-595.1,-228.1,-73.3,16.5,166.6,224.5,-180.2,-582.5,-360.4,308.2,811.8,1271.2,1746.8,1364.6,-458.2,-2645.6,-3480.8,-3372.6,-3706.8,-3777.8,-2911.1,-2415.8,-2466.1,-1583.2,-650.,MI
-2002.2,-1861.1,-1605.,-1396.5,-1242.7,-1182.4,-1269.2,-1875.2,-2495.9,-2213.3,-1829.2,-1709.3,-856.9,421.2,868.8,770.8,753.7,393.8,-337.3,-969.5,-1213.4,-1244.3,-1201.7,-1128.2,H
289.8,339.9,430.3,380.,289.4,-43.6,-874.5,-1743.5,-2389.,-2663.4,-2617.2,-2310.6,-1831.8,-1441.2,-1269.,-1130.7,-802.5,-502.4,-1373.6,-2355.,-1861.9,-148.,1335.4,2820.2,4042.4,3849.5,2276.5,169.5,-1199.6,-1841.8,-2308.1,-2829.2,-2790.,-2483.4,-2270.8,-2103.4,-1818.4,-1452.2,-1003.9,-804.2,-732.8,-661.4,S
-145.4,-10.1,125.2,271.7,519.1,635.6,688.2,725.2,692.6,425.9,-127.7,-815.8,-1184.4,-1454.6,-1752.8,-1938.6,-2192.6,-2288.8,-2692.3,-2990.4,-2637.8,-2648.,-2905.4,-2329.7,-1460.3,-676.4,626.,1438.2,1661.1,1957.3,1923.,1583.2,1351.,1003.2,655.4,MI
-1322.4,-980.7,-303.7,211.7,577.3,762.8,843.6,911.,330.3,-658.8,-1080.6,-1133.7,-1313.9,-1283.1,-1065.4,-1005.6,-1573.2,-2830.9,-3956.4,-3772.,-3152.2,-2610.5,-1189.,330.,692.2,415.2,653.4,1139.7,1822.3,2112.2,2218.2,2487.7,2472.,2437.4,H
-2657.6,-2562.8,-2317.1,-2166.2,-2012.4,-1713.8,-1461.5,-1332.7,-1311.4,-1221.7,-1117.3,-1185.6,-1652.6,-2036.6,-2570.1,-3373.3,-3573.2,-2991.2,-2479.,-1606.2,8.,1231.6,1700.8,1687.8,1038.6,14.8,-737.1,-1077.4,-1067.4,-775.1,-437.9,-359.4,-298.8,-176.6,-54.4,MI
-779.4,-633.,-421.8,-293.,-229.,-232.2,-204.8,-375.,-1207.,-1838.2,-2505.6,-3810.2,-4695.3,-4720.,-4496.8,-4062.,-3128.7,-2304.2,-2305.9,-2633.6,-1974.7,-528.4,752.4,2416.4,3587.,3385.5,2816.5,2446.8,2424.1,2403.6,2405.4,2069.6,1251.2,243.1,-284.2,-752.2,-1220.2,H
-126.4,62.4,346.6,518.6,623.,650.8,369.4,-375.2,-876.,-221.1,471.4,1439.9,3499.6,5014.,4758.9,4080.6,3361.9,1980.2,824.8,267.5,202.6,188.5,101.1,-111.3,-407.,-563.6,-563.6,H
2118.2,2443.3,2768.4,2984.1,2937.3,2143.5,995.2,378.2,-39.9,-335.9,65.1,552.3,760.6,874.4,622.5,-497.8,-1347.4,-1442.4,-1429.7,-1099.5,425.4,1579.1,2382.5,4096.3,5938.4,7175.2,7426.6,6842.2,4951.5,2550.9,556.9,-342.8,-670.3,-699.1,-234.,86.8,241.2,521.4,975.3,1149.,MI
-2893.4,-2897.,-2875.7,-2850.8,-2598.8,-1979.1,-1418.3,-1293.1,-1361.,-1952.6,-2540.5,-2289.1,-1956.7,-1872.,-1808.,-2522.4,-4246.2,-5052.3,-4913.,-5010.6,-4872.2,-4195.5,-3666.1,-3577.4,-2732.9,-1260.3,-191.1,759.9,1269.8,MI
-86.,-86.,-164.8,-502.7,-995.4,-1406.2,-1583.4,-1653.6,-1633.3,-1391.6,-1158.8,-1077.2,-1068.6,-1317.8,-2230.7,-2895.5,-2905.2,-2956.1,-2119.3,-104.1,1491.7,1960.,2708.4,3652.3,4157.5,4475.5,4483.8,4061.5,2877.3,1359.6,139.9,-324.,-431.2,-380.4,-187.8,-153.2,H
399.,139.2,-531.,-1296.1,-1650.8,-1991.2,-2384.4,-2258.1,-1881.8,-1684.6,-1485.,-1163.8,-1351.2,-2310.3,-2960.4,-2711.9,-2359.6,-1924.1,-1047.7,-503.,-501.5,-247.,511.4,1223.7,1430.6,1341.8,1078.9,600.7,342.7,388.8,446.2,503.6,S
-861.6,-642.3,-219.9,-16.8,120.2,380.3,524.2,565.2,585.4,542.2,121.,-694.,-1528.7,-1926.4,-2251.3,-2582.3,-2678.8,-3148.4,-3527.6,-2836.8,-1559.7,-231.7,1553.6,2597.2,2455.2,2311.4,2221.4,2178.3,2223.4,2524.3,3147.1,3538.6,3292.8,2977.4,2183.2,330.5,-1411.7,-2609.,-3122.6,-3305.3,-3360.6,-3233.2,MI
-998.6,-1455.4,-2304.3,-3090.4,-3540.5,-3596.6,-3489.2,-3510.1,-3567.,-3566.8,-3638.,-3480.9,-2789.9,-1970.7,-1172.7,-660.,-1116.9,-1883.3,-1202.2,-276.3,432.7,2438.6,4068.7,3656.9,2959.1,2297.3,1226.6,1214.9,1500.2,MI
-407.2,-407.2,-382.8,-331.8,-512.3,-1180.,-1640.6,-2135.5,-3254.6,-4007.6,-3452.2,-2768.,-2168.2,-726.5,519.4,598.9,274.4,132.5,-253.,-562.9,-619.3,-609.4,-629.2,-732.,-765.3,-659.9,-604.2,-715.7,-827.2,MI
218.4,-119.,-883.9,-1660.8,-2088.4,-2166.6,-2004.1,-1682.6,-1397.2,-1353.,-1435.2,-2463.4,-3469.3,-2350.,-484.8,283.4,2673.4,5863.3,5815.,4976.3,4985.8,4642.7,4106.3,3687.9,2848.6,2234.4,1167.7,-586.5,-1377.8,-1436.9,-1392.2,-1392.2,S
-1020.6,-878.2,-625.6,-399.8,-235.8,-187.4,-152.5,-152.6,-188.2,-181.9,-175.,-844.8,-2780.7,-4236.5,-4035.8,-3645.4,-2618.9,-156.9,1757.,2071.3,1907.2,1741.8,1515.8,1231.8,896.9,785.4,S
-88.2,-33.4,153.9,85.6,-566.7,-1018.2,-1446.1,-2250.,-2789.,-2780.6,-2609.2,-2390.3,-1976.5,-1578.2,-1772.6,-2170.4,-2488.7,-1755.8,-579.7,-293.9,-133.,519.6,-113.7,-630.9,1172.,2206.2,2434.2,3101.5,2873.5,1710.7,1215.2,856.4,438.8,616.1,1348.3,1844.4,1844.4,S
-2553.2,-2917.5,-3299.1,-3117.2,-2673.1,-2428.2,-2455.9,-2449.7,-1636.5,-731.3,-605.4,-90.9,566.,-56.8,-551.3,-280.6,-255.6,292.3,1214.5,1219.,824.2,278.8,-894.2,-1807.9,-2119.4,-2144.8,-1976.7,-1785.6,-1762.6,MI
-17.2,61.,190.5,241.8,293.7,353.8,309.1,432.8,609.4,619.9,597.5,134.8,-832.3,-1369.6,-1683.2,-2241.4,-2303.5,-2054.3,-1987.6,-1904.,-1657.6,-1223.1,-700.9,-450.4,-121.8,343.2,736.6,465.8,-62.,-1548.9,-3619.5,-4590.4,-4384.8,-3792.,-2471.6,-522.3,217.3,219.2,110.4,57.7,-160.6,-398.6,-753.4,-1035.8,-973.3,-764.7,-618.6,H
64.2,111.2,-13.7,-638.9,-1127.7,-1594.,-2452.5,-3095.2,-3212.4,-3114.6,-2953.9,-2579.,-2312.2,-2176.2,-2414.9,-2466.9,-2050.4,-2107.5,-2196.1,-1359.5,-637.8,-142.5,1301.2,2814.4,2979.6,2726.5,2329.,1163.3,-21.5,-584.6,-995.6,-1619.9,-1861.2,-1895.6,-1902.,S
-758.4,-420.,36.5,210.6,266.6,300.,494.7,880.,1090.,1076.,749.4,-22.2,-1587.,-3306.2,-3905.6,-4798.9,-5833.1,-4911.7,-2781.8,-1714.2,-228.4,1953.3,2722.6,2552.,2308.,2222.4,2006.9,1807.5,1854.3,1970.6,2031.7,2092.8,H
-2040.,-1767.4,-1494.8,-1302.1,-898.6,-512.,-201.,-65.8,93.1,332.1,425.6,420.3,401.6,-116.3,-691.3,-186.9,654.2,933.8,1720.4,2514.8,2017.9,1946.8,2380.4,2490.4,2747.9,2679.9,1670.,875.6,385.3,-257.2,-213.2,-17.,MI
-1430.2,-1254.5,-1078.8,-919.,-641.3,-413.5,-157.7,-11.8,127.6,375.,556.3,659.6,689.6,757.8,312.1,228.3,929.9,1201.4,689.7,440.1,47.5,-1239.6,-1872.,-1718.8,-1460.7,-1279.1,-1007.,-811.6,-622.6,-329.9,-115.6,144.8,294.6,420.3,611.8,667.6,695.4,733.2,777.5,821.8,S
1224.6,1271.6,1350.7,1118.6,854.4,224.9,-1181.6,-2487.,-3382.4,-3749.4,-3353.6,-2124.,-595.,794.2,1488.2,1873.9,2060.8,1623.2,1268.,1151.6,973.9,896.3,1043.,1089.6,S
-2487.2,-2367.2,-1980.1,-1476.,-965.2,-712.2,-594.8,-373.,-440.7,-592.,-756.2,-493.6,347.6,1290.3,1818.6,2256.,2535.4,2139.7,1764.2,1626.4,1413.6,683.6,-316.1,-1214.6,-1630.6,S
-493.4,-494.1,-326.3,-66.9,-584.2,-1192.4,-2069.9,-3599.5,-4568.3,-4336.8,-3788.6,-2430.8,205.5,2412.8,4311.6,5281.6,5080.7,4041.2,2570.,1229.2,521.,S
454.6,488.8,538.8,576.5,241.,-116.4,-688.4,-1684.1,-2479.5,-2791.4,-2731.6,-2473.2,-1639.4,-610.4,162.,480.8,664.3,693.8,262.8,-152.3,-290.4,-662.8,-965.1,-457.1,671.,1361.2,2010.9,2159.1,349.5,-2481.,-4003.4,-4712.3,-5642.,-5434.6,-4333.,-3659.6,-3270.2,-2179.4,-998.5,-519.,H
-2702.4,-2702.4,-2997.6,-3396.6,-3389.6,-3067.1,-2855.4,-2720.2,-2397.6,-1922.8,-1547.2,-1459.,-1596.1,-2017.6,-2581.9,-2902.4,-2943.,-2281.6,-279.5,1141.5,959.8,697.8,-491.9,-3150.,-4908.9,-4939.9,-4680.4,-3891.5,-2717.6,-2332.6,H
930.,901.8,468.4,63.2,-358.3,-1136.5,-1933.3,-1769.,-1164.6,-986.5,-1019.4,-1132.1,-1454.3,-1874.8,-1420.4,-504.,232.,327.2,148.4,-422.3,-1125.4,-1170.8,-795.8,-507.8,-223.1,225.2,314.4,-19.1,-278.2,-653.4,-1266.8,-1738.2,-1872.9,-1774.4,MI
-2536.2,-2943.3,-3170.7,-3165.1,-3216.6,-3094.,-2943.8,-2550.6,-1156.8,529.7,1065.4,1851.5,2708.7,2558.6,2236.7,2136.,1808.8,1639.,1802.1,1678.,1548.2,1548.2,MI
708.,772.,884.4,932.8,847.3,299.5,-733.9,-1939.2,-2573.4,-2755.9,-2586.8,-1543.3,139.,1129.4,1670.5,2432.3,2403.7,1777.3,1400.2,1154.9,810.3,860.6,928.2,846.2,S
265.8,458.7,674.1,696.6,371.9,-283.5,-935.2,-1235.4,-1214.6,-858.8,647.,3368.4,5985.8,7031.8,7741.6,8164.,7216.7,5411.2,4265.6,3048.7,1314.4,83.,-652.4,-673.8,-596.8,-753.6,-1031.3,-1057.2,-1039.2,H
236.,236.,391.8,547.6,210.2,-830.4,-1533.6,-2282.9,-2895.1,-2676.5,-1996.8,-1398.6,-787.6,-411.7,-562.7,-866.9,-1255.2,-1335.5,-1380.3,-1146.,-402.9,141.4,360.1,825.,1080.2,824.1,559.,140.9,-760.3,-1528.6,-1967.5,-2121.2,H
931.,931.,943.8,956.6,1003.,1090.7,1132.,944.6,412.3,-822.4,-1909.,-2105.8,-2240.1,-1971.9,-1041.4,-454.5,-129.3,886.5,1915.2,2741.8,3289.2,3011.,2138.8,1224.1,740.2,577.,667.2,779.4,788.4,700.6,625.8,625.8,MI
-2081.2,-2388.9,-2676.4,-2656.2,-2397.,-1931.3,-1554.7,-1168.8,-953.,-744.3,-401.2,-131.4,104.6,205.2,264.1,393.8,-2045.5,-6309.3,-8063.,-6844.1,-3770.2,1352.4,6799.5,8979.,7806.2,4670.6,1619.9,-293.7,-1119.4,-1387.3,-1678.5,-1530.9,-1104.9,-849.8,-718.9,-508.7,-291.7,20.2,194.4,382.7,684.4,906.2,1071.2,1127.8,1151.8,1227.6,1279.4,MI
196.,342.,488.,633.6,912.9,1074.7,1127.4,1378.1,1452.2,1350.9,1346.1,819.,121.3,-492.3,-1426.5,-2231.5,-2377.9,-2266.,-1983.6,-3618.7,-8591.5,-12165.,-12683.2,-9529.5,-2290.,5894.7,11350.5,12707.4,9803.7,5031.,2497.8,1504.7,1175.8,1342.1,1668.9,1486.,431.5,-279.6,-908.2,-1930.6,-2456.2,-2419.7,-2251.4,-2251.4,H
883.4,883.4,952.9,1126.5,1237.5,1333.9,1423.4,1225.9,331.7,-843.7,-1405.6,-1488.8,-897.4,370.9,1881.7,3101.6,3487.6,3527.9,4014.3,4437.8,4297.5,4179.8,3948.8,3447.1,2949.3,2722.2,S
-46.4,123.1,422.6,552.6,682.,874.,1013.8,1176.5,1262.,1331.7,1207.5,401.2,-766.8,-1322.4,-1872.4,-2944.9,-3789.6,-4365.6,-4619.4,-4001.,-2207.7,553.,3796.4,5454.,5753.8,5804.7,5453.,4697.,4043.8,4197.9,4267.1,3540.5,2473.5,2048.2,933.4,-885.4,-2066.4,-2913.2,-3283.,-3283.,H
-750.4,-634.1,-430.2,-277.7,-53.3,106.2,170.9,-37.4,-819.1,-1811.,-2294.2,-2650.4,-3118.9,-3122.1,-2548.6,-2084.2,-2034.7,-1594.5,-1068.4,-1117.4,-1301.8,-644.8,336.4,1130.5,1906.1,2211.8,1618.3,949.7,1741.2,2895.7,3183.6,3387.1,2991.2,1031.5,-991.4,-1654.,-1835.5,-1745.6,-1180.7,-628.7,-370.2,61.8,787.2,1262.1,1443.6,H
1723.,1224.4,238.8,-766.3,-1587.1,-1889.8,-1936.8,-1981.3,-1843.3,-1444.8,-1214.8,-839.7,-43.8,700.2,1056.4,1590.3,2328.9,2476.3,2495.4,2770.,2467.3,1772.8,1555.4,794.9,-140.,-847.2,-2105.4,-3413.5,-4022.9,-4073.4,-3861.8,-3368.1,-3086.,MI
1750.4,1866.5,2175.7,2368.8,2438.1,2493.3,2260.6,1232.3,422.6,-584.2,-1740.4,-2192.2,-2953.8,-3413.,-2650.8,-1770.,-947.2,706.5,1656.,1980.2,2469.8,2354.8,2142.,2209.6,2126.3,2003.9,2203.9,2676.5,2910.,S
-1558.4,-1663.3,-1593.8,-1273.7,-976.2,-824.4,-626.,-172.1,273.4,590.2,717.,787.7,707.4,659.5,1075.,1387.4,1755.1,2575.4,2550.9,1198.9,324.,-640.3,-2499.4,-3651.3,-3917.5,-3926.6,-3722.8,-3322.6,-2860.9,-2226.5,-1857.4,-1857.4,S
-2846.2,-2846.2,-2651.7,-2221.6,-1854.,-1581.,-1440.,-1378.8,-1251.3,-1151.4,-1266.8,-1415.8,-1635.,-1634.8,-1098.1,-502.2,-32.7,993.7,1796.7,1642.2,1520.2,1535.7,1092.4,749.5,931.5,967.4,730.8,415.6,79.1,-339.,-624.2,-719.,-691.4,-663.8,H
-3405.4,-3562.1,-3648.4,-3180.5,-2215.5,-1648.,-958.8,264.4,761.6,1031.7,1338.6,1958.4,2767.7,3461.3,2758.6,1551.8,1025.9,323.3,315.4,1164.4,1844.6,847.2,-962.2,-2590.7,-3298.5,-3189.8,-2458.6,-1076.6,101.2,1018.6,1409.,1409.,H
166.,230.4,394.1,589.9,686.4,736.7,824.8,895.5,1010.9,1093.4,1196.,1328.5,1336.5,1296.3,1278.,1199.9,1137.,959.7,347.9,-71.4,-589.3,-1958.1,-2999.2,-3751.4,-4313.4,-4813.7,-4787.3,-4064.5,-2961.,-2053.6,-959.8,274.,432.,352.2,254.4,24.8,-245.4,-209.9,42.5,218.8,218.8,MI
-345.2,-193.,-40.8,75.5,242.3,135.7,-699.2,-1377.,-1913.3,-2407.2,-1986.1,-328.7,950.,2317.1,4189.4,4689.4,4047.6,3570.8,2877.2,1477.3,747.3,622.7,521.8,397.,481.1,519.2,508.2,H
-1284.2,-1284.2,-1151.6,-872.5,-610.2,-406.7,-319.,-95.7,242.4,101.6,-493.8,-833.6,-1093.,-1006.6,149.1,1768.7,2578.4,2796.2,2359.2,900.7,-655.9,-1408.8,-1687.9,-1773.1,-1323.1,-848.7,-630.4,-407.2,-184.,MI
842.6,366.8,-451.9,-1013.8,-1232.8,-1173.3,-902.1,-637.2,-806.5,-1029.,-1383.8,-1880.6,-1888.3,-1008.2,-262.4,544.2,1771.6,2208.7,1907.8,1590.6,1335.3,677.5,-109.4,-951.4,-1409.,-2346.8,-3874.2,-4117.8,-3771.8,S
-2520.4,-2520.4,-2133.6,-1408.6,-1231.5,-1816.,-2239.4,-2896.8,-3608.4,-3471.,-2693.6,-1785.,-224.7,2106.4,3873.4,4546.8,4659.6,4585.1,3323.8,1544.4,839.,117.4,-1240.3,-1962.2,-1985.1,-1922.2,-1765.6,-1524.,-1272.4,-962.6,-819.4,-819.4,H
