-196.6,-161.3,-111.6,-97.2,-61.3,-55.4,-38.3,23.4,38.,37.,-158.4,-714.3,-1345.1,-1614.4,-2086.3,-2428.4,-1804.5,-659.4,-8.4,854.8,2014.6,2197.4,1713.6,1343.6,947.4,318.7,-26.2,-116.4,-94.2,-34.9,41.5,58.6,S
125.4,125.4,-89.1,-393.6,-762.4,-1268.2,-1495.2,-1429.3,-1423.9,-1324.2,-965.1,-729.3,-653.4,-848.5,-1426.4,-1770.2,-3065.9,-5126.7,-5229.5,-3206.1,-898.1,1307.6,4364.1,6538.4,6420.5,4979.1,4283.5,3803.6,3072.4,MI
-98.6,-98.6,-248.5,-554.2,-687.9,-639.8,-613.8,-452.9,-172.5,22.2,-63.1,-223.6,-340.6,-1255.6,-3729.7,-6080.9,-6756.,-6215.8,-4097.5,-50.5,3959.3,5500.2,5477.6,4949.9,3816.2,2660.8,2134.,MI
-17.,53.7,152.,158.2,142.3,34.4,-79.,294.2,580.5,484.6,404.7,333.8,-322.9,-1204.3,-1716.3,-4352.7,-6701.8,-8610.1,-10215.,-8079.8,-2289.3,1669.4,4409.,7581.6,6678.4,4093.,2843.8,2618.,2392.2,H
-541.4,-541.4,-1288.6,-2799.3,-3458.3,-2951.5,-2549.2,-1380.6,886.4,2133.7,2028.3,1774.,211.5,-4903.5,-10378.9,-11257.4,-10213.,-7526.,-768.5,5465.1,7023.6,6419.,5038.,2974.1,2280.5,2269.8,H
-22.2,63.2,109.7,80.5,90.2,-69.2,-373.8,-562.4,-169.2,267.4,534.,691.8,653.8,132.2,-460.2,-761.5,-1132.4,-1456.2,-2046.8,-2383.2,-4062.1,-7167.2,-9345.4,-9674.8,-9252.2,-6687.2,-1833.,1830.3,3598.7,3993.,3461.5,2392.4,1555.3,1255.8,H
869.6,782.6,578.4,461.2,510.7,449.8,266.9,292.5,390.6,313.1,290.1,357.,283.6,197.8,274.,267.8,199.8,219.4,224.6,89.3,-66.9,-234.9,-622.5,-863.,-1109.3,-1199.4,-565.1,494.4,1075.8,1727.7,2466.5,2215.9,1586.4,1294.4,1063.2,755.8,675.4,540.,408.8,S
532.6,490.1,532.3,613.4,728.8,847.8,890.6,918.5,810.9,545.9,373.6,-403.8,-1545.9,-2943.5,-5548.3,-7120.2,-7701.1,-8922.3,-7732.4,-3394.,-885.8,913.,4230.5,5452.2,4581.4,4007.6,3764.,3102.6,2684.8,MI
-364.2,-342.9,-300.8,-280.,-264.8,-203.5,-127.7,-77.,-56.,-117.9,-293.8,-1037.3,-2745.,-3823.2,-4295.6,-4273.6,-2733.9,-204.8,1279.,2088.3,2743.,2330.1,1885.2,1698.6,S
178.6,133.7,33.5,-277.2,-564.,-506.7,-418.,-552.,-522.9,-435.8,-638.5,-765.2,-980.4,-1836.9,-2902.2,-2928.8,-2531.4,-1731.2,288.1,2280.3,2782.1,2510.8,2345.3,1800.7,1295.9,1243.,1315.8,S
318.6,240.6,94.,-35.1,-95.6,-97.,16.4,150.7,211.6,253.,0.4,-394.8,-973.8,-1810.5,-2210.8,-2812.8,-4010.5,-4035.8,-2221.4,-977.4,606.7,3320.7,4485.1,3694.9,2870.2,2134.6,950.2,343.1,154.,123.2,MI
-284.,-557.2,-1770.4,-2321.9,-1915.5,-1673.9,-518.9,237.3,-326.3,-1494.9,-2378.,-3546.5,-4333.,-4054.,-5654.4,-8178.2,-8337.4,-5645.6,-3718.,-283.9,4791.7,6389.2,5643.8,4942.4,4195.1,2913.9,2315.5,2152.3,2053.6,H
-322.2,-313.6,-277.8,-200.,-119.3,-89.2,-154.5,-258.9,-700.5,-1311.3,-1519.6,-1788.1,-1984.3,-1558.8,-1252.9,-1300.2,-1028.2,-490.3,354.7,1659.4,2385.,2816.1,3095.6,2427.8,1496.1,1080.6,814.1,457.4,348.3,317.6,305.8,305.8,S
-204.4,-175.6,-146.8,-53.6,92.8,193.7,239.3,237.2,137.1,-221.3,-766.9,-1138.9,-1223.6,-1647.2,-2514.,-2844.2,-2233.7,-1736.2,-765.6,1241.2,2588.8,2600.2,2300.2,1905.5,1167.3,730.6,513.8,429.4,468.6,S
-403.6,-620.1,-836.6,-885.3,-1111.9,-993.7,-671.8,-646.,-658.7,-778.8,-1078.1,-1551.2,-1832.4,-3212.7,-5312.3,-5914.,-4236.7,-2677.,-463.6,3243.6,5091.9,4628.,3809.6,3234.5,2311.3,1963.2,MI
-775.2,-769.1,-855.2,-966.7,-848.2,-380.,-49.6,131.8,657.9,1084.2,965.9,492.2,129.2,-1224.8,-4345.3,-6755.1,-7035.4,-6428.8,-4271.2,-320.4,2759.4,3713.2,3773.8,3289.9,2587.9,2253.9,2077.4,MI
-229.6,-229.6,-204.4,-115.7,-52.,-36.6,-22.1,-68.4,-114.5,-44.9,25.2,25.3,168.9,294.8,-86.4,-450.,-909.3,-2111.,-3737.6,-5546.4,-6471.,-6523.9,-5363.,-2246.7,1522.3,3388.8,4106.4,4413.2,3111.,1629.4,1039.2,809.8,397.6,214.8,MI
-71.,93.8,483.8,901.4,1280.8,1467.8,1425.4,1306.6,611.3,-208.2,-408.8,-556.1,-1059.5,-1025.6,-629.8,-724.2,-804.8,-1245.5,-3451.1,-5502.1,-4891.,-3974.2,-2242.3,1917.1,5181.2,5660.6,5303.4,4476.1,3103.,2278.3,1645.,1290.6,S
-147.2,-173.6,-200.,-224.6,-249.,-321.8,-510.7,-626.6,-683.2,-904.3,-1549.6,-2245.7,-2461.,-3708.9,-4900.5,-4367.5,-3240.8,-2590.8,-280.5,3058.3,4748.6,5279.3,5148.2,4193.3,2470.4,1167.,575.7,519.8,519.8,MI
51.2,51.2,208.1,380.4,436.7,402.6,327.6,8.2,-309.3,-497.3,-976.8,-1266.4,-2173.3,-4750.4,-7597.7,-8442.9,-8111.,-5671.5,-786.7,3718.1,6347.,6916.4,5966.3,4524.,4031.8,MI
-1488.8,-2077.7,-2383.1,-2099.6,-1736.2,-1415.2,-1029.9,-528.4,-454.6,-459.9,-235.7,420.,837.2,828.2,727.,662.8,549.8,111.5,-176.8,-547.3,-1551.3,-3126.6,-4761.5,-5454.6,-5819.8,-5399.,-3082.3,329.1,2209.8,4615.,7683.6,7782.3,6301.1,5384.6,3688.4,1218.5,487.1,547.8,566.2,673.8,729.7,592.9,456.3,404.8,271.6,205.6,238.6,171.7,139.,139.,S
-611.2,-611.2,-555.3,-466.5,-354.1,-203.5,-213.4,-142.1,42.4,-342.4,-759.4,-779.7,-1354.1,-3266.3,-5443.1,-6261.8,-6327.7,-5195.8,-1438.9,3033.9,4947.6,5428.1,5197.6,3214.1,1125.4,309.2,309.2,H
-286.2,-409.2,-1046.,-1559.8,-1988.,-2488.,-2614.,-2039.,-1512.1,-1127.4,-987.4,-2864.4,-5600.9,-6705.1,-6392.6,-4586.9,-395.2,4219.5,6238.,6476.5,5924.,4497.2,3130.6,2399.8,2128.6,1857.4,MI
-454.2,-410.8,-300.2,-233.,-225.5,-201.6,139.6,347.1,229.8,33.5,-683.7,-2037.6,-3055.3,-3240.,-2919.5,-1867.7,-349.9,738.6,1040.6,960.4,637.6,166.2,-68.9,-75.2,S
234.4,275.5,309.,241.,168.3,156.,146.,268.9,521.9,644.,646.,640.6,465.2,174.7,-72.7,-199.6,-241.2,-855.9,-2361.3,-5735.5,-8177.4,-12877.7,-23537.6,-33948.1,-38312.8,-38226.6,-35105.6,-19475.9,5258.1,27783.1,38082.8,44218.1,45225.8,33461.2,19093.2,11362.2,6859.7,1611.2,719.6,554.3,534.6,465.4,268.1,39.5,-223.5,-386.,-424.,-453.1,-419.9,-366.6,-337.6,-337.6,H
-349.6,-562.1,-1086.,-1859.5,-2321.6,-2549.,-2619.1,-2425.1,-2547.1,-2705.8,-4508.6,-8512.8,-10479.8,-8107.1,-5968.8,-2287.8,4494.8,8036.3,7258.,6039.8,4861.4,3079.5,2253.3,1774.,1609.9,1702.4,H
-48.6,-41.9,-28.1,-21.,-71.6,-236.9,-494.4,-602.4,-567.6,-434.5,-32.2,466.7,584.2,472.,233.8,-495.6,-1539.3,-2439.6,-2787.4,-3197.1,-3120.8,-1842.3,-357.1,335.6,1091.7,1781.7,1549.6,1195.4,1007.2,890.,665.6,558.4,S
-412.,-412.,-396.3,-341.,-253.2,-157.5,-110.,-45.7,-117.6,-296.2,-585.8,-833.,-1221.,-2318.8,-4303.4,-5623.1,-5668.,-4647.4,-1887.9,1602.9,3753.5,4152.2,3583.9,2155.9,887.6,374.2,269.4,112.8,-43.8,S
-277.2,-297.7,-494.6,-671.,-606.2,-339.6,179.9,690.2,882.8,875.4,532.1,-604.8,-2070.7,-2735.6,-3966.,-6607.1,-8005.1,-6955.2,-5918.,-3964.2,672.,4739.2,6166.3,6208.6,5646.6,4085.4,2244.4,1019.7,636.8,H
-654.8,-748.5,-377.5,87.2,95.2,-2.8,-293.5,-1041.9,-1605.6,-1842.4,-2149.,-2479.,-4044.7,-5350.2,-6020.8,-6778.5,-5727.2,-2323.7,-58.6,1540.2,3988.6,4477.1,3482.3,2848.6,2431.9,1543.3,1014.4,855.1,752.8,H
72.8,77.4,82.,-147.3,-507.3,-592.5,-569.6,-592.2,-317.4,128.4,-61.2,-725.1,-1028.4,-1727.6,-2946.9,-4055.4,-5144.5,-5645.2,-7420.1,-9862.9,-8952.2,-5509.3,-3645.,-391.9,4531.,5928.,4773.5,3891.8,3088.5,1906.8,1055.,581.6,H
-107.8,-158.4,-272.3,-300.9,-266.2,16.6,622.6,1108.4,1354.3,1437.6,1318.1,816.8,160.2,-1536.,-2957.4,-4759.7,-6756.3,-6163.2,-3027.2,-678.6,2106.6,5802.1,6437.9,5278.5,4393.6,3477.7,1886.6,828.7,446.,S
-422.4,-506.7,-591.,-661.6,-646.4,-543.5,-537.8,-549.2,-488.1,-549.6,-725.9,-936.6,-1093.6,-1214.3,-1361.4,-1453.1,-1291.4,-1064.4,-1201.,-1465.4,-1237.,-572.,-263.2,510.2,1926.2,2780.,2830.6,2670.,2270.1,1489.,748.,269.,149.8,149.8,S
-195.6,-161.7,-105.4,-36.2,151.,188.6,-404.9,-1605.,-3146.2,-4929.4,-6238.3,-6639.6,-6703.8,-5913.3,-3331.9,164.7,3079.1,5400.9,6751.9,6081.5,4024.1,2205.3,1556.,H
-691.6,-771.7,-679.8,-259.1,12.4,73.3,202.1,272.5,40.2,-759.3,-2498.6,-5802.5,-10696.1,-14445.4,-14550.5,-11252.3,-5642.3,2638.6,11428.3,15970.5,15708.8,13597.7,10115.4,4911.8,931.6,-551.8,-842.5,-746.2,-296.8,142.7,361.4,481.8,467.8,305.8,140.,98.4,MI
-173.4,50.,240.7,1098.7,1971.2,1702.2,518.4,-1446.5,-5524.2,-10125.9,-11127.8,-8589.,-4378.7,534.,5265.4,7145.9,5654.,3381.2,2050.5,1664.4,H
198.6,59.1,-162.8,-408.6,-526.,-500.8,-674.,-1719.5,-4314.,-6693.3,-6491.6,-4294.5,-1106.3,3124.1,6278.,6456.,4748.8,2805.,1506.3,1060.4,MI
186.4,163.4,134.9,140.1,-132.,-752.1,-1120.8,-1289.4,-1760.8,-2127.9,-1752.2,-977.,-24.4,1145.9,2183.9,2749.4,2616.6,1965.,1357.6,1098.8,1040.4,S
-88.,-304.8,-622.7,-801.4,-942.4,-1117.3,-1335.1,-1527.5,-1506.5,-1517.9,-1309.3,-927.5,-882.8,-1148.,-1432.2,-2344.,-3871.9,-4541.7,-4036.1,-2671.6,-689.4,1649.,3202.,3570.6,3169.5,2492.6,2134.4,2048.5,2051.,MI
-421.8,-445.5,-421.3,-269.7,-351.,-354.8,-116.4,-240.3,-900.3,-2179.5,-3610.4,-3607.5,-1892.1,382.3,2976.7,4952.5,4988.1,3585.9,2019.9,852.3,209.8,48.6,60.1,-21.5,-98.8,MI
-530.,-592.,-747.5,-940.1,-1085.1,-940.2,-922.,-1302.7,-1746.6,-2164.5,-2786.1,-6575.5,-11483.2,-11524.5,-7840.1,-3928.5,2116.2,8562.8,10083.7,7575.5,4332.4,2337.1,1373.8,774.2,502.2,H
-479.6,-518.1,-74.8,443.7,66.9,-672.,-1122.7,-2114.8,-3313.6,-3956.,-4132.7,-3541.,-2251.1,-602.8,1466.9,3332.2,3836.2,3417.2,2623.8,1771.8,1183.9,871.6,777.6,H
-239.,-206.5,-212.9,-251.8,-285.7,-324.5,-697.4,-1565.2,-2065.,-2915.4,-4561.6,-5682.5,-5377.4,-4747.2,-3397.2,-509.,2271.2,3621.5,3729.8,3554.9,2781.6,1749.,1311.4,1308.,1117.7,827.1,607.8,398.3,307.8,307.8,S
-459.2,-459.2,-521.4,-866.1,-1050.7,-655.9,-359.,-450.2,-319.1,-1196.9,-3572.9,-4848.8,-4916.7,-4210.7,-1918.9,1045.6,2492.2,3179.3,3359.4,2655.2,2495.9,2533.8,2252.5,2007.1,1912.,1475.7,1170.4,MI
-536.4,-536.4,-524.8,-523.3,-235.6,110.8,159.4,-150.5,-496.,-906.1,-1540.,-1799.4,-2016.8,-2614.7,-2462.1,-1053.4,-177.8,808.4,2667.3,3185.8,2288.9,1810.1,1449.7,625.,203.4,182.2,MI
-568.2,-537.,-485.8,-453.7,-441.6,-466.5,-533.,-571.6,-809.6,-1050.6,-1198.4,-1490.6,-2025.7,-2354.1,-2291.8,-1887.8,-900.1,341.5,1299.1,1598.8,1399.8,825.4,181.9,-234.3,-382.4,-497.3,-612.2,S
-548.8,-522.4,-495.2,-494.4,-276.4,355.4,989.8,974.7,739.,395.5,-449.3,-1570.6,-2679.4,-4131.2,-4924.7,-4640.7,-3226.5,-692.8,1504.2,2839.6,3657.1,3506.4,2621.4,2332.2,2188.2,1800.9,1557.6,MI
-742.,-741.6,-667.2,-593.2,-560.6,-548.7,-600.1,-645.5,-660.2,-870.6,-1000.2,-1075.,-1194.2,-1157.8,-1087.1,-1359.4,-1396.8,-785.5,-479.8,-40.,973.6,1646.8,1617.4,1488.6,1416.9,1253.8,1103.9,967.4,889.4,809.2,668.8,608.6,S
-683.,-637.2,-586.6,-330.6,-2.,75.4,-20.1,-374.,-1251.3,-2797.8,-3725.4,-4826.2,-6079.1,-5245.4,-2324.9,-390.2,1668.,4559.4,5016.4,3588.1,2536.,1672.7,415.2,-216.7,-403.,-351.6,-351.6,H
204.6,204.8,186.1,167.2,110.2,91.7,-16.3,-558.1,-953.4,-1309.9,-1631.3,-1452.6,-1135.,-961.,-712.2,-514.4,-468.9,212.6,797.6,1130.6,1490.1,1453.,1038.2,687.,512.3,282.8,202.1,142.5,108.8,102.7,165.3,234.,S
-90.6,-11.,68.6,116.5,187.,237.5,84.9,-95.6,-372.5,-777.,-1108.,-1221.5,-1131.6,-857.3,-277.2,387.1,902.,1058.4,1123.,978.3,606.1,330.7,263.7,233.,183.9,232.3,253.6,S
116.6,135.7,108.7,-33.1,-190.3,-251.8,-498.9,-921.5,-1207.7,-1805.6,-2292.8,-3192.8,-5098.8,-6052.,-4940.2,-3881.2,-1866.6,2072.5,4521.5,4885.1,4724.2,4090.9,2848.2,1906.7,1323.7,1072.8,796.8,477.3,433.8,MI
938.,856.5,713.8,652.6,469.1,339.,358.8,344.2,363.2,337.3,94.,-201.7,-449.8,-619.6,-524.6,-924.8,-2643.,-4393.6,-4921.2,-4337.1,-2396.7,753.2,3387.6,4228.4,3834.5,2810.2,1650.,914.6,732.5,756.,S
-761.,-765.2,-769.4,-843.1,-885.3,-784.,-649.9,-556.6,-398.4,-384.4,-661.7,-1004.6,-1632.4,-2079.4,-2406.7,-2854.,-2399.9,-522.7,780.4,1816.9,3449.9,3913.2,3062.7,2345.4,1970.8,1414.6,1212.3,1023.8,856.,S
-48.4,21.1,66.3,-154.1,-304.1,-258.,-206.4,357.9,782.9,216.1,-263.,-1128.8,-3750.4,-6210.,-7505.,-8096.2,-7691.9,-6130.,-2717.9,1456.2,3375.8,4979.4,6689.9,5805.1,4015.1,3216.8,2024.6,910.4,988.4,H
-365.8,-329.3,-283.8,-274.8,-275.3,-422.5,-805.6,-992.3,-942.6,-1191.9,-1892.9,-2399.4,-2222.3,-1990.4,-889.4,1270.7,2704.,2838.6,2599.,1794.1,477.5,-179.1,-455.7,-587.4,MI
-2.,-333.5,-732.7,-968.4,-1136.4,-630.6,155.2,-142.5,-353.6,13.,-837.8,-2205.3,-2393.4,-4056.3,-6047.8,-7021.2,-7482.4,-5595.6,-947.1,2326.8,4513.2,7199.7,7178.3,5556.4,4456.,3829.7,3023.6,2398.3,1754.9,1557.,1311.4,1065.8,H
-263.4,-380.9,-556.8,-615.2,-919.,-1722.9,-2507.8,-3651.4,-4510.2,-4700.7,-5053.4,-5523.9,-5253.5,-4163.7,-3109.,-709.7,2755.5,5226.2,5913.9,5740.4,4800.6,3077.,1862.1,1093.4,733.6,478.7,103.4,-95.2,-151.2,H
-176.8,-267.8,-396.2,-469.7,-472.,-418.,-275.9,51.1,476.9,697.6,761.2,778.7,194.8,-527.6,-1408.1,-2800.4,-3466.7,-2618.,-1799.4,-814.5,943.5,1712.3,1267.4,786.6,457.4,37.3,-96.9,-44.8,10.4,S
37.8,339.4,946.1,1251.2,1306.8,1391.2,1313.6,897.9,588.6,267.9,-542.3,-2234.,-4792.7,-6149.2,-6588.4,-5827.8,-2494.8,1904.5,4170.6,5267.2,5563.6,3756.8,1946.3,1142.4,782.3,315.4,145.8,162.8,242.6,MI
-204.,-283.9,-411.5,-661.,-862.8,-1074.9,-1374.1,-1862.7,-2225.4,-2186.6,-2047.9,-1910.8,-1810.5,-2053.4,-2398.2,-2800.5,-2669.9,-1142.1,1061.9,2271.,3281.,4258.1,3787.7,2801.2,2252.2,1874.8,1248.9,1000.4,MI
-337.2,-400.8,-425.7,-387.,-378.9,-381.6,-421.3,-649.6,-849.,-834.3,-988.8,-1138.,-907.7,-1076.1,-1745.2,-1692.4,-947.3,-281.2,361.7,1297.9,1888.4,1672.3,1210.6,998.,716.7,267.2,32.5,-91.2,-148.4,-148.4,S
-12.8,16.9,41.4,41.,80.,-141.5,-135.5,-359.7,-845.6,-1266.1,-2345.8,-3561.9,-4044.6,-3970.4,-3871.5,-4621.2,-6785.2,-7674.5,-6081.2,-3085.2,486.8,5028.2,8659.,8925.7,6818.4,5647.3,5082.1,3535.5,2323.1,1961.2,1830.3,1460.,H
-202.6,-196.4,-122.5,-54.8,-47.9,-169.2,-346.6,-442.7,-489.6,-697.3,-1377.6,-2800.7,-4331.4,-4911.6,-4389.,-2379.5,744.3,3249.5,4117.8,3931.7,2858.8,1972.,MI
-441.8,-350.4,-429.8,-907.5,-1268.6,-1302.4,-965.4,-378.8,-252.6,-817.4,-1238.4,-2120.9,-4299.9,-6410.6,-6295.4,-4404.1,-2876.3,29.6,4401.6,6261.9,5274.,4457.8,3577.8,2372.2,2085.7,2268.1,2411.4,H
-1440.,-947.7,483.2,1922.1,2422.4,2884.5,3414.6,2676.3,1504.,1138.,611.8,-760.4,-2700.2,-4919.4,-6044.8,-6705.2,-6755.8,-4346.2,-943.6,659.2,1823.,2892.1,2281.9,1657.6,1548.8,1337.1,1125.4,H
-155.4,-190.,-241.2,-261.4,-265.,-307.2,-64.,609.9,967.,935.6,686.6,-162.3,-1552.4,-2327.3,-3544.6,-4350.7,-5520.1,-6970.3,-6138.1,-4219.,-2141.2,1383.3,4642.2,4895.7,4569.6,4150.4,3045.3,2261.8,1793.2,1422.2,1068.1,714.,H
128.,140.8,153.6,119.9,36.6,-100.6,-227.3,-266.4,-301.5,-295.,-295.4,-556.1,-774.8,-1044.,-1360.6,-1395.3,-1483.5,-1584.4,-1582.,-1582.7,-1359.9,-489.3,155.4,822.8,1747.2,2004.2,S
-497.,-556.2,-610.9,-610.,-587.4,-561.2,-732.8,-988.9,-1247.4,-1367.8,-1314.2,-1248.7,-1432.6,-2219.,-3638.1,-4520.2,-3958.,-2146.9,292.3,2524.6,3566.6,3206.8,2079.7,893.,268.,43.2,24.,S
-219.6,-219.6,-189.2,-144.4,-129.,-130.4,-132.8,-62.9,-183.6,-367.3,-578.1,-795.8,-1365.6,-2359.1,-2950.8,-2539.3,-1959.8,-1009.5,731.,1674.1,1467.1,1107.2,695.4,145.2,45.9,85.,S
-429.6,-521.,-690.1,-713.,-658.2,-651.8,-674.2,-810.1,-1050.4,-1183.6,-1259.1,-1055.9,-613.,-691.6,-934.4,-532.9,388.6,1291.2,2175.7,2677.6,2438.6,1587.9,796.4,571.5,526.4,633.7,741.,S
264.4,287.4,307.9,291.8,278.2,380.4,281.2,-495.7,-2245.6,-3420.,-4504.3,-5987.2,-7664.8,-10253.7,-11563.6,-10053.9,-5979.,216.4,7362.2,10877.8,10934.4,9228.1,5791.4,3247.,2376.4,2376.4,H
163.2,163.2,313.6,595.5,965.7,1193.3,1182.2,1279.1,1464.6,1526.4,1474.8,1450.,1254.9,500.6,-1188.8,-4777.2,-7235.4,-10933.,-18759.5,-26783.1,-31037.7,-31397.6,-24984.8,-6176.9,17790.5,35727.,42091.2,40011.5,30134.9,15573.7,5055.,1300.6,562.3,-344.1,-395.,-120.6,36.6,328.1,761.4,819.3,819.5,903.6,723.,464.3,453.6,387.5,254.,254.,H
-482.2,-596.4,-832.3,-908.6,-680.9,-571.1,-529.4,-448.4,-670.1,-1609.5,-3819.1,-5277.8,-5942.,-5204.2,-3049.3,-765.2,1434.4,3344.5,4586.2,MI
-365.8,-365.8,-431.2,-569.5,-659.5,-682.,-687.4,-786.1,-888.7,-784.8,-631.6,-586.2,-468.9,-1226.2,-3333.2,-5084.5,-5603.4,-4657.7,-1744.6,1932.1,4291.4,4941.4,4041.8,2237.1,870.6,456.2,503.2,MI
-153.2,46.3,271.2,219.5,441.,779.7,839.2,941.7,1024.8,833.8,419.2,-395.1,-1094.3,-2263.6,-5765.3,-11412.3,-16483.2,-18348.,-18313.7,-16185.2,-9217.4,1657.,7657.8,14601.6,23065.7,23366.3,18412.9,14679.2,8690.3,1444.8,-311.9,-764.8,-717.6,-606.3,-303.2,128.3,474.8,581.6,619.9,617.5,578.7,504.2,427.8,339.1,250.4,MI
828.2,687.7,480.8,861.8,1309.2,1749.1,2028.5,1320.,-151.8,-1075.6,-2407.8,-5526.,-8525.8,-9352.6,-8965.6,-6696.7,-1203.1,4329.,7095.,7553.6,6260.5,4967.4,MI
74.2,112.4,104.4,14.2,-87.7,-145.6,228.5,1114.4,1431.7,811.3,385.4,-40.4,-1434.8,-2679.9,-3402.2,-3848.,-5476.5,-7078.5,-6092.7,-3501.4,-1869.4,619.3,4063.6,4918.4,4378.6,3939.6,3218.9,2154.9,1520.5,1229.4,H
-592.8,-498.3,-485.2,-466.6,-324.8,-283.,-202.4,34.7,230.5,247.2,215.8,134.7,-246.8,-1319.5,-2083.,-4388.6,-8747.4,-11036.9,-9650.2,-8027.2,-3260.6,6525.6,12592.9,13012.9,12385.2,9899.2,4516.3,1008.9,147.9,-102.6,-13.1,147.,258.4,275.,250.8,185.2,-6.6,-147.4,-184.5,-207.,-226.1,-245.2,S
-207.2,-289.9,-620.7,-1130.4,-1392.,-1102.7,-592.7,-175.4,-62.6,-146.4,-1248.8,-3987.8,-5866.3,-4894.9,-3681.6,-1991.9,1930.7,4908.,5652.4,MI
509.,331.6,157.9,5.7,-140.7,-131.2,-437.,-897.6,-925.4,-1247.9,-1697.4,-1963.6,-2480.2,-3280.6,-4241.1,-4651.6,-5381.5,-6191.2,-4684.6,-1474.3,149.6,2320.2,5632.3,6127.8,4900.,4318.2,3785.,2657.3,2006.7,1782.7,1614.8,1614.8,H
-215.8,-211.2,-283.7,-417.5,-497.5,-523.1,-525.4,-522.2,-546.4,-1047.8,-1626.1,-1730.4,-1865.6,-2139.5,-2230.2,-2641.,-3099.8,-3728.6,-3961.2,-2466.9,10.4,1389.6,2879.8,4681.1,4656.5,3648.,2975.2,2356.9,1738.6,MI
24.,41.2,14.1,-195.1,-399.6,-171.4,-323.2,-831.4,-1055.2,-1190.4,-1793.5,-2165.3,-1719.4,-1689.3,-1873.8,-2017.7,-3758.,-5486.2,-4653.2,-3688.4,-2591.7,1271.2,4625.9,5066.4,4918.4,4446.7,3061.9,1783.4,1119.,820.,753.2,686.4,H
-67.8,-96.5,-35.8,-157.6,-368.8,-136.3,208.,-149.,-775.8,-933.8,-1251.5,-1556.2,-1455.2,-1763.5,-2159.8,-3895.5,-6767.2,-7253.7,-4997.2,-3390.2,-663.1,3847.6,5752.7,5168.6,4463.,3729.5,2329.7,1253.7,844.,H
-1590.6,-1590.6,-1557.2,-1701.3,-1817.2,-1476.3,-1197.,-1424.6,-1970.6,-2891.4,-3781.,-4068.2,-4414.8,-5767.5,-6127.7,-3599.6,-1717.4,76.6,4444.6,7648.,7380.2,6483.,5428.8,3541.9,2075.9,1442.6,MI
-481.4,-547.2,-680.1,-474.6,-202.,-258.9,-700.8,-1169.2,-1732.,-2211.4,-2511.3,-3215.3,-4446.2,-4784.3,-4295.6,-3002.8,227.,3844.8,5737.9,5950.2,5322.5,3741.2,2194.1,1223.2,841.,706.5,576.8,MI
27.8,-240.3,-508.4,-658.1,-650.1,-749.7,-1294.1,-1581.2,-2103.7,-3574.2,-4800.1,-5185.6,-5293.2,-4637.8,-2660.1,112.9,3132.3,4701.,5153.9,5380.2,4384.,2829.3,2044.2,2044.2,H
-328.2,-395.4,-462.6,-423.6,-393.,-304.4,-30.5,146.4,236.8,497.9,300.1,-500.2,-932.,-1099.3,-2177.6,-3984.6,-5277.,-5673.4,-4982.2,-2745.8,634.3,3594.9,4720.6,4382.,3478.6,2346.8,1457.7,1135.6,1135.6,S
12.6,-36.1,-42.5,56.7,38.9,-35.8,289.,1018.3,1652.8,1451.4,1020.,465.,-889.3,-2848.5,-4497.9,-4987.4,-4522.6,-2549.5,891.7,4442.8,6061.,6076.3,5041.2,3063.4,1471.6,807.2,671.9,414.2,291.8,MI
-513.4,-468.9,-278.4,-168.5,-203.1,-438.9,-1160.9,-1645.6,-1424.5,-1316.6,-1263.9,-879.6,-1109.,-1741.8,-2885.2,-5256.5,-7370.6,-7624.,-6310.8,-3191.8,1650.4,6225.,8211.,7647.7,6065.1,4248.3,2505.,1619.1,1376.9,1074.8,MI
-32.6,12.1,45.4,5.4,-23.2,-7.9,-18.2,-118.,-369.7,-547.2,-651.,-936.3,-1028.8,-804.6,-669.4,-940.3,-1552.8,-2292.5,-2683.3,-2676.,-2072.8,-368.4,1634.5,3057.1,3578.,3531.4,3059.6,2109.9,1231.6,877.8,631.2,249.4,107.9,101.6,MI
-873.6,-853.5,-730.4,-627.4,-576.9,-521.2,-431.6,-339.5,-331.8,-482.1,-776.4,-1259.2,-1563.3,-2050.6,-2803.9,-2723.,-1370.6,-330.4,549.1,1858.2,2110.4,1219.1,505.2,50.5,-408.1,-411.5,-411.,S
-390.2,-327.5,-264.8,-249.5,-131.3,-50.4,94.3,261.,236.5,-91.8,-327.1,-601.2,-943.8,-1257.2,-2107.4,-3056.2,-3035.,-2601.8,-1386.,1173.6,3462.4,4351.,4294.6,3663.9,2627.7,1843.7,1406.7,1348.2,1348.2,S
924.4,713.8,600.1,613.2,529.4,588.7,703.8,831.5,783.5,663.6,593.9,83.1,-1154.6,-2478.9,-3006.6,-3988.5,-4520.,-2496.6,264.2,1452.,2808.8,4206.4,3368.1,2145.1,1801.2,1374.4,947.6,S
998.,1054.7,1120.,1171.4,1172.1,1130.,1088.9,1175.6,1039.4,290.3,-194.8,-809.1,-2118.3,-3479.,-5540.,-6935.2,-7846.,-7915.4,-5067.7,77.3,3216.,5246.8,7072.,5751.7,3310.8,1984.6,1984.6,MI
-272.8,-245.2,-233.2,-193.8,-138.8,-737.7,-425.3,608.5,920.9,1110.8,1870.6,1321.3,-420.5,-2046.2,-3239.2,-5238.1,-8225.3,-8903.1,-6432.7,-4272.8,-1381.1,3478.9,5505.9,4485.7,3406.8,2221.2,1035.6,H
-189.,-195.1,-201.2,-174.4,-126.6,-163.1,-304.6,-388.6,-468.9,-606.2,-671.9,-804.6,-928.6,-718.7,-634.,-781.7,-1319.1,-1834.,-2277.6,-2210.1,-1353.5,21.9,1051.8,1710.1,2142.9,1664.,1143.3,876.,571.8,164.7,52.6,43.4,S
34.6,64.8,67.8,107.3,48.5,-77.,-574.3,-1276.5,-1832.6,-2101.3,-2018.8,-1875.9,-2012.1,-3448.1,-5159.5,-5714.,-5298.7,-3720.4,-119.2,3871.2,5423.4,5824.4,6001.4,5113.,3637.5,2826.4,H
-565.8,-565.6,-564.5,-489.9,-498.1,-580.,-557.,-495.5,-522.3,-502.,-416.4,-696.7,-1898.5,-3434.,-4018.5,-3989.,-2998.9,-322.6,2493.6,3769.9,3916.2,3244.3,1797.8,538.,-38.4,-129.6,MI
478.2,338.2,258.3,318.4,452.2,638.7,834.6,1002.5,1027.2,846.7,564.9,347.4,175.5,119.8,119.3,24.9,-659.2,-2539.6,-3829.8,-5398.,-8094.7,-8628.5,-5778.1,-3522.4,219.8,7566.1,11509.2,11003.8,10159.4,8000.9,3418.3,509.4,-237.,-498.6,-557.7,-590.1,-397.3,-91.5,48.2,130.4,296.9,349.8,271.3,224.2,57.2,-254.6,-399.4,S
-296.6,-247.9,-152.1,-105.,-78.7,98.,226.4,213.9,223.4,161.5,138.1,81.7,-191.6,-370.,-709.4,-1879.6,-3143.3,-3108.8,-2641.4,-1660.3,684.,2988.3,3645.,3454.5,2924.8,1684.,719.,353.,334.8,S
-187.6,-164.4,-126.1,-117.,-120.3,-117.6,-164.3,-426.9,-872.9,-1506.7,-1910.4,-2239.9,-2189.9,-1349.2,-546.6,-205.2,9.5,263.3,705.6,1647.9,2187.,2618.3,2982.7,2349.6,1325.1,866.8,638.5,287.1,164.,S
33.2,78.7,43.6,-16.3,-117.8,-240.,-452.3,-704.,-950.,-1024.,-891.4,-1022.3,-1374.1,-2006.3,-2617.5,-2817.4,-2054.7,-373.8,1710.,3384.7,3893.8,3653.,2925.4,2438.6,S
173.2,51.2,-459.6,-1098.,-1347.6,-1268.1,-879.1,-235.2,314.3,529.4,396.,-608.,-3459.8,-6592.1,-7743.2,-7732.7,-5939.7,-1350.6,3395.5,5335.,5662.7,5081.2,3588.,2279.2,1554.4,1411.9,1269.4,H
1401.8,1228.1,925.6,811.4,826.,874.,1197.7,1591.1,1251.4,794.,444.8,-599.4,-1810.6,-2582.2,-2837.6,-2980.1,-3202.9,-4692.3,-6281.4,-6461.4,-5621.5,-3507.9,212.9,3611.3,4562.6,4565.2,3743.5,2333.4,1747.6,H
-76.6,-76.6,38.6,241.9,435.3,620.,699.4,598.5,321.4,-163.3,-877.4,-1283.,-2454.4,-4204.4,-5526.2,-6069.9,-5870.4,-3662.3,-33.5,2979.3,5147.6,5723.8,4972.7,3512.1,2357.5,1912.4,MI
-997.8,-1046.,-952.9,-801.6,-661.3,-397.4,-223.1,-422.6,-672.8,-822.,-1042.9,-1240.4,-1416.7,-1477.2,-2483.9,-4945.8,-6540.9,-5830.3,-4979.8,-2961.7,1394.,4616.2,5349.7,5198.6,4704.3,4210.,MI
-852.8,-852.8,-832.6,-745.2,-706.6,-804.2,-873.2,-1292.2,-2098.,-2824.7,-3067.5,-2970.4,-2591.1,-2117.6,-1832.,-1172.6,-704.6,48.4,1633.8,3094.5,3457.2,3191.6,2678.9,1756.1,952.,514.9,471.8,S
-264.,-264.,-276.5,-318.4,-363.8,-956.5,-1533.2,-2125.6,-2426.4,-1928.9,-1584.4,-1445.8,-1640.1,-2920.8,-4881.,-5615.1,-5207.,-4106.8,-1264.2,2277.8,4581.5,5247.4,5140.8,4071.3,2347.5,1413.2,971.4,975.3,1141.,H
78.8,-127.9,-540.,-715.1,-919.2,-1635.1,-1804.,-1086.2,-681.,-65.2,792.2,1085.6,647.7,158.,-783.5,-2690.7,-5953.5,-7960.7,-8407.1,-7969.,-4495.9,1007.,5484.8,7494.7,8323.3,7715.8,6473.6,4951.6,3972.,3544.5,2999.7,2882.4,H
-554.8,-610.3,-704.,-742.2,-847.4,-905.,-1013.9,-1487.8,-1805.2,-2284.9,-2798.2,-2549.3,-1460.1,-653.4,-351.,87.1,-486.6,-2400.3,-3604.6,-4078.6,-4543.3,-3018.3,403.9,2310.4,4066.5,6630.5,7095.,5955.8,5160.,4573.9,3370.3,2752.8,MI
-699.,-907.7,-1394.8,-1608.9,-1544.6,-1543.2,-1194.8,-380.8,114.8,143.4,318.2,615.3,610.8,565.4,646.8,742.6,712.7,539.8,360.5,228.4,213.4,32.3,-195.,-206.1,-156.,-262.9,-305.1,-274.6,-151.4,6.,120.8,300.2,373.5,-45.6,-473.4,-1862.9,-4752.3,-8032.4,-10876.4,-11940.2,-11626.7,-9953.4,-5333.3,1540.2,5153.4,9441.4,15587.7,16443.7,13325.3,11209.2,7805.8,2581.3,300.1,-436.4,-712.8,-750.6,-648.1,-422.4,-116.1,104.8,256.,349.9,326.8,274.5,188.,165.2,142.4,MI
-705.6,-560.1,-414.6,-371.4,-238.1,-80.4,-31.7,-50.6,-114.7,-232.1,-366.6,-1322.9,-2198.,-3636.9,-8113.5,-16672.5,-26937.3,-31680.8,-34293.8,-35076.5,-22338.2,2758.1,16946.4,28534.2,43173.1,41319.5,27836.3,19257.8,11647.4,2101.4,-337.5,-749.1,-657.4,-381.8,143.,542.4,620.8,549.,489.,402.3,372.4,464.6,560.,560.,H
127.8,96.8,-17.9,-101.6,-162.1,-279.8,-310.6,-278.2,-272.2,-324.9,-509.9,-1046.,-1930.4,-2411.,-2956.,-3962.5,-3870.6,-2788.3,-1604.4,229.5,2311.7,3177.5,3335.8,3531.6,S
-276.,-171.,-66.,-26.3,13.,-331.6,-1489.6,-2303.4,-3001.8,-4677.6,-6428.2,-7601.7,-8002.,-7877.1,-6707.4,-4854.8,-2262.8,-478.6,766.1,3084.3,5723.4,7797.5,8306.,8114.3,7056.5,4953.3,2874.7,2033.2,2033.2,H
98.8,5.4,-273.8,-827.1,-1733.4,-2272.2,-2925.4,-3776.9,-3640.3,-1934.9,-564.4,368.4,940.2,-697.3,-3216.5,-4459.2,-6036.3,-7848.3,-5689.4,-998.4,1298.8,4185.2,8837.7,10066.6,7973.2,6417.,4951.8,2686.2,1259.6,633.4,H
-720.8,-1163.9,-2035.5,-2464.,-2810.9,-2965.8,-2839.2,-3083.1,-3261.6,-3890.8,-6332.,-8367.8,-7261.6,-5931.6,-3424.3,1830.8,5929.,7075.1,6870.8,5679.8,4488.8,MI
-799.6,-799.6,-799.4,-703.4,-693.9,-1113.9,-1447.6,-1528.,-1355.1,-688.4,195.,665.,819.2,-93.9,-2583.3,-4186.,-4366.6,-3238.2,-638.9,2258.7,4023.3,4361.2,3078.2,1215.9,374.3,-53.2,-218.4,S
-480.4,-502.7,-525.,-715.2,-1096.5,-1441.1,-1777.9,-1961.2,-1543.8,-795.2,-211.6,368.5,696.2,81.7,-955.,-1084.3,-376.,39.4,844.7,2211.3,2561.6,2008.6,1666.6,1401.4,995.1,808.9,763.8,S
-509.,-399.4,-299.5,-549.5,-789.8,-665.8,-282.6,-970.5,-2036.9,-2156.2,-2951.2,-4523.,-5492.,-6273.3,-6862.4,-5629.3,-3181.4,458.1,4483.2,6083.6,6180.3,5861.5,4335.7,2786.8,2348.2,2348.2,H
-50.2,-63.3,-76.4,-96.5,-781.7,-1976.8,-2577.,-2647.2,-2803.3,-2321.2,-1420.9,-1379.7,-1600.6,-1926.4,-4121.1,-7757.,-8991.,-8458.,-6701.6,-1998.5,3760.8,6735.2,6897.,6171.7,4701.8,3471.4,2758.2,2530.8,2530.8,H
-286.,-265.9,-234.3,-108.2,6.4,27.,91.5,351.4,665.5,763.6,688.,272.5,-813.,-2419.1,-3279.6,-3982.8,-5222.4,-5689.1,-4378.,-3136.6,-1305.1,2155.3,4822.8,5527.2,5193.,4210.3,3227.6,MI
-356.,-375.9,-447.,-798.4,-1098.6,-1019.7,-900.1,-1214.8,-1487.2,-1404.2,-1852.4,-2662.9,-2795.4,-2896.7,-3227.8,-4350.1,-5726.5,-5043.6,-2483.6,-860.6,1472.4,4936.1,5582.1,4296.7,3496.,2746.9,1997.8,H
-572.4,-441.6,-310.8,-73.3,99.9,69.4,-137.8,-378.8,-809.2,-1808.1,-2134.2,-1821.1,-1750.4,-1343.3,-458.5,-679.,-1275.9,-1174.6,-460.7,974.,2708.1,3934.4,4147.4,3437.1,2050.8,965.3,258.,-39.8,-39.8,MI
-1460.,-1460.,-1303.5,-985.2,-625.4,-216.9,-6.4,155.,437.2,454.3,-135.1,-620.8,-1592.6,-3707.7,-4506.2,-2742.4,-1323.4,-57.9,2369.8,3526.2,2708.6,1896.8,1729.6,1562.4,S
-1994.4,-2286.7,-2541.7,-2045.9,-1587.4,-1196.6,-664.,-537.1,-1218.6,-1885.2,-2258.9,-3567.4,-5521.7,-5957.7,-5340.7,-3313.,748.,4335.6,5856.4,6226.5,5329.3,3418.5,2466.5,2158.,H
