2893134,2893134,2893134,2893134,2893134,2893134,2893505,2893788,2896275,2904719,2904719,2912859,2919221,2924777,2928538,2928538,2932376,2935788,2938263,2940461,2940461,2942323,2942659,2942323,2940882,2940882,2939218,2937231,2935739,2934227,2934227,2932936,2931477,2930013,2928063,2928063,2926105,2924134,2924134,2924134,2924134,2924134,2924134,H
2886675,2886675,2886675,2886675,2886231,2886231,2885553,2885386,2884937,2884677,2884677,2884647,2884439,2884922,2886111,2886111,2889351,2891873,2893742,2895125,2895125,2895417,2895639,2895404,2895056,2895056,2894392,2894031,2893608,2893096,2893096,2892436,2891874,2891472,2891220,2891220,2891067,2890928,2891102,2891102,2891102,2891102,2891102,H
2880240,2880240,2880240,2880240,2880240,2880240,2880240,2880566,2880744,2880744,2881107,2881404,2881360,2881683,2881683,2880116,2878792,2881031,2884143,2884143,2884436,2886234,2889762,2891083,2891083,2893771,2896689,2897745,2897423,2897423,2896149,2895584,2894823,2894418,2894418,2894137,2893288,2893288,2893288,2893288,2893288,2893288,2893288,H
2916856,2916856,2916856,2916856,2916856,2916856,2916856,2916669,2916598,2916598,2916312,2916270,2916178,2916397,2916397,2916328,2916587,2916722,2917552,2917552,2920207,2924246,2928737,2933638,2933638,2937458,2939857,2938335,2935386,2935386,2932199,2930928,2929563,2928155,2928155,2926673,2925168,2925168,2925168,2925168,2925168,2925168,2925168,H
2899495,2899495,2899495,2898503,2898133,2897500,2896842,2896842,2896477,2896430,2896122,2896041,2896041,2895969,2896105,2896379,2895878,2895878,2895926,2896403,2897676,2899041,2899041,2900039,2900714,2900077,2899260,2899260,2898323,2897617,2897176,2896634,2896634,2896183,2895980,2895896,2896143,2896143,2896428,2896564,2897073,2897504,2897504,H
2890979,2890979,2890979,2890979,2890979,2890979,2890979,2890979,2890979,2890979,2890706,2890223,2890061,2890009,2890115,2890130,2890155,2889461,2888391,2887044,2887564,2888420,2888523,2889572,2890761,2894635,2899196,2901384,2902552,2903898,2903827,2903920,2903703,2903703,2903703,2903703,2903703,2903703,2903703,2903703,2903703,2903703,2903703,H
2893595,2893595,2893595,2893595,2893595,2893595,2893595,2893595,2893595,2893660,2893829,2894274,2894738,2894738,2895056,2895735,2895717,2895028,2895028,2895243,2896766,2898168,2900031,2900031,2902160,2904801,2905505,2905089,2905089,2903644,2903214,2903129,2903243,2903243,2903461,2903461,2903461,2903461,2903461,2903461,2903461,2903461,2903461,H
2887997,2887997,2887997,2887997,2887997,2887997,2887997,2887997,2887997,2887334,2887334,2886950,2886402,2886259,2886389,2886389,2886185,2886518,2887051,2887462,2887462,2888318,2888410,2888494,2888377,2888377,2887879,2887347,2885903,2884266,2884266,2882505,2880722,2878822,2878822,2878822,2878822,2878822,2878822,2878822,2878822,2878822,2878822,H
2885745,2885745,2885745,2885745,2885745,2885745,2885745,2885745,2885510,2885181,2885181,2885360,2885288,2885979,2886124,2886124,2888070,2889310,2886960,2887254,2887254,2889432,2889427,2893225,2897432,2897432,2905297,2905580,2907687,2908026,2908026,2907442,2907153,2906459,2906179,2906179,2906179,2906179,2906179,2906179,2906179,2906179,2906179,H
2890248,2890248,2890248,2890248,2890248,2890248,2890248,2890248,2890781,2891242,2891647,2892131,2892131,2892699,2892889,2892842,2890566,2890566,2889703,2888981,2888408,2888952,2888952,2890170,2891220,2893001,2893938,2893938,2894980,2895627,2896437,2897795,2897795,2898851,2899909,2899909,2899909,2899909,2899909,2899909,2899909,2899909,2899909,H
2903299,2903299,2903299,2903299,2903299,2903299,2903299,2903299,2903299,2903318,2903318,2903555,2903358,2902448,2901606,2901606,2902356,2905249,2909714,2910415,2910415,2910936,2913556,2916172,2918352,2918352,2920946,2923558,2925058,2925412,2925412,2925304,2924445,2922812,2922812,2922812,2922812,2922812,2922812,2922812,2922812,2922812,2922812,H
2880948,2880948,2880948,2880948,2880948,2880948,2880948,2880948,2880948,2880948,2880592,2880338,2880259,2880259,2880333,2880513,2880753,2880475,2880475,2880106,2880067,2878958,2879850,2879850,2879188,2878566,2879755,2882223,2882223,2883193,2883244,2883357,2883480,2883480,2883480,2883480,2883480,2883480,2883480,2883480,2883480,2883480,2883480,H
2871091,2871091,2871091,2871091,2871091,2871091,2871091,2871091,2870296,2868820,2866919,2866919,2865445,2864028,2863083,2862366,2862366,2862334,2862602,2862496,2860495,2860495,2857693,2856760,2857802,2858814,2858814,2859461,2858779,2858156,2856159,2856159,2854867,2853320,2850576,2850576,2850576,2850576,2850576,2850576,2850576,2850576,2850576,H
2893612,2893612,2893612,2893612,2893612,2893612,2893612,2893401,2893401,2893591,2893620,2893999,2894371,2894371,2894868,2895447,2895895,2895731,2895731,2895021,2893203,2892516,2891901,2891901,2890718,2890229,2890478,2890985,2890985,2891190,2891756,2892624,2893572,2893572,2894433,2895178,2896134,2896134,2896134,2896134,2896134,2896134,2896134,H
2896892,2896892,2896892,2896892,2896892,2896892,2896892,2896892,2897209,2897577,2897577,2896430,2894312,2892233,2892541,2892541,2892121,2892975,2893680,2893685,2893685,2894950,2894990,2899694,2904740,2904740,2907464,2908189,2908387,2908265,2908265,2906560,2904736,2903470,2903470,2902528,2902528,2902528,2902528,2902528,2902528,2902528,2902528,H
2908173,2908173,2908173,2908173,2908173,2908173,2908173,2908173,2908173,2908173,2907735,2907747,2907622,2907559,2907559,2907689,2908785,2912828,2922729,2922729,2934607,2944254,2951872,2958057,2958057,2959332,2956587,2952084,2948051,2948051,2944756,2942722,2940075,2937698,2937698,2937698,2937698,2937698,2937698,2937698,2937698,2937698,2937698,H
2885627,2885627,2885627,2885627,2885627,2885627,2885627,2885627,2885627,2885461,2885726,2886052,2886199,2886199,2886437,2886494,2886825,2886890,2886890,2886716,2886925,2886921,2887154,2887154,2887325,2887706,2888117,2888263,2888263,2888715,2889408,2889697,2890500,2890500,2891106,2891106,2891106,2891106,2891106,2891106,2891106,2891106,2891106,H
2878739,2878739,2878739,2878739,2878739,2878739,2878739,2877791,2876955,2876955,2876296,2875713,2875356,2875274,2875274,2875325,2875690,2876457,2877859,2877859,2880146,2882045,2883534,2883685,2883685,2884495,2882620,2879703,2877088,2877088,2875933,2875328,2874493,2873753,2873753,2873283,2873283,2873283,2873283,2873283,2873283,2873283,2873283,H
2874755,2874755,2874755,2874755,2874755,2874755,2874755,2874755,2874755,2874755,2874755,2874755,2875185,2875845,2876380,2877096,2877096,2877232,2876323,2876788,2877925,2877925,2878618,2878579,2878300,2877944,2877944,2877957,2877999,2877550,2877353,2877353,2877572,2877572,2877572,2877572,2877572,2877572,2877572,2877572,2877572,2877572,2877572,H
2887014,2887014,2887014,2887014,2887014,2887014,2887014,2887014,2887014,2886593,2886445,2886683,2887551,2887551,2888972,2890543,2892606,2895427,2895427,2897524,2899095,2898801,2898929,2898929,2897810,2895830,2894043,2892863,2892863,2891409,2890325,2889369,2888642,2888642,2888642,2888642,2888642,2888642,2888642,2888642,2888642,2888642,2888642,H
2890721,2890721,2890721,2890721,2890721,2890721,2890721,2890721,2890721,2890721,2890721,2890721,2890142,2889798,2889558,2889304,2889304,2889084,2890053,2891560,2891098,2891098,2892986,2896869,2900969,2902618,2904583,2904583,2906057,2905722,2904636,2904636,2903755,2903755,2903755,2903755,2903755,2903755,2903755,2903755,2903755,2903755,2903755,H
2881739,2881739,2881739,2881739,2881739,2881739,2881739,2881739,2881739,2881739,2881739,2881739,2881739,2881739,2881743,2881966,2881872,2883015,2883015,2884031,2884943,2885211,2887573,2887573,2891182,2894141,2897845,2900499,2900499,2901140,2901140,2901140,2901140,2901140,2901140,2901140,2901140,2901140,2901140,2901140,2901140,2901140,2901140,H
2822347,2822347,2822347,2822347,2822347,2823103,2823310,2824196,2824196,2824653,2825079,2825258,2824572,2824572,2824266,2823575,2823223,2822724,2822724,2822888,2823502,2825303,2826301,2826301,2826553,2825260,2824423,2824653,2826022,2826022,2827475,2828566,2829382,2830147,2830147,2830735,2830931,2831188,2831278,2831278,2831278,2831278,2831278,H
2887942,2887942,2887942,2887942,2887942,2887942,2888480,2889180,2889180,2889806,2890316,2890803,2890025,2890025,2889038,2888396,2887759,2887544,2887544,2887452,2887234,2888892,2894273,2894273,2900616,2905193,2908513,2909495,2909495,2908048,2907572,2907678,2908055,2908055,2907354,2905204,2903391,2901512,2901512,2901512,2901512,2901512,2901512,H
2877940,2877940,2877940,2877940,2877940,2877990,2877990,2878184,2878521,2878603,2878790,2878790,2879011,2877921,2876668,2875813,2875813,2875571,2874424,2872558,2870881,2870881,2870061,2868760,2867672,2866727,2866727,2865816,2865234,2866145,2866873,2866873,2867527,2868091,2867581,2866553,2866553,2866532,2866532,2866532,2866532,2866532,2866532,H
2894508,2894508,2894508,2894508,2894508,2894508,2894508,2894508,2895247,2896131,2896977,2896977,2896641,2896384,2896243,2896007,2896007,2896283,2898005,2900883,2902120,2902120,2901479,2901439,2901117,2901173,2901173,2901718,2902314,2903190,2903669,2903669,2904483,2904303,2903706,2903706,2903706,2903706,2903706,2903706,2903706,2903706,2903706,H
2889440,2889440,2889440,2889440,2889440,2889440,2889440,2889440,2890100,2890813,2891701,2892572,2892572,2893365,2894350,2895425,2895701,2895701,2895391,2893517,2892789,2892323,2892323,2892794,2893399,2893455,2893824,2893824,2895468,2897384,2899427,2900679,2900679,2902069,2902576,2902576,2902576,2902576,2902576,2902576,2902576,2902576,2902576,H
2893377,2893377,2893377,2893377,2893377,2893377,2893377,2893377,2893377,2893502,2893502,2894131,2894828,2895247,2895031,2895031,2894829,2897719,2903260,2909930,2909930,2915607,2920714,2924557,2926538,2926538,2927437,2927245,2926738,2925200,2925200,2923989,2922809,2920698,2920698,2920698,2920698,2920698,2920698,2920698,2920698,2920698,2920698,H
2799436,2799436,2799436,2799436,2799436,2797017,2794563,2794563,2792179,2790115,2788130,2786167,2786167,2784402,2782835,2781686,2780512,2780512,2780039,2778661,2778299,2777473,2777473,2774426,2771732,2768984,2766090,2766090,2763304,2761319,2759351,2757229,2757229,2755590,2753920,2752452,2751020,2751020,2751020,2751020,2751020,2751020,2751020,H
2867763,2867763,2867763,2867763,2867763,2867763,2867763,2867763,2867763,2867763,2866558,2866558,2865597,2865118,2864526,2864573,2864573,2865199,2865749,2866229,2865946,2865946,2866949,2867130,2865608,2864690,2864690,2863971,2862738,2861206,2862375,2862375,2863263,2864472,2864472,2864472,2864472,2864472,2864472,2864472,2864472,2864472,2864472,H
2851791,2851791,2851791,2851791,2851566,2851566,2851822,2851924,2852099,2852182,2852182,2851538,2849886,2848222,2849226,2849226,2850773,2857207,2865510,2872288,2872288,2878089,2882996,2885140,2883677,2883677,2884524,2885018,2884512,2883258,2883258,2880762,2877314,2874778,2872482,2872482,2870565,2873047,2873416,2873416,2873416,2873416,2873416,H
2882691,2881502,2881502,2880810,2879800,2879108,2878769,2878769,2878471,2878061,2877469,2876905,2876905,2876194,2877230,2877744,2879295,2879295,2880740,2882779,2883990,2883915,2883915,2883227,2882412,2881701,2880973,2880973,2880099,2879276,2878570,2878258,2878258,2878396,2878171,2878431,2878766,2878766,2879287,2879888,2880466,2880095,2880095,H
2827223,2826364,2825380,2825380,2824389,2823657,2822761,2822170,2822170,2821731,2821338,2821211,2821328,2821328,2822139,2823227,2823199,2823970,2823970,2825142,2825975,2827441,2828270,2828270,2829078,2828179,2826989,2824766,2824766,2822545,2820156,2818119,2815470,2815470,2813274,2811074,2809199,2807281,2807281,2805769,2803287,2800739,2797953,H
2869316,2869316,2869316,2869316,2869316,2869316,2869316,2869827,2869827,2870360,2870835,2869937,2868764,2868764,2868088,2867135,2865463,2864033,2864033,2859951,2858410,2859961,2861438,2861438,2864145,2868230,2872032,2872032,2874853,2875686,2876168,2876456,2876456,2875620,2874317,2873026,2872075,2872075,2872075,2872075,2872075,2872075,2872075,H
2846144,2846144,2846144,2846144,2846144,2846144,2846144,2846144,2846144,2846144,2846144,2846311,2845817,2845114,2844693,2844693,2844101,2843822,2843870,2843462,2843462,2844600,2848907,2855277,2859173,2859173,2862798,2865898,2866824,2866496,2866496,2866028,2865424,2864413,2864413,2864413,2864413,2864413,2864413,2864413,2864413,2864413,2864413,H
2802904,2802904,2802904,2802904,2802904,2802904,2802904,2802904,2802473,2801954,2800475,2799657,2799657,2798002,2795943,2793900,2792009,2792009,2790974,2792293,2801320,2815119,2815119,2829239,2837203,2837175,2835065,2835065,2832945,2831150,2829169,2826594,2826594,2824116,2821858,2821858,2821858,2821858,2821858,2821858,2821858,2821858,2821858,H
2795834,2795834,2795834,2795834,2795834,2795834,2795834,2795834,2795834,2794500,2793506,2792672,2792030,2792030,2791328,2790828,2790421,2790187,2790187,2790516,2790470,2792501,2800593,2807620,2811488,2814823,2817076,2819785,2821730,2823569,2825286,2826768,2828162,2829159,2829820,2829820,2829820,2829820,2829820,2829820,2829820,2829820,2829820,H
2833833,2833833,2833833,2833833,2833833,2833833,2833833,2833833,2833833,2833833,2833833,2832285,2830784,2829209,2828104,2827592,2828895,2828613,2825116,2823139,2821456,2820825,2819769,2818434,2817153,2816458,2816309,2815313,2813506,2811929,2810700,2809532,2809532,2809532,2809532,2809532,2809532,2809532,2809532,2809532,2809532,2809532,2809532,H
2889092,2889092,2889092,2889092,2889092,2889092,2889092,2889092,2889092,2889092,2889092,2889448,2888753,2887688,2886687,2885804,2884908,2884700,2884887,2886205,2891577,2904670,2919348,2929878,2935706,2937585,2936650,2933905,2930490,2926781,2923860,2920909,2918289,2918289,2918289,2918289,2918289,2918289,2918289,2918289,2918289,2918289,2918289,H
2878408,2878408,2878408,2878408,2878408,2878408,2878408,2877266,2876464,2875619,2874986,2874986,2874297,2873744,2874317,2874038,2874038,2874481,2874116,2874097,2873753,2873753,2873733,2874179,2873476,2873825,2873825,2874236,2874331,2874449,2874636,2874636,2874668,2874424,2874343,2874614,2874614,2874614,2874614,2874614,2874614,2874614,2874614,M
2899621,2899621,2899621,2899621,2899621,2899621,2899621,2899621,2899621,2899031,2898187,2897766,2897776,2897776,2900360,2905075,2911156,2915961,2915961,2919566,2923081,2926266,2926266,2928802,2930624,2930843,2929041,2929041,2925148,2922242,2920688,2919102,2919102,2917537,2915857,2915857,2915857,2915857,2915857,2915857,2915857,2915857,2915857,M
2888127,2888127,2888127,2888127,2888127,2888127,2888127,2888127,2888127,2888388,2888729,2889176,2889681,2889681,2890212,2890804,2891054,2890442,2890442,2891257,2890208,2891063,2892772,2892772,2896558,2898464,2900891,2901644,2901644,2902031,2901497,2901315,2901308,2901308,2901308,2901308,2901308,2901308,2901308,2901308,2901308,2901308,2901308,M
2889432,2889432,2889432,2889432,2889432,2889432,2889432,2889432,2889432,2889432,2889432,2888977,2888601,2888478,2888478,2888352,2888139,2888393,2888458,2888458,2889545,2890902,2891136,2891516,2891516,2891064,2891760,2892074,2891861,2891861,2891605,2891328,2890934,2890934,2890934,2890934,2890934,2890934,2890934,2890934,2890934,2890934,2890934,M
2883319,2883319,2883319,2883319,2883319,2883319,2883319,2883319,2883319,2883319,2883319,2882478,2881636,2880939,2880939,2880267,2879687,2879101,2878767,2878767,2878969,2877654,2874687,2872595,2872595,2870998,2869752,2869350,2869113,2869113,2868604,2868377,2868184,2868184,2868184,2868184,2868184,2868184,2868184,2868184,2868184,2868184,2868184,M
2896761,2896761,2896761,2896761,2896761,2896761,2896761,2896761,2896761,2896530,2896274,2896274,2896281,2896722,2897456,2900389,2900389,2907164,2913606,2917506,2915911,2915911,2912687,2911034,2910532,2909916,2909916,2909489,2908971,2908533,2908020,2908020,2908189,2908274,2908772,2908772,2908772,2908772,2908772,2908772,2908772,2908772,2908772,M
2905259,2905259,2905259,2905259,2905259,2905259,2905259,2905259,2905259,2905259,2904640,2904344,2903870,2903732,2903732,2903589,2903427,2903018,2902998,2902998,2904143,2905787,2907386,2907947,2907947,2908410,2908717,2908826,2908990,2908990,2908719,2908267,2908137,2907914,2907914,2907914,2907914,2907914,2907914,2907914,2907914,2907914,2907914,M
2890230,2890230,2890230,2890230,2890230,2890230,2890230,2890230,2890534,2890534,2890640,2890059,2889402,2888801,2888801,2888208,2887707,2887521,2887026,2887026,2886684,2886095,2886371,2886558,2886558,2886442,2886794,2887218,2887862,2887862,2888544,2888380,2887794,2887678,2887678,2887678,2887678,2887678,2887678,2887678,2887678,2887678,2887678,M
2913856,2913856,2913856,2913856,2913856,2913856,2913856,2913856,2913856,2913856,2913856,2913856,2912943,2911714,2910719,2909594,2909594,2908367,2906075,2904630,2902305,2902305,2901112,2900220,2900396,2900518,2900518,2900600,2902065,2903779,2905271,2905271,2906332,2906332,2906332,2906332,2906332,2906332,2906332,2906332,2906332,2906332,2906332,M
2902436,2902436,2902436,2902436,2902436,2902436,2902436,2902436,2902436,2902436,2902695,2903447,2903447,2903962,2904614,2905239,2905239,2904962,2903579,2902316,2901581,2901581,2900746,2900010,2898720,2898331,2898331,2898104,2898935,2900254,2901588,2902946,2902946,2903871,2903871,2903871,2903871,2903871,2903871,2903871,2903871,2903871,2903871,M
2898232,2898232,2898232,2898232,2898232,2898232,2897632,2896855,2896216,2896216,2895590,2895320,2894946,2894816,2894816,2894552,2894650,2894657,2894863,2894863,2895260,2895907,2895346,2895977,2895977,2895553,2893865,2892773,2891944,2891944,2891883,2893406,2894348,2894836,2894836,2894908,2894795,2894546,2894546,2894546,2894546,2894546,2894546,M
2908709,2908709,2908709,2908709,2908709,2908709,2908709,2908709,2908648,2909007,2909007,2909090,2909467,2909294,2909102,2909102,2908891,2909787,2910839,2911193,2911193,2911687,2912308,2912969,2913050,2913050,2913007,2912471,2912008,2911744,2911744,2911474,2911061,2911145,2911051,2911051,2911051,2911051,2911051,2911051,2911051,2911051,2911051,M
2901306,2901306,2901306,2901306,2901306,2901306,2901306,2901306,2901306,2901306,2901306,2901306,2901470,2901443,2901124,2900924,2900924,2901418,2902013,2902301,2902533,2902533,2902640,2902995,2902617,2901531,2901531,2900545,2900039,2898933,2898778,2898778,2898181,2898181,2898181,2898181,2898181,2898181,2898181,2898181,2898181,2898181,2898181,M
2914226,2914226,2914226,2914226,2914226,2914226,2914226,2914226,2914226,2914226,2914226,2913231,2912630,2911868,2911323,2911323,2911733,2915344,2921195,2925565,2928756,2928756,2930654,2931390,2930770,2930770,2929775,2928893,2928354,2927436,2925631,2925631,2923642,2921926,2921926,2921926,2921926,2921926,2921926,2921926,2921926,2921926,2921926,M
2867353,2867234,2867234,2867490,2867475,2866390,2865047,2865047,2863869,2862657,2861904,2861173,2861173,2860632,2860180,2859866,2859692,2859692,2859559,2859736,2859855,2859948,2859948,2860101,2860519,2860949,2859878,2859878,2858468,2857194,2855388,2853712,2853712,2851620,2850233,2849415,2848823,2848823,2848025,2847451,2847027,2846516,2846516,M
2883015,2883015,2883015,2883015,2883015,2883015,2883015,2883015,2883527,2883527,2883867,2884048,2884579,2885098,2885098,2886361,2886870,2886410,2886424,2886424,2886616,2885423,2883034,2881996,2881996,2882208,2882351,2882489,2882722,2882722,2883095,2883231,2883715,2884122,2884122,2884122,2884122,2884122,2884122,2884122,2884122,2884122,2884122,M
2905323,2905323,2905514,2905505,2905729,2905729,2905165,2904201,2903767,2903787,2903787,2903961,2904375,2904847,2906153,2906153,2909334,2912373,2915826,2919559,2919559,2923151,2926650,2930012,2932485,2932485,2933544,2932480,2932098,2932383,2932383,2931859,2930321,2928934,2927618,2927618,2926169,2924502,2923521,2922373,2922373,2921577,2921577,M
2889800,2889800,2889800,2889800,2889800,2889800,2889800,2889800,2889800,2889800,2889800,2889800,2889800,2889800,2888902,2887640,2886746,2886891,2886891,2886416,2887168,2887500,2887825,2887825,2888028,2888938,2889946,2890391,2890391,2890838,2890838,2890838,2890838,2890838,2890838,2890838,2890838,2890838,2890838,2890838,2890838,2890838,2890838,M
2907104,2907104,2907104,2907104,2907104,2907104,2907104,2907104,2907104,2907104,2907228,2907228,2906582,2905444,2904620,2903614,2903614,2902766,2902141,2902054,2902152,2902152,2902587,2903379,2905294,2906348,2906348,2906824,2906833,2907350,2907789,2907789,2908031,2907291,2907291,2907291,2907291,2907291,2907291,2907291,2907291,2907291,2907291,M
2893819,2893819,2893819,2893819,2893819,2893819,2893819,2893819,2893819,2893738,2893738,2893361,2893387,2893367,2893733,2893733,2893919,2894438,2894651,2894651,2896042,2897377,2897936,2896591,2896591,2894689,2893024,2892678,2892591,2892591,2892393,2892144,2892380,2892566,2892566,2892566,2892566,2892566,2892566,2892566,2892566,2892566,2892566,M
2876141,2876141,2876141,2876141,2876141,2876141,2876141,2876141,2876466,2876872,2877355,2877817,2877817,2878253,2878334,2877385,2876444,2876444,2875843,2875206,2874817,2874060,2874060,2874272,2873809,2874008,2874128,2874128,2874753,2875600,2876250,2876595,2876595,2877089,2877548,2876634,2875582,2875582,2875582,2875582,2875582,2875582,2875582,M
2881992,2881992,2881992,2881992,2881992,2881992,2881992,2881992,2881992,2881992,2881992,2882289,2882642,2882642,2883093,2883577,2884106,2884642,2884642,2884187,2882220,2880507,2880262,2880262,2880511,2881276,2882037,2882581,2882581,2883229,2883952,2884668,2885251,2885251,2885251,2885251,2885251,2885251,2885251,2885251,2885251,2885251,2885251,M
2880485,2880485,2880485,2880485,2880485,2880485,2880485,2880485,2880485,2880485,2880485,2880485,2880286,2879880,2879880,2879807,2879563,2879387,2878809,2878809,2879568,2880180,2881130,2881965,2881965,2882802,2882430,2881348,2880588,2880588,2879843,2879031,2879031,2879031,2879031,2879031,2879031,2879031,2879031,2879031,2879031,2879031,2879031,M
2910204,2910204,2910204,2910204,2910204,2910204,2910204,2910204,2910204,2909488,2909268,2909268,2908887,2908523,2908265,2909553,2909553,2911153,2913445,2914109,2917718,2917718,2919694,2923685,2926056,2925435,2925435,2925616,2926339,2926089,2925370,2925370,2924203,2923406,2923406,2923406,2923406,2923406,2923406,2923406,2923406,2923406,2923406,M
2804321,2804321,2804321,2804321,2804321,2804321,2804321,2804321,2804321,2804321,2804004,2802798,2802117,2802117,2801398,2800622,2799195,2796994,2796994,2795301,2793001,2790386,2788841,2788841,2789610,2792266,2794533,2797207,2797207,2798920,2800715,2802066,2802845,2802845,2802845,2802845,2802845,2802845,2802845,2802845,2802845,2802845,2802845,M
2871069,2871069,2871069,2871069,2871069,2871069,2871069,2871069,2871069,2871069,2870937,2870937,2871158,2871601,2872071,2872508,2872508,2873295,2873868,2874796,2876081,2876081,2877147,2880754,2882218,2882647,2882647,2882611,2881259,2879999,2879123,2879123,2878583,2878640,2878640,2878640,2878640,2878640,2878640,2878640,2878640,2878640,2878640,M
2904677,2904677,2904677,2904677,2904677,2904677,2904677,2904677,2904677,2904677,2904677,2904677,2904309,2904061,2904083,2903964,2903964,2904085,2904647,2905630,2906517,2906517,2906712,2906133,2904600,2903246,2903246,2902184,2900906,2900614,2900766,2900766,2901175,2901175,2901175,2901175,2901175,2901175,2901175,2901175,2901175,2901175,2901175,M
2894905,2894905,2894905,2894905,2894905,2894905,2894905,2894905,2894905,2894905,2894905,2894905,2893670,2892795,2892069,2891664,2891664,2891279,2891331,2892164,2892609,2892609,2892597,2890513,2887088,2883823,2883823,2880829,2878322,2876994,2875847,2875847,2875358,2875358,2875358,2875358,2875358,2875358,2875358,2875358,2875358,2875358,2875358,M
2855148,2855148,2855148,2855148,2855148,2855148,2855148,2855148,2855148,2855148,2855148,2855072,2855190,2855643,2855254,2855254,2853810,2851809,2847123,2845767,2845767,2845762,2846275,2847772,2848761,2848761,2850442,2852109,2853526,2854741,2854741,2855650,2856468,2856468,2856468,2856468,2856468,2856468,2856468,2856468,2856468,2856468,2856468,M
2874338,2874338,2874338,2874338,2874338,2874338,2874338,2874338,2873360,2872522,2872522,2871434,2870576,2869825,2869825,2869601,2869963,2870996,2871059,2870622,2870622,2873315,2873620,2872906,2872906,2871741,2874123,2876723,2877697,2877697,2878043,2877960,2877114,2876544,2876544,2876544,2876544,2876544,2876544,2876544,2876544,2876544,2876544,M
2872020,2872020,2872020,2872020,2872020,2872020,2872020,2872020,2871404,2870686,2870035,2869675,2869675,2869462,2869293,2869406,2869744,2869744,2870032,2870778,2872412,2873902,2873902,2875674,2876949,2877269,2877109,2877109,2876075,2875240,2874958,2874831,2874831,2874764,2874879,2874879,2874879,2874879,2874879,2874879,2874879,2874879,2874879,M
2881932,2881932,2881932,2881932,2881932,2881932,2881932,2881932,2881932,2881932,2881932,2881427,2880986,2880691,2880691,2879725,2878253,2877281,2876771,2876771,2875894,2874765,2875626,2875995,2875995,2876809,2878181,2879887,2881441,2881441,2882302,2883235,2883828,2883828,2883828,2883828,2883828,2883828,2883828,2883828,2883828,2883828,2883828,M
2855931,2855931,2855931,2855931,2855931,2855931,2855931,2856042,2856395,2856916,2856916,2857490,2858582,2859319,2860142,2860142,2861171,2862085,2861284,2860070,2860070,2858582,2858123,2858219,2858950,2858950,2859428,2860189,2861084,2862325,2862325,2863139,2864448,2865408,2866403,2866403,2866403,2866403,2866403,2866403,2866403,2866403,2866403,M
2875413,2875413,2875413,2875413,2875413,2875413,2875413,2875413,2875413,2875413,2875649,2875649,2875806,2876141,2876121,2876132,2876132,2876156,2874729,2872753,2870967,2870967,2870422,2871242,2871877,2872267,2872267,2873255,2874531,2875635,2876151,2876151,2876838,2877366,2877366,2877366,2877366,2877366,2877366,2877366,2877366,2877366,2877366,M
2845120,2845120,2845120,2845120,2845120,2845120,2845120,2845120,2845120,2845120,2845120,2842586,2840417,2838335,2836143,2836143,2835116,2835147,2835769,2835877,2835877,2836622,2836841,2835587,2834762,2834762,2833417,2830372,2827795,2825912,2825912,2824649,2824754,2824754,2824754,2824754,2824754,2824754,2824754,2824754,2824754,2824754,2824754,M
2836304,2836304,2836304,2836304,2836304,2836304,2835879,2835829,2835713,2835751,2835751,2835748,2835736,2836027,2836321,2836321,2836776,2837292,2837440,2838801,2838801,2841725,2844717,2846995,2847788,2847788,2848383,2848430,2847964,2847171,2847171,2847125,2847359,2847857,2847983,2847983,2848523,2849013,2849863,2849863,2849863,2849863,2849863,M
2877750,2877750,2877750,2877750,2877750,2877750,2877750,2877750,2877120,2876809,2876809,2876547,2876502,2876797,2876922,2876922,2877051,2877028,2877278,2878324,2878324,2879661,2881522,2882170,2882121,2882121,2881668,2881023,2880299,2880000,2880000,2879620,2879355,2879325,2879484,2879484,2879484,2879484,2879484,2879484,2879484,2879484,2879484,M
2871520,2871520,2871520,2871520,2871520,2871520,2871520,2871520,2871520,2871520,2871376,2871159,2870957,2870642,2870332,2870154,2872482,2874434,2876189,2878248,2878704,2878493,2878043,2877495,2876601,2875028,2873287,2872869,2872951,2872790,2873183,2873864,2874099,2874099,2874099,2874099,2874099,2874099,2874099,2874099,2874099,2874099,2874099,M
2793068,2793068,2793068,2793068,2793068,2793068,2793068,2793068,2793068,2793068,2793068,2792929,2792980,2793142,2793822,2794352,2794614,2795288,2796597,2796811,2795530,2794735,2793916,2792768,2791292,2790348,2789086,2787957,2787791,2787597,2787526,2787758,2787758,2787758,2787758,2787758,2787758,2787758,2787758,2787758,2787758,2787758,2787758,M
2896572,2896572,2896572,2896572,2896821,2897048,2897553,2897553,2897960,2898373,2898772,2899423,2900037,2900037,2900839,2901473,2902156,2902532,2902532,2902544,2902590,2902394,2902394,2902318,2902716,2903339,2904219,2904219,2904740,2905352,2906114,2907032,2907032,2907822,2909000,2910249,2911135,2911135,2912193,2912193,2912193,2912193,2912193,S
2882259,2882259,2882259,2882259,2882259,2882259,2882259,2882259,2881656,2881252,2880776,2880776,2880395,2880320,2880020,2879650,2879650,2879363,2879081,2878546,2878640,2878640,2879013,2879346,2880128,2881084,2881084,2882038,2882720,2882357,2881916,2881916,2881670,2881112,2880840,2880840,2880840,2880840,2880840,2880840,2880840,2880840,2880840,S
2903257,2903257,2903257,2903257,2903257,2903257,2903257,2903257,2903257,2903257,2903136,2902967,2903073,2903073,2902966,2902137,2901182,2900178,2900178,2899799,2899716,2899728,2899288,2899288,2895629,2893216,2892624,2892624,2892348,2892075,2891918,2891796,2891796,2891811,2891811,2891811,2891811,2891811,2891811,2891811,2891811,2891811,2891811,S
2888038,2888038,2888038,2888038,2888038,2888038,2888038,2888038,2888038,2887946,2887862,2887945,2887988,2887988,2888336,2889016,2889900,2890246,2890246,2890223,2889325,2888848,2887731,2887731,2886537,2885802,2885343,2885046,2885046,2884860,2884832,2884671,2884391,2884391,2884483,2884483,2884483,2884483,2884483,2884483,2884483,2884483,2884483,S
2915835,2915835,2915835,2915835,2915835,2915835,2915835,2915835,2915835,2915835,2916410,2916946,2917527,2918320,2918320,2918993,2920758,2922430,2923694,2923694,2924267,2923840,2923574,2922753,2922753,2922195,2921745,2921563,2921563,2921538,2921383,2921419,2921701,2921701,2921701,2921701,2921701,2921701,2921701,2921701,2921701,2921701,2921701,S
2917310,2917310,2917310,2917310,2917310,2917310,2917310,2917310,2917310,2916685,2916685,2916604,2916022,2915880,2915596,2915596,2915550,2915251,2915144,2914527,2914527,2914588,2914324,2913398,2912697,2912697,2912043,2911006,2910019,2908992,2908992,2908186,2907566,2906764,2906764,2906764,2906764,2906764,2906764,2906764,2906764,2906764,2906764,S
2904564,2904564,2904564,2904564,2904564,2904564,2904564,2904564,2904564,2904564,2903930,2903541,2903024,2902539,2902539,2902330,2902226,2902375,2902465,2902465,2901862,2902501,2903314,2904398,2904398,2904043,2902779,2901365,2900832,2900832,2900265,2900068,2899747,2899586,2899586,2899586,2899586,2899586,2899586,2899586,2899586,2899586,2899586,S
2897568,2897568,2897568,2897568,2897568,2897568,2897568,2897568,2897568,2897568,2897568,2897568,2897531,2897725,2898105,2898497,2898560,2898742,2899153,2899616,2900327,2901171,2902041,2902613,2902663,2902303,2901687,2901488,2901132,2901233,2901236,2901236,2901236,2901236,2901236,2901236,2901236,2901236,2901236,2901236,2901236,2901236,2901236,S
2927968,2927968,2927968,2927968,2927968,2927968,2927968,2927968,2927968,2927968,2927968,2927968,2930002,2931704,2933511,2935984,2938678,2941252,2944670,2946238,2946935,2945867,2945095,2944488,2944262,2943447,2942407,2941837,2941152,2941412,2941244,2941244,2941244,2941244,2941244,2941244,2941244,2941244,2941244,2941244,2941244,2941244,2941244,S
2894603,2894603,2894603,2894603,2894603,2894603,2894603,2894603,2894603,2894603,2894603,2894748,2894654,2894758,2894758,2894911,2895380,2895526,2895923,2895923,2896458,2897033,2897428,2898143,2898143,2898561,2898439,2899353,2900553,2900553,2900680,2901048,2901436,2901436,2901436,2901436,2901436,2901436,2901436,2901436,2901436,2901436,2901436,S
2889200,2889200,2889200,2889200,2889200,2889200,2889200,2889200,2889260,2889260,2889401,2889659,2889864,2890349,2890349,2890805,2891353,2891723,2891155,2891155,2889709,2888961,2888822,2888841,2888841,2888076,2887925,2887403,2887408,2887408,2887467,2888202,2888435,2889090,2889090,2889090,2889090,2889090,2889090,2889090,2889090,2889090,2889090,S
2870971,2870971,2870971,2870971,2870971,2870971,2870971,2870971,2870051,2869351,2868661,2867778,2867778,2866127,2862955,2860203,2856960,2856960,2854443,2852372,2850042,2847870,2847870,2845772,2844018,2843118,2842303,2842303,2841982,2841585,2841732,2842162,2842162,2842839,2842597,2841224,2841224,2841224,2841224,2841224,2841224,2841224,2841224,S
2886109,2886109,2886109,2886109,2886109,2886109,2886109,2886109,2886109,2886109,2886109,2885907,2885819,2885849,2886250,2886250,2885549,2885775,2886168,2886168,2886223,2886546,2887593,2888756,2889430,2889430,2889810,2890579,2891024,2891893,2891893,2892562,2892897,2892897,2892897,2892897,2892897,2892897,2892897,2892897,2892897,2892897,2892897,S
2910598,2910598,2910598,2910598,2910598,2910598,2910598,2910598,2910598,2910598,2910598,2910617,2910133,2910034,2910034,2909873,2910158,2910296,2910713,2910713,2911902,2914013,2915554,2916490,2916490,2915215,2913146,2912222,2911767,2911767,2911152,2910945,2911188,2911188,2911188,2911188,2911188,2911188,2911188,2911188,2911188,2911188,2911188,S
2878282,2878282,2878282,2878959,2879689,2880105,2881126,2881126,2881713,2881464,2881388,2881254,2881254,2881256,2881589,2882110,2882693,2882693,2883011,2883354,2884079,2884582,2884582,2885096,2885824,2886159,2886103,2886103,2885758,2885369,2883990,2883760,2883760,2883720,2884355,2884988,2885276,2885276,2885778,2886353,2886735,2886735,2886735,S
2872922,2872922,2872922,2872922,2872922,2872922,2872922,2872922,2872922,2872922,2871700,2871700,2870847,2869981,2869523,2869443,2869443,2869292,2868327,2866949,2864956,2864956,2863519,2862633,2861920,2862204,2862204,2862735,2863426,2863532,2862706,2862706,2862100,2862100,2862100,2862100,2862100,2862100,2862100,2862100,2862100,2862100,2862100,S
2904022,2904022,2904022,2904022,2904022,2904022,2904022,2904022,2904022,2904022,2904022,2903984,2902899,2902899,2901841,2900926,2900179,2900027,2900027,2900604,2902049,2903714,2904920,2904920,2905613,2905742,2905300,2904853,2904853,2904978,2905188,2905304,2904355,2904355,2904355,2904355,2904355,2904355,2904355,2904355,2904355,2904355,2904355,S
2898790,2898790,2898790,2898790,2898790,2898790,2898790,2898790,2898790,2898790,2899347,2900116,2900598,2900598,2900321,2899576,2898846,2898739,2898739,2898759,2898506,2898911,2899308,2899308,2899710,2900277,2900706,2901150,2901150,2901773,2902367,2902688,2903212,2903212,2903212,2903212,2903212,2903212,2903212,2903212,2903212,2903212,2903212,S
2845178,2845178,2845178,2845178,2845178,2845178,2845178,2845178,2845178,2845178,2845178,2845283,2845420,2845573,2845852,2845852,2846040,2846396,2845001,2844495,2844495,2845221,2846784,2847552,2848091,2848091,2849258,2851548,2854469,2856731,2856731,2858819,2860662,2860662,2860662,2860662,2860662,2860662,2860662,2860662,2860662,2860662,2860662,S
2905190,2905190,2905190,2905190,2905190,2905190,2905190,2905190,2905190,2905190,2905190,2905190,2907491,2908910,2908454,2907032,2907032,2905268,2904914,2904442,2904008,2904008,2904005,2903987,2904289,2904400,2904400,2904817,2904982,2905514,2906100,2906100,2906993,2906993,2906993,2906993,2906993,2906993,2906993,2906993,2906993,2906993,2906993,S
2904636,2904636,2904636,2904636,2904636,2904636,2904636,2904636,2904636,2904636,2904705,2904708,2904869,2905336,2905336,2905510,2905531,2905790,2906349,2906349,2905844,2904944,2904152,2903404,2903404,2902763,2902233,2902061,2901898,2901898,2902179,2902158,2902266,2902805,2902805,2902805,2902805,2902805,2902805,2902805,2902805,2902805,2902805,S
2892592,2892592,2892592,2892592,2892592,2892592,2892592,2892592,2892592,2892592,2892592,2892830,2893284,2893781,2894182,2893683,2893683,2892880,2892624,2892308,2892472,2892472,2892650,2892874,2892308,2892308,2891746,2891254,2891111,2891107,2891107,2891053,2891245,2891447,2891447,2891447,2891447,2891447,2891447,2891447,2891447,2891447,2891447,S
2888246,2888246,2888246,2888246,2888246,2888246,2888246,2888246,2888246,2888246,2888246,2888246,2888246,2888246,2888328,2888726,2889083,2889032,2889032,2889671,2889708,2888350,2887626,2887626,2886842,2886486,2886228,2886362,2886362,2886635,2886804,2886804,2886804,2886804,2886804,2886804,2886804,2886804,2886804,2886804,2886804,2886804,2886804,S
2896355,2896355,2896355,2896355,2896355,2896355,2896611,2897052,2896388,2896388,2895000,2894360,2893711,2892949,2892949,2892330,2892074,2891772,2891532,2891532,2891521,2891619,2891999,2892786,2892786,2892451,2892075,2892243,2892783,2892783,2892623,2892119,2891687,2890825,2890825,2890489,2890304,2889807,2889807,2889807,2889807,2889807,2889807,S
2893932,2893932,2893932,2893932,2893932,2893932,2893932,2894435,2894917,2895637,2896315,2896315,2896684,2896236,2895689,2895231,2894850,2894850,2894392,2894468,2894361,2894382,2894382,2894381,2894441,2894607,2894944,2894944,2895452,2896251,2896902,2897375,2897375,2897737,2897443,2896739,2896210,2896210,2896210,2896210,2896210,2896210,2896210,S
2848318,2848318,2848318,2848318,2848318,2848318,2848318,2848318,2847886,2847886,2847634,2847220,2847030,2847212,2847212,2847558,2847414,2846993,2846109,2846109,2845137,2844738,2844327,2843803,2843803,2843415,2842609,2842054,2841382,2841382,2841082,2840759,2840282,2840451,2840451,2840451,2840451,2840451,2840451,2840451,2840451,2840451,2840451,S
2895852,2895852,2895852,2895852,2895852,2895852,2895852,2895852,2895205,2895205,2894340,2893627,2893177,2892628,2892628,2892475,2892313,2892206,2892143,2892143,2892383,2893688,2894831,2896324,2896324,2897412,2895834,2893508,2892444,2892444,2891990,2891347,2890913,2890627,2890627,2890627,2890627,2890627,2890627,2890627,2890627,2890627,2890627,S
2883914,2883914,2883914,2883914,2883914,2883914,2883914,2883914,2883914,2883914,2883914,2883210,2882645,2882118,2881582,2881582,2881593,2881728,2881881,2881549,2881549,2881886,2882299,2882593,2881438,2881438,2880584,2879985,2879195,2878432,2878432,2877865,2877337,2877337,2877337,2877337,2877337,2877337,2877337,2877337,2877337,2877337,2877337,S
2812392,2812392,2812392,2812392,2812392,2812392,2812392,2812392,2812392,2812392,2812392,2812392,2812392,2811437,2810429,2810429,2809270,2808433,2807699,2806881,2806881,2805444,2804369,2802841,2801986,2801986,2801052,2799934,2798201,2797024,2797024,2797024,2797024,2797024,2797024,2797024,2797024,2797024,2797024,2797024,2797024,2797024,2797024,S
2867059,2867059,2867059,2867059,2867059,2867059,2867059,2867059,2867059,2867059,2867059,2867059,2867715,2867715,2868087,2868852,2869710,2870631,2870631,2872385,2874452,2876808,2878105,2878105,2877820,2877454,2877256,2877943,2877943,2878708,2878662,2878918,2878918,2878918,2878918,2878918,2878918,2878918,2878918,2878918,2878918,2878918,2878918,S
2856571,2856571,2856571,2856571,2856571,2856571,2856571,2856571,2856571,2856571,2856062,2856062,2855903,2855683,2855277,2855314,2855314,2854771,2853997,2853679,2853813,2853813,2854589,2854958,2855105,2855168,2855168,2856089,2857110,2858462,2859221,2859221,2859912,2860670,2860670,2860670,2860670,2860670,2860670,2860670,2860670,2860670,2860670,S
2835730,2835730,2835730,2835730,2835730,2835730,2835730,2835730,2835730,2835730,2835730,2835877,2835757,2835782,2835782,2835671,2836299,2837034,2838049,2838049,2839753,2841094,2841822,2841836,2841836,2841956,2842209,2843157,2844489,2844489,2845853,2846934,2848156,2848156,2848156,2848156,2848156,2848156,2848156,2848156,2848156,2848156,2848156,S
2820039,2820039,2820039,2820039,2820039,2820039,2820039,2820039,2820039,2820039,2820039,2818216,2818216,2816515,2814906,2812146,2810409,2810409,2809021,2807943,2807481,2807699,2807699,2807649,2806851,2804572,2802582,2802582,2801103,2799275,2797755,2796553,2796553,2796553,2796553,2796553,2796553,2796553,2796553,2796553,2796553,2796553,2796553,S
2890718,2890718,2890718,2890718,2890718,2890718,2890718,2890718,2890027,2890027,2889251,2888501,2888227,2887649,2887649,2887397,2887302,2887401,2887812,2887812,2888071,2888238,2888026,2887086,2887086,2886684,2885166,2884078,2884545,2884545,2885176,2885262,2885297,2885036,2885036,2885036,2885036,2885036,2885036,2885036,2885036,2885036,2885036,S
2853284,2853284,2853284,2853284,2853284,2853284,2853284,2853180,2853268,2853517,2853388,2853388,2853267,2852180,2851098,2849824,2849824,2849002,2849138,2849813,2849761,2849761,2850374,2851184,2851641,2851551,2851551,2851561,2852085,2852755,2853337,2853337,2853342,2853692,2853612,2852818,2852818,2852818,2852818,2852818,2852818,2852818,2852818,S
2877291,2877291,2877291,2877291,2877291,2877291,2877737,2878362,2878904,2879270,2879270,2879926,2879740,2879373,2878909,2878909,2878025,2877324,2876755,2876144,2876144,2875940,2875589,2875832,2877043,2877043,2878444,2879308,2879598,2879743,2879743,2879936,2879283,2878194,2876883,2876883,2875959,2875202,2875202,2875202,2875202,2875202,2875202,S
2836761,2836761,2836761,2836761,2836761,2836761,2836761,2836761,2835352,2834191,2832875,2832875,2831920,2831127,2830236,2829376,2829376,2828210,2827168,2826431,2826816,2826816,2825901,2825606,2826440,2827246,2827246,2828036,2828467,2828752,2829058,2829058,2829343,2829769,2830415,2830415,2830415,2830415,2830415,2830415,2830415,2830415,2830415,S
2761882,2761882,2761882,2761882,2761882,2760220,2760220,2758440,2756626,2754939,2753275,2753275,2750372,2747452,2744769,2742093,2742093,2740729,2740833,2740083,2738900,2738900,2736490,2733908,2731457,2729244,2729244,2727052,2725004,2723420,2721729,2721729,2720637,2718897,2716781,2715402,2715402,2714517,2714517,2714517,2714517,2714517,2714517,S
2864643,2864643,2864643,2864643,2864643,2864643,2864643,2864643,2864643,2864643,2864643,2864643,2864755,2864789,2864809,2865146,2865551,2865544,2866509,2868020,2869565,2871271,2872550,2873316,2873675,2874315,2874341,2873534,2872747,2872048,2871386,2871386,2871386,2871386,2871386,2871386,2871386,2871386,2871386,2871386,2871386,2871386,2871386,S
