2657361,2656566,2656566,2655971,2655435,2655176,2655104,2655104,2655123,2654682,2654118,2653075,2653075,2651968,2650699,2649458,2647801,2647801,2645737,2643864,2642045,2640256,2640256,2639174,2637479,2636257,2635289,2635289,2634255,2633513,2632891,2632256,2632256,2631478,2630711,2630996,2631503,2631503,2634125,2637184,2639480,2642127,2642127,H
2678946,2678843,2678933,2678933,2678936,2678790,2678956,2678915,2678915,2678970,2679856,2680949,2681983,2681983,2683081,2684249,2685479,2685599,2685599,2685385,2685104,2684438,2684517,2684517,2684099,2683483,2682489,2681012,2681012,2674200,2667761,2664684,2665551,2665551,2667237,2669074,2670625,2672117,2672117,2673667,2675137,2676911,2679067,H
2730283,2731571,2732742,2733601,2733601,2733588,2733760,2733589,2734002,2734002,2734171,2734228,2734573,2736235,2736235,2737904,2739734,2741024,2742098,2742098,2743103,2743435,2743693,2743468,2743468,2743427,2742660,2741937,2741638,2741638,2741336,2741450,2741967,2742327,2742327,2741865,2740875,2740715,2742971,2742971,2745223,2746848,2747468,H
2748570,2748570,2747900,2747113,2746616,2746045,2746045,2745702,2745085,2744001,2742944,2742944,2741617,2740690,2739735,2738633,2738633,2737483,2736302,2735195,2734600,2734600,2734413,2733914,2733824,2733996,2733996,2734267,2732621,2731481,2732819,2732819,2734573,2736476,2737307,2738182,2738379,2738379,2738590,2738675,2738716,2738822,2738822,H
2715318,2714858,2715109,2716719,2719209,2719209,2721885,2724090,2725974,2727614,2727614,2728845,2729750,2729876,2729218,2729218,2728274,2727193,2726512,2726028,2726028,2726038,2726177,2726723,2727674,2727674,2729304,2730991,2733037,2733309,2733309,2733864,2736247,2740762,2744927,2744927,2748664,2751923,2754770,2757143,2757143,2759124,2760892,H
2732976,2732976,2733976,2734925,2735918,2737154,2738198,2739241,2740140,2740529,2739597,2737843,2737501,2738125,2737767,2737550,2736814,2736114,2735397,2734661,2734398,2733934,2733374,2732818,2732662,2732037,2731857,2731104,2729931,2725469,2720524,2716664,2715029,2715505,2716718,2718581,2720054,2721427,2722829,2724169,2725403,2726648,2726648,H
2748697,2748697,2748511,2748494,2748410,2748228,2748228,2748254,2747374,2745797,2744179,2744179,2742697,2741119,2740127,2739142,2739142,2737896,2737311,2737152,2736969,2736969,2737121,2737341,2737834,2738639,2738639,2739186,2739638,2739702,2739877,2739877,2740071,2740248,2742174,2745445,2745445,2748612,2751460,2753814,2755554,2755554,2756746,H
2739727,2738557,2738512,2738061,2738233,2738233,2738878,2739485,2740323,2741042,2741042,2741367,2741719,2743295,2746199,2746199,2748519,2749721,2751906,2754391,2754391,2756800,2758350,2759378,2760306,2760306,2761295,2761877,2761486,2760472,2760472,2762594,2766068,2767409,2767589,2767589,2767706,2767864,2768456,2769101,2769101,2769800,2770373,H
2759681,2762097,2762097,2764143,2766052,2767871,2769466,2769466,2771384,2772812,2774421,2775629,2775629,2776605,2777817,2778103,2779064,2779064,2779270,2778942,2779206,2778832,2778832,2778469,2778286,2777927,2776777,2776777,2776715,2773092,2772956,2774027,2774027,2774512,2775590,2776767,2777534,2777534,2777896,2778244,2778277,2778649,2778649,H
2695001,2695149,2695489,2695588,2695275,2695275,2694877,2694189,2693685,2693477,2693477,2692802,2691588,2690709,2689972,2689972,2688779,2688046,2686684,2685971,2685971,2685287,2684429,2684223,2683520,2683520,2683290,2683044,2682536,2679839,2679839,2678979,2680633,2684532,2688822,2688822,2692552,2695741,2698685,2701173,2701173,2702981,2704719,H
2729598,2729270,2728920,2728920,2729022,2728882,2728174,2727197,2727197,2726150,2725534,2724969,2724981,2724981,2724782,2724147,2723017,2722816,2722816,2722043,2721821,2720862,2719575,2719575,2718532,2714893,2713377,2709560,2709560,2709491,2709973,2711445,2713403,2713403,2715575,2717126,2718402,2719958,2719958,2721354,2722654,2724023,2725062,H
2737695,2737628,2737845,2738224,2738626,2738626,2739029,2739527,2740197,2740323,2740323,2738634,2737324,2737341,2738310,2738310,2739602,2740076,2740587,2740812,2740812,2741204,2741298,2741219,2741376,2741376,2741550,2741507,2738402,2738448,2738448,2735908,2736401,2738517,2740646,2740646,2742108,2743489,2744350,2744937,2744937,2745537,2745830,H
2699186,2698502,2698081,2697414,2697414,2696891,2696400,2696054,2695381,2695381,2694939,2694524,2694033,2693669,2693669,2693071,2692479,2690717,2687883,2687883,2684885,2682640,2680967,2680428,2680428,2680624,2681467,2682568,2684569,2684569,2686455,2688490,2690608,2694440,2694440,2699283,2703299,2706004,2707501,2707501,2708494,2709051,2710071,H
2725823,2725173,2725173,2724627,2723806,2723013,2721652,2721652,2720160,2718484,2716565,2714720,2714720,2713150,2711772,2710609,2709726,2709726,2709201,2708423,2707864,2707625,2707625,2707565,2707386,2707145,2707292,2707292,2708041,2708445,2708739,2709677,2709677,2710400,2710957,2711304,2711789,2711789,2711733,2711915,2712061,2712038,2712038,H
2733204,2733204,2732951,2732601,2732652,2732857,2732857,2732976,2733266,2733382,2733382,2733615,2733433,2732714,2732192,2732192,2731333,2731205,2730712,2730165,2729573,2729573,2729074,2728105,2727747,2726958,2726958,2726076,2723252,2721204,2719961,2719961,2720017,2720411,2721279,2722558,2722558,2723601,2724432,2724737,2725125,2725125,2725125,H
2677746,2676582,2674722,2672442,2672442,2670567,2668830,2666981,2665561,2665561,2664137,2662802,2661699,2660784,2660784,2659870,2659109,2658326,2657794,2657794,2657199,2656417,2655298,2653765,2653765,2652481,2650834,2649494,2649634,2649634,2651303,2653054,2655576,2657563,2657563,2659645,2661622,2663446,2664934,2664934,2665957,2667227,2668483,H
2719548,2718118,2718118,2716820,2715450,2714791,2714476,2714476,2714027,2713564,2712933,2712790,2712790,2712661,2712648,2712333,2712232,2712232,2712450,2712160,2711525,2711093,2711093,2710701,2710439,2710527,2709963,2709963,2707548,2706497,2706695,2709033,2709033,2713200,2717581,2721161,2723582,2723582,2725579,2726576,2726884,2726837,2726837,H
2694462,2694462,2693895,2693262,2692471,2692124,2692124,2691707,2690247,2688337,2686442,2686442,2685503,2684600,2684740,2685018,2685018,2685543,2685240,2684919,2685354,2685354,2684955,2684258,2684076,2684287,2684287,2686368,2687037,2690452,2695355,2695355,2700340,2704389,2707248,2708888,2708888,2709612,2710160,2710521,2711011,2711011,2711221,H
2713436,2713119,2712971,2712940,2712884,2712884,2712913,2713030,2713370,2713815,2713815,2713956,2714117,2713964,2713590,2713590,2714224,2714939,2715373,2715668,2715668,2716499,2716931,2717052,2717183,2717183,2717390,2717999,2718650,2719379,2719379,2720174,2721083,2718719,2713922,2713922,2710349,2709121,2709817,2711572,2711572,2714236,2717275,H
2772029,2772862,2773422,2773422,2773565,2772269,2770756,2770088,2770088,2770599,2771679,2773073,2774393,2774393,2775319,2776345,2777039,2778471,2778471,2779844,2780460,2781837,2782721,2782721,2783875,2784652,2785767,2786536,2786536,2787806,2788933,2787811,2787767,2787767,2786963,2787680,2788443,2789589,2789589,2790638,2791840,2792880,2794233,H
2790870,2790870,2790808,2790681,2790551,2790301,2790301,2789558,2788892,2789674,2790526,2790526,2791813,2793770,2795384,2797261,2799057,2799057,2800161,2800938,2801296,2801460,2801460,2802633,2803803,2804994,2805373,2805373,2802886,2799707,2799894,2801059,2801059,2802700,2804322,2805916,2807478,2807478,2808558,2808980,2809120,2809391,2809391,H
2784455,2784455,2783003,2783003,2781651,2780209,2778932,2777887,2777887,2776841,2775921,2774662,2772476,2772476,2770740,2768709,2766251,2764980,2764980,2764469,2763725,2763161,2762485,2762485,2762344,2761927,2761801,2763114,2763114,2764728,2767093,2769173,2770601,2770601,2772073,2773701,2775437,2777172,2777172,2778078,2779293,2779803,2779803,H
2767274,2767598,2767521,2766607,2765228,2765228,2765564,2766284,2767108,2768021,2768021,2768942,2769755,2770828,2771301,2771301,2771829,2773189,2774107,2774852,2774852,2775037,2775104,2775053,2774954,2774954,2774464,2772167,2769985,2767423,2767423,2766443,2766197,2766225,2766504,2766504,2767034,2767005,2767213,2767676,2767676,2767932,2768598,H
2766275,2766275,2768099,2769803,2771118,2771625,2771625,2771933,2772383,2772609,2773131,2773131,2772740,2772552,2773500,2775436,2775436,2776119,2775365,2773218,2770682,2770682,2768119,2765659,2763484,2761747,2761747,2760051,2758584,2757420,2755516,2755516,2752696,2751020,2752794,2755031,2755031,2756466,2757364,2757889,2758234,2758234,2758790,H
2716065,2714757,2714102,2713569,2713316,2713316,2713300,2712654,2711197,2710474,2710474,2709585,2708820,2708133,2708133,2707414,2706924,2706673,2706562,2706562,2706742,2707477,2707702,2708337,2708337,2709211,2710325,2711423,2712237,2712237,2713429,2714313,2714311,2713772,2713772,2714892,2717543,2721352,2725176,2725176,2728656,2731778,2734035,H
2739652,2739322,2739322,2739127,2739070,2738978,2738247,2738247,2737244,2736016,2735481,2734283,2734283,2733829,2732934,2732517,2732124,2732124,2732082,2732056,2732142,2731787,2731787,2731846,2732124,2732149,2732144,2732144,2731740,2732418,2732655,2733245,2733245,2733757,2734694,2735613,2735900,2735900,2736860,2738786,2741165,2744198,2744198,H
2775680,2775680,2775633,2775528,2776011,2777402,2777402,2778056,2778662,2779182,2779105,2779105,2779404,2779224,2779277,2779277,2780218,2779820,2780840,2780400,2780400,2782085,2783622,2785823,2788546,2788546,2791923,2795315,2796814,2796733,2796733,2797228,2797242,2797378,2798063,2798063,2799096,2799771,2800651,2801935,2801935,2802905,2803805,H
2790278,2790278,2790605,2791008,2791465,2791350,2791350,2791730,2793596,2795344,2797163,2797163,2798137,2797987,2795832,2794156,2794156,2792950,2791083,2788861,2786854,2786854,2784223,2782757,2780016,2778048,2778048,2776101,2773204,2770391,2766065,2766065,2766211,2767275,2769353,2771104,2771104,2772739,2773276,2773715,2773791,2773791,2773972,H
2776794,2776723,2776943,2776799,2777025,2777025,2776674,2776258,2775940,2776195,2776195,2777673,2780096,2782257,2783775,2784641,2784641,2784824,2784975,2784251,2784271,2784271,2783499,2783179,2782218,2780805,2780805,2779913,2777060,2776014,2776087,2776087,2777087,2778485,2779290,2780138,2780138,2780395,2780843,2781705,2782345,2782345,2783177,H
2808849,2808950,2808797,2808797,2808995,2810024,2810705,2811534,2811534,2812091,2812135,2812097,2811463,2811463,2811173,2810526,2810268,2809862,2809862,2808947,2808177,2806858,2805289,2805289,2801154,2801138,2800830,2800658,2800658,2800472,2800549,2800649,2800638,2800638,2800560,2800884,2801165,2801127,2801127,2800017,2798939,2797834,2796378,H
2685685,2684809,2684003,2684001,2684013,2684058,2684176,2684586,2684934,2685557,2686277,2686923,2686923,2688370,2690147,2693094,2695370,2695370,2698286,2701192,2704003,2706061,2706061,2705835,2706108,2707865,2710307,2710307,2713857,2717022,2720153,2722799,2722799,2725244,2726978,2728547,2729707,2729707,2730589,2731105,2731282,2730897,2730897,H
2719880,2719519,2719477,2719472,2719472,2719594,2719523,2718469,2717261,2717261,2716763,2715157,2713517,2711776,2711776,2710093,2708697,2708045,2707035,2707035,2705907,2705456,2704928,2704684,2704684,2704655,2704485,2705491,2706786,2706786,2708516,2709222,2711714,2715005,2715005,2717707,2719559,2720954,2721842,2721842,2722623,2723247,2723983,H
2768975,2768743,2768327,2767821,2767183,2767183,2766470,2765417,2762693,2758991,2758991,2756222,2753603,2751915,2750712,2750712,2749583,2748838,2747705,2746758,2746758,2746298,2745664,2745189,2744949,2744949,2744460,2743316,2742178,2740474,2740474,2738613,2735551,2730631,2727047,2727047,2726277,2727262,2728618,2729883,2729883,2730986,2732183,H
2712078,2712027,2712389,2712389,2712631,2712741,2712792,2712556,2712556,2712296,2711604,2710562,2708894,2706701,2706701,2705296,2704375,2703815,2703417,2703417,2703278,2703224,2702368,2701482,2701482,2700856,2700185,2699840,2699727,2699727,2699676,2700356,2697381,2697381,2695462,2695117,2697347,2700677,2704002,2704002,2707414,2710535,2713695,H
2734190,2734190,2734406,2734587,2734692,2734282,2734282,2732945,2730944,2728949,2726963,2726963,2725050,2723197,2721108,2719442,2719442,2717712,2716281,2715221,2715104,2715104,2715238,2715606,2716233,2717078,2717078,2717334,2717235,2717202,2717839,2717839,2718802,2720529,2723181,2727156,2727156,2731578,2735739,2738719,2740654,2740654,2741840,H
2757827,2758041,2758354,2758354,2758835,2759431,2760250,2760820,2760820,2761417,2762007,2761970,2763332,2763332,2765472,2767377,2767830,2767562,2767562,2767168,2767197,2766498,2765913,2765913,2765350,2765063,2764654,2764444,2764444,2763643,2760219,2757934,2759298,2759298,2760141,2761423,2762760,2763984,2763984,2765043,2765943,2766588,2767373,H
2742609,2742609,2742609,2740300,2738589,2736829,2736829,2735101,2733377,2731784,2730282,2730282,2728806,2727934,2726760,2723378,2723378,2720240,2717680,2714581,2710679,2710679,2707219,2703521,2700094,2697162,2697162,2696373,2699183,2704119,2709769,2709769,2714644,2718766,2722203,2724796,2724796,2725983,2728094,2730170,2730170,2730170,2730170,H
2728148,2728148,2728823,2729656,2730663,2730885,2730885,2731004,2730927,2730859,2730878,2730878,2730892,2731204,2731215,2731323,2731323,2731669,2732053,2732433,2734531,2734531,2736014,2737776,2738346,2738398,2738398,2737803,2737252,2735945,2734884,2734884,2734777,2735153,2735839,2736319,2736319,2736641,2736913,2737351,2737551,2737551,2737427,H
2753429,2753429,2753429,2753429,2753429,2753429,2753429,2754379,2754379,2754714,2753062,2751435,2750241,2750241,2749509,2748848,2744917,2744701,2744701,2744539,2745141,2746084,2750678,2750678,2745488,2734952,2730749,2732891,2732891,2735102,2737370,2738709,2740232,2740232,2741583,2742908,2742908,2742908,2742908,2742908,2742908,2742908,2742908,H
2726599,2726711,2726869,2727267,2727661,2727661,2728264,2728837,2729190,2729564,2729564,2729226,2728182,2726672,2725070,2725070,2724551,2724289,2724547,2725416,2725416,2726194,2727201,2728138,2728975,2728975,2729981,2730114,2731078,2733110,2733110,2735575,2737837,2738960,2739784,2739784,2740352,2740965,2741610,2741975,2741975,2742376,2742821,M
2694345,2693683,2692947,2692384,2692384,2691953,2691644,2691396,2691054,2691054,2691045,2690959,2690926,2690928,2690928,2690970,2690996,2691277,2691554,2691554,2691678,2691461,2690800,2690322,2690322,2689602,2689868,2690115,2690072,2690072,2690045,2689734,2689515,2689316,2689316,2689208,2688962,2688770,2688593,2688593,2688410,2688162,2687656,M
2765881,2766994,2768175,2768175,2769293,2770499,2771644,2772158,2772158,2772674,2773005,2773537,2774146,2774146,2774719,2774218,2773880,2773816,2773816,2774409,2775528,2776345,2777238,2777238,2778101,2778908,2779917,2780407,2780407,2780653,2778997,2778324,2778779,2778779,2779439,2780326,2781693,2783299,2783299,2784738,2786287,2787336,2788462,M
2794779,2795250,2795890,2795890,2795898,2795530,2795142,2794843,2794843,2794536,2794023,2793774,2793379,2793379,2793000,2793045,2792979,2793146,2793146,2793666,2794290,2795082,2795913,2795913,2796540,2797169,2797350,2797521,2797521,2797810,2797894,2797925,2798022,2798022,2797630,2797453,2797512,2797718,2797718,2797686,2797886,2797767,2798027,M
2730341,2730263,2730263,2730130,2729988,2729883,2730062,2730062,2730442,2730927,2731428,2731832,2731832,2732321,2732726,2733021,2733416,2733416,2734155,2734753,2734966,2734473,2734473,2734193,2734554,2734889,2735577,2735577,2736624,2739002,2741689,2744498,2744498,2747230,2748982,2750219,2750710,2750710,2750432,2750459,2750467,2750502,2750502,M
2745122,2745122,2745626,2746777,2748091,2749194,2749194,2749981,2750243,2750678,2751277,2752205,2752205,2752932,2753528,2753327,2753327,2753041,2753063,2753431,2754199,2754199,2754862,2755699,2756554,2757560,2758341,2758341,2758778,2758918,2759251,2759878,2759878,2760316,2760607,2761002,2761143,2761143,2761605,2762355,2763388,2763930,2763930,M
2758986,2758986,2759088,2759056,2759263,2759450,2759450,2759433,2759671,2759838,2760233,2760233,2760468,2760188,2759486,2758733,2758733,2758208,2757879,2757846,2757875,2757875,2758222,2758480,2758884,2759448,2759448,2760313,2760838,2761269,2761644,2761644,2761812,2761576,2761141,2760731,2760731,2760406,2760271,2760293,2760293,2760218,2759950,M
2733767,2733863,2734050,2734050,2734015,2734140,2734479,2734726,2734726,2734198,2733275,2732258,2731367,2731367,2730492,2730001,2729501,2729195,2729195,2729466,2729445,2729798,2730174,2730174,2730994,2732008,2733152,2734318,2734318,2735543,2735926,2735607,2735169,2735169,2734598,2733998,2733768,2733446,2733446,2733148,2733098,2733104,2733255,M
2744700,2744872,2745402,2745402,2746011,2745811,2745834,2745624,2745624,2745963,2747494,2748361,2749229,2749229,2750248,2751122,2751542,2751540,2751540,2751032,2750514,2750351,2750548,2750548,2750815,2751639,2752685,2754002,2754002,2755560,2755785,2756294,2757268,2757268,2758763,2760219,2761401,2762655,2762655,2763706,2764518,2765232,2765982,M
2761598,2762580,2763641,2763641,2764198,2764423,2764101,2764247,2764247,2764322,2764674,2764900,2764983,2764983,2765066,2765243,2765429,2766183,2766183,2766559,2767265,2767615,2768265,2768265,2768859,2768437,2767839,2766745,2766745,2766107,2765634,2765212,2765078,2765078,2765282,2765584,2766033,2766582,2766582,2767109,2767655,2768281,2769016,M
2769959,2769959,2769915,2770015,2770015,2770182,2770287,2770443,2770073,2770073,2769106,2768205,2767118,2765843,2765843,2763997,2762748,2761896,2761429,2761429,2761050,2761019,2760843,2760794,2760794,2761304,2761707,2762093,2762253,2762253,2762994,2763339,2763383,2763528,2763528,2763776,2763883,2764148,2764483,2764483,2764369,2764447,2764447,M
2694302,2694302,2694302,2693499,2692402,2691673,2690600,2690600,2689012,2686957,2684696,2682702,2682702,2681079,2679586,2678359,2677322,2677322,2676386,2675772,2675816,2675771,2675771,2675966,2676098,2676657,2676655,2676655,2676872,2676804,2676208,2675231,2675231,2674536,2673888,2673532,2673219,2673219,2673430,2673468,2673747,2673747,2673747,M
2705395,2705069,2704825,2705025,2705555,2705555,2706040,2706219,2706198,2705412,2705412,2704483,2703784,2703143,2702740,2702740,2702539,2702270,2702090,2702107,2702107,2702440,2702874,2703497,2704135,2704135,2704949,2705797,2706565,2706467,2706467,2706140,2705465,2705042,2704366,2704366,2704534,2704060,2703772,2703683,2703683,2703202,2702953,M
2732831,2732763,2732763,2733062,2733631,2733861,2733678,2733678,2733443,2733408,2733061,2732439,2732439,2731819,2731101,2730214,2729188,2729188,2728452,2727203,2725883,2724911,2724911,2723593,2722584,2721722,2721195,2721195,2720507,2720799,2721310,2721764,2721764,2722291,2722386,2722518,2722213,2722213,2721800,2720882,2719711,2718506,2718506,M
2751638,2751638,2751638,2751213,2750099,2749222,2748461,2748461,2747805,2747183,2746896,2746261,2746261,2745752,2745422,2744835,2744497,2744497,2744094,2743761,2743720,2743256,2743256,2743087,2743176,2743436,2743546,2743546,2743626,2743442,2743522,2743583,2743583,2743882,2744042,2744358,2744611,2744611,2744962,2745191,2745364,2745812,2745812,M
2759571,2759571,2759672,2760055,2760277,2760804,2760804,2761253,2761850,2762399,2762793,2762793,2763149,2763032,2762409,2761474,2761474,2760517,2759924,2759350,2759082,2759082,2759162,2759220,2759620,2760504,2760504,2761904,2762829,2763858,2764929,2764929,2766201,2767516,2768693,2769056,2769056,2769155,2769038,2768994,2769172,2769172,2769523,M
2756902,2757445,2758429,2759255,2760491,2760491,2761661,2762927,2764265,2765379,2765379,2766849,2768174,2769429,2770712,2770712,2771661,2772632,2773056,2773063,2773063,2773038,2772961,2772407,2771636,2771636,2770524,2769559,2769528,2769876,2769876,2770680,2771974,2772935,2774371,2774371,2775855,2777130,2776711,2775953,2775953,2776479,2776978,M
2733534,2733060,2732860,2732860,2732399,2731490,2729815,2728361,2728361,2726935,2725423,2724121,2722764,2722764,2720938,2719055,2717475,2716171,2716171,2714984,2714009,2713387,2712508,2712508,2711811,2711171,2709679,2707852,2707852,2706220,2705162,2704426,2704365,2704365,2704329,2704009,2703714,2703455,2703455,2702832,2702220,2701874,2701425,M
2748207,2746759,2745449,2744684,2744684,2743961,2743454,2743272,2742809,2742809,2742444,2742125,2741656,2741344,2741344,2741119,2740749,2740371,2739963,2739963,2739455,2738599,2737320,2735853,2735853,2734476,2732952,2731727,2730460,2730479,2730479,2731929,2733275,2735076,2736931,2736931,2738814,2740218,2741559,2742426,2742426,2742884,2742479,M
2739466,2739466,2739256,2738846,2738011,2736858,2736858,2735957,2734722,2733451,2732489,2732489,2731650,2730879,2730496,2730001,2730001,2729740,2729425,2729092,2728825,2728825,2728732,2728994,2728656,2727924,2727924,2726753,2725598,2724140,2723342,2723342,2722544,2721875,2721213,2720685,2720685,2720553,2720454,2720798,2721007,2721007,2721165,M
2700249,2699884,2699884,2698964,2697952,2696806,2695613,2695613,2694018,2692616,2691599,2690751,2690751,2690709,2690587,2690583,2690978,2690978,2691397,2691761,2692351,2692834,2692834,2692677,2692281,2693131,2694146,2694146,2694964,2696089,2696906,2697578,2697578,2698172,2698999,2699624,2700318,2700318,2700860,2701689,2702273,2703216,2703216,M
2681856,2682805,2683869,2684433,2683996,2683996,2683164,2682273,2681395,2679949,2679949,2678502,2676999,2675511,2674505,2674505,2673939,2673528,2673365,2673052,2673052,2672725,2672340,2672062,2671518,2671518,2669594,2666820,2663579,2661333,2661333,2660060,2659329,2659305,2660055,2660055,2661137,2662501,2664180,2665713,2665713,2667362,2668758,M
2705820,2705820,2706297,2706709,2706486,2706347,2706347,2706178,2704762,2702954,2701136,2701136,2699306,2697196,2695339,2693423,2693423,2692042,2691226,2690416,2689902,2689902,2689450,2689197,2689327,2689636,2689636,2689968,2690017,2689584,2689226,2689226,2689031,2689200,2689560,2689928,2689928,2690472,2690967,2691849,2692834,2692834,2694099,M
2768234,2769983,2771788,2773724,2773724,2775588,2776932,2778607,2780099,2780099,2781527,2782736,2783880,2785391,2785391,2786886,2787820,2788694,2789245,2789245,2789220,2789153,2789104,2788345,2788345,2786801,2785699,2785537,2785663,2786358,2786358,2787512,2788685,2789960,2791201,2791201,2792199,2792810,2793212,2793415,2793415,2793781,2794026,M
2739590,2739590,2741778,2744563,2747392,2749968,2749968,2752355,2753589,2754386,2754841,2754841,2755339,2756024,2757006,2757751,2757751,2759334,2761367,2763348,2765574,2765574,2766962,2768247,2769153,2770130,2770130,2770540,2771199,2771545,2772992,2772992,2774068,2774841,2774592,2774652,2774652,2774470,2774183,2774128,2774302,2774302,2774302,M
2744676,2744567,2744567,2744143,2743285,2742444,2741580,2741580,2741047,2740464,2739424,2738101,2738101,2736556,2735205,2734287,2733465,2733465,2732576,2731967,2731409,2731130,2731130,2730429,2729863,2729052,2729666,2729666,2732087,2734939,2737407,2739729,2739729,2741161,2742191,2742811,2743259,2743259,2743739,2744051,2744441,2744599,2744599,M
2774912,2775043,2775043,2775130,2775476,2775908,2775683,2775683,2774901,2773262,2772949,2773026,2773026,2773174,2773774,2774481,2775499,2775499,2776807,2777596,2777631,2777781,2777781,2777140,2775845,2776085,2776742,2776742,2777706,2778709,2780215,2781558,2781558,2782753,2783915,2784896,2785831,2785831,2786775,2787760,2788726,2788803,2788803,M
2788324,2789830,2789830,2790601,2791071,2791518,2791831,2791831,2792329,2792565,2792746,2793201,2793201,2793671,2794264,2794975,2795377,2795377,2795792,2797200,2798823,2800742,2800742,2803040,2805311,2807138,2808803,2808803,2810462,2811658,2814018,2814942,2814942,2815209,2815424,2815676,2815799,2815799,2816033,2816111,2816455,2816407,2816407,M
2772562,2772562,2772562,2771701,2771339,2770807,2770161,2770161,2769211,2768348,2767342,2766530,2766530,2765438,2764683,2764703,2764785,2764785,2764841,2765142,2764893,2764657,2764657,2764353,2764153,2763576,2762291,2762291,2759743,2758346,2757516,2757400,2757400,2756942,2756771,2756368,2755765,2755765,2755896,2756613,2757873,2758430,2758430,M
2766810,2767844,2768298,2768295,2768295,2768391,2768643,2768988,2769485,2769485,2769368,2769490,2769353,2769906,2769906,2770412,2771590,2772995,2774626,2774626,2775877,2777470,2777837,2778305,2778305,2778637,2778015,2778009,2778009,2777337,2778397,2779055,2780363,2780363,2781244,2782243,2782937,2783629,2783629,2784259,2784674,2784700,2783855,M
2753890,2753894,2753474,2753474,2753140,2752832,2751941,2749936,2749936,2748053,2746134,2744480,2742479,2742479,2740572,2738396,2736227,2734147,2734147,2732520,2731218,2729848,2728465,2728465,2727821,2726999,2726567,2725793,2725793,2724782,2724190,2724763,2725476,2725476,2726511,2727405,2728193,2728769,2728769,2729121,2729432,2729788,2730220,M
2771961,2772276,2772000,2772000,2771549,2770950,2770741,2770562,2770562,2770486,2770032,2769292,2767063,2767063,2766198,2766167,2766766,2767962,2767962,2769210,2770299,2771063,2770852,2770852,2770181,2769517,2768864,2768018,2768018,2768077,2768409,2768980,2769518,2769518,2769941,2770538,2771090,2771360,2771360,2771590,2771869,2771343,2770534,M
2725273,2725273,2723901,2722673,2721223,2719848,2719848,2718536,2717261,2716239,2715259,2715259,2714441,2713343,2712447,2711529,2711529,2710980,2710443,2709693,2708612,2708612,2707383,2706439,2705833,2705535,2705535,2704686,2704720,2705767,2706943,2706943,2708471,2709748,2710960,2711750,2712446,2712446,2713051,2713453,2713280,2712518,2712518,M
2781933,2781933,2781933,2781708,2781542,2781604,2781702,2781724,2782067,2782018,2782128,2782651,2783053,2783735,2784614,2785358,2786197,2786310,2786431,2786649,2786910,2787176,2787217,2787734,2788204,2789014,2788791,2788386,2788191,2789036,2790783,2792948,2794050,2794923,2795986,2796814,2797549,2798322,2798473,2798966,2799201,2799201,2799201,M
2669220,2667843,2665968,2664083,2662566,2660768,2659252,2658011,2657041,2655999,2655459,2654963,2654132,2653179,2652213,2651628,2650663,2649537,2648333,2647414,2647295,2647308,2647206,2646859,2646679,2646807,2646924,2647097,2647344,2647530,2648092,2648772,2649469,2649631,2649981,2650004,2650449,2650641,2650914,2651338,2651825,2652370,2652953,M
2705689,2705632,2705500,2705686,2705942,2705942,2706391,2706826,2707298,2707427,2707427,2707278,2706799,2705820,2704620,2704620,2703080,2701955,2700816,2699769,2699769,2698851,2698069,2697838,2697953,2697953,2697915,2698113,2698384,2698667,2698667,2699256,2699593,2699566,2699178,2699178,2698890,2699162,2699710,2700337,2700337,2700893,2701735,M
2707659,2707947,2707605,2707605,2707248,2706380,2705579,2704693,2704693,2704068,2703422,2702585,2701844,2701844,2701176,2700536,2700614,2701371,2701371,2702261,2703979,2705307,2706743,2706743,2708289,2710157,2712120,2714074,2714074,2715971,2716820,2718416,2720385,2720385,2723070,2726094,2728741,2730780,2730780,2732156,2732763,2732909,2732906,M
2780236,2781310,2782042,2783262,2785091,2785091,2786603,2787834,2788960,2789812,2789812,2790883,2791811,2792999,2794294,2794294,2795420,2796840,2798092,2799239,2799239,2800022,2800494,2800962,2801335,2801335,2801881,2802476,2803315,2803909,2803909,2804269,2804838,2805009,2805075,2805075,2804960,2804290,2803317,2802096,2802096,2800853,2799606,M
2701144,2700533,2699712,2699251,2698755,2698755,2698253,2697729,2696395,2696395,2694935,2693455,2692049,2690643,2689205,2689205,2687205,2684795,2683852,2683852,2682636,2683153,2681776,2682621,2682621,2687124,2693110,2695379,2695619,2695619,2696050,2695946,2695121,2694599,2694599,2694082,2693263,2692527,2692023,2692023,2691560,2691048,2690676,M
2755354,2755354,2755354,2755740,2756237,2756475,2756522,2756522,2756296,2755810,2755350,2755070,2755070,2754865,2754797,2754775,2754545,2754545,2754697,2754675,2754769,2754760,2754760,2754851,2755308,2755595,2755932,2755932,2756145,2755810,2755611,2755337,2755337,2755090,2754883,2754469,2754447,2754447,2754503,2754598,2754748,2754695,2754695,S
2611429,2611165,2610848,2610677,2610677,2610563,2610642,2610387,2610539,2610539,2610671,2610712,2610731,2610840,2610840,2610795,2610727,2610251,2609810,2609810,2609364,2609495,2609815,2610476,2610476,2611129,2611174,2610864,2610236,2610236,2609756,2609244,2608959,2608878,2608878,2608735,2608364,2607778,2606891,2606891,2606002,2605098,2604504,S
2745854,2745854,2745854,2745083,2744312,2743490,2742889,2742889,2742282,2741920,2741463,2741376,2741376,2741210,2741055,2741123,2740943,2740943,2741419,2741365,2741014,2740834,2740834,2740289,2739636,2739212,2738882,2738882,2738471,2738136,2737597,2737623,2737623,2737242,2737252,2737380,2737574,2737574,2737765,2737799,2737799,2737799,2737799,S
2733951,2733989,2733982,2733982,2734150,2734247,2734383,2734338,2734338,2734165,2734318,2734753,2735283,2735283,2735627,2735736,2735458,2735413,2735413,2735324,2735004,2734258,2734183,2734183,2733878,2733713,2733409,2733619,2733619,2733908,2734634,2735877,2736955,2736955,2738196,2739362,2740291,2741319,2741319,2742479,2743445,2744252,2744744,S
2693968,2693935,2693854,2693854,2693910,2693578,2692915,2691940,2691940,2691089,2690427,2689765,2688904,2688904,2687636,2686112,2684996,2684175,2683674,2683674,2683206,2683168,2682718,2682718,2682924,2683462,2683580,2683128,2683128,2682102,2681209,2680158,2679403,2678509,2678509,2677707,2676747,2676202,2676202,2675662,2675551,2675887,2676213,S
2707860,2707768,2707768,2707664,2707680,2707667,2707740,2707740,2707958,2708534,2709468,2710744,2710744,2712349,2713549,2714821,2715698,2715698,2716427,2716654,2716279,2715855,2715855,2715762,2715805,2716015,2716176,2716176,2716350,2716802,2717180,2717677,2717677,2718238,2719048,2719696,2720408,2720408,2721153,2721946,2722527,2722148,2722148,S
2783391,2783391,2783391,2784143,2784841,2785314,2784996,2784996,2784286,2783387,2782440,2780499,2780499,2779604,2779300,2779803,2780932,2780932,2782048,2783608,2784912,2787123,2787123,2788227,2789168,2789994,2789994,2789975,2789512,2789281,2788842,2788842,2788740,2788716,2788685,2788377,2788377,2788248,2788226,2788304,2788507,2788507,2788507,S
2739994,2739994,2740594,2741046,2741708,2742231,2742231,2742779,2742912,2742105,2741365,2741365,2740608,2739573,2738623,2737846,2737846,2737058,2736285,2735386,2735386,2734943,2734641,2734604,2734777,2734777,2735009,2735732,2736286,2736285,2736285,2735811,2735637,2735510,2735664,2735664,2735943,2736114,2736156,2736386,2736386,2736715,2737200,S
2756534,2756534,2756534,2756534,2757725,2759429,2761204,2762820,2764325,2765459,2766780,2768028,2769192,2769760,2770006,2769949,2769405,2769064,2768703,2768655,2768706,2769189,2769871,2770862,2772042,2772977,2773989,2775291,2776379,2777762,2778633,2779148,2779428,2779729,2780174,2780794,2781356,2782074,2782621,2783317,2783317,2783317,2783317,S
2757773,2757773,2758900,2759519,2759865,2760109,2760109,2760510,2761062,2761370,2761865,2761865,2762662,2763113,2763641,2764166,2764166,2765081,2765416,2765815,2766269,2766269,2766932,2767626,2767485,2766940,2766940,2766443,2766443,2766350,2766225,2766225,2766435,2766720,2767190,2767705,2767705,2768365,2769019,2769585,2770392,2770392,2770956,S
2768190,2767977,2767977,2768177,2768502,2768760,2768647,2768647,2768289,2767488,2766900,2766585,2766585,2766476,2766455,2766419,2766246,2766246,2766409,2766491,2766662,2766122,2766122,2765652,2765299,2765785,2765994,2765994,2766221,2766104,2766189,2765963,2765963,2766017,2766130,2766067,2766067,2765971,2765810,2765904,2765984,2765984,2766288,S
2766493,2765873,2765396,2765338,2765279,2765279,2765259,2765141,2764605,2763744,2763744,2762807,2762076,2761588,2761209,2761209,2760562,2759673,2759110,2758615,2758615,2757674,2757146,2756511,2756165,2756165,2756115,2756029,2755640,2754738,2754738,2753970,2753335,2752876,2752423,2752423,2752272,2752189,2752301,2752361,2752361,2752257,2752174,S
2744224,2744224,2744689,2745046,2745177,2744581,2744581,2743630,2742538,2741873,2741218,2741218,2740995,2740797,2740171,2739669,2739669,2739571,2739404,2739357,2738890,2738890,2738761,2738476,2737995,2737858,2737858,2737017,2735864,2735021,2734048,2734048,2733477,2733027,2732681,2732066,2732066,2731899,2731888,2731788,2731762,2731762,2731916,S
2733373,2733373,2733373,2733373,2734335,2735429,2736299,2736420,2736420,2736592,2736728,2736917,2737375,2737375,2737864,2737897,2737444,2737120,2737120,2736905,2736817,2737233,2737962,2737962,2739051,2740518,2741874,2742678,2742678,2742813,2742445,2742168,2741878,2741878,2741742,2741855,2741858,2742268,2742268,2742706,2742706,2742706,2742706,S
2712565,2712565,2712087,2711788,2711788,2711618,2711855,2712174,2712424,2712424,2712500,2712764,2713169,2713343,2713343,2713090,2712456,2711543,2711056,2711056,2710610,2710503,2710582,2710669,2710669,2711211,2711923,2712851,2713714,2713714,2714508,2715323,2715875,2716382,2716382,2716197,2715276,2714422,2713699,2713699,2713109,2712621,2712621,S
2782529,2782529,2782529,2782529,2782252,2782252,2781988,2781638,2781691,2781504,2781504,2781171,2781079,2781040,2780696,2780696,2780738,2780334,2779919,2779719,2779719,2779145,2779178,2778617,2778064,2778064,2777499,2777232,2777074,2777008,2777008,2776944,2777080,2776970,2776843,2776843,2776822,2775997,2774972,2774972,2774972,2774972,2774972,S
2679552,2679639,2679741,2679741,2679589,2679701,2679327,2678277,2678277,2677262,2676200,2674952,2673935,2673935,2673043,2671888,2670763,2669828,2669828,2669065,2668666,2668363,2668235,2668235,2668489,2668679,2668733,2668630,2668630,2667791,2667002,2666325,2665994,2665994,2665872,2665839,2665956,2666268,2666268,2666590,2667099,2667577,2668209,S
2724025,2724025,2724025,2724754,2725611,2726427,2726645,2726645,2726439,2726328,2726080,2726040,2726040,2726021,2725852,2725874,2725711,2725711,2725502,2724880,2723991,2722986,2722986,2722068,2721282,2720906,2720364,2720364,2719611,2718802,2718370,2718083,2718083,2718148,2718650,2719044,2719727,2719727,2720077,2720733,2721319,2722174,2722174,S
2792596,2792596,2792596,2792596,2792596,2792596,2793051,2793321,2793607,2794042,2794042,2794466,2795039,2795970,2796621,2796621,2797114,2797266,2797519,2796957,2796957,2796778,2797042,2797715,2798365,2798365,2798783,2799234,2799925,2800536,2800536,2801363,2801921,2802586,2803146,2803146,2803725,2804367,2804367,2804367,2804367,2804367,2804367,S
2754018,2754629,2754629,2755375,2756171,2756750,2757056,2757056,2757720,2758372,2759307,2760241,2760241,2761348,2762561,2763324,2763309,2763309,2763146,2762462,2762378,2762297,2762297,2762421,2762575,2762917,2763536,2763536,2764182,2765017,2765931,2766739,2766739,2767530,2768365,2769102,2769209,2769209,2769224,2769081,2769095,2769369,2769369,S
2718765,2718836,2718885,2719284,2719646,2719646,2720013,2720469,2720775,2721378,2721378,2721316,2721043,2720720,2720422,2720422,2720322,2720331,2720040,2719822,2719822,2720198,2720978,2721625,2722313,2722313,2722995,2723900,2724369,2724959,2724959,2725083,2724738,2723851,2723026,2723026,2722254,2722018,2721728,2721640,2721640,2721503,2721637,S
2701618,2702291,2703021,2703703,2704649,2704649,2705322,2705869,2706074,2706190,2706190,2706004,2705142,2703132,2700552,2700552,2698773,2697355,2696427,2695955,2695955,2695379,2695186,2695300,2695250,2695250,2695278,2695103,2694957,2695245,2695245,2695475,2695590,2695236,2694365,2694365,2693609,2692733,2692143,2691777,2691777,2691759,2691640,S
2755475,2755421,2755421,2755140,2755220,2755146,2755365,2755365,2755316,2755499,2755758,2756085,2756085,2755756,2754605,2753313,2752148,2752148,2750797,2749616,2748715,2747894,2747894,2746360,2744673,2743747,2743276,2743276,2743279,2743481,2743912,2744448,2744448,2744992,2745315,2745031,2744453,2744453,2743831,2743237,2742883,2742404,2742404,S
2747934,2748129,2748033,2748018,2747942,2747942,2747601,2746415,2744934,2743288,2743288,2741600,2740706,2740005,2739124,2739124,2738109,2737223,2737286,2737189,2737189,2737951,2738977,2740414,2742051,2742051,2744151,2745339,2745957,2746424,2746424,2746789,2747157,2747737,2748291,2748291,2749028,2749693,2750609,2751652,2751652,2752667,2753528,S
2749556,2748743,2748181,2747642,2747210,2747210,2746751,2746473,2746219,2746056,2746056,2745698,2745459,2744276,2743129,2743129,2741843,2740125,2739202,2738565,2738565,2737972,2737372,2736894,2736733,2736733,2736249,2736205,2736549,2736770,2736770,2737466,2737873,2737655,2737046,2737046,2736224,2735766,2735412,2734913,2734913,2734616,2734471,S
2766701,2766701,2767887,2768936,2769875,2769832,2769832,2769786,2769708,2769301,2769344,2769344,2769083,2768535,2768259,2768338,2768338,2769459,2770708,2771808,2773535,2773535,2775338,2777401,2778814,2779213,2779213,2778880,2777946,2777280,2776701,2776701,2776205,2775955,2775629,2775399,2775399,2775027,2774780,2774335,2773875,2773875,2773875,S
2746105,2746977,2748298,2750385,2750385,2752545,2754351,2755868,2755868,2756571,2756745,2756200,2755496,2755496,2754894,2755356,2755996,2757260,2757260,2758073,2759226,2760035,2761037,2761682,2761682,2761549,2762396,2763926,2765106,2765106,2765861,2766341,2767108,2767772,2767772,2768632,2769560,2770260,2771247,2771247,2772296,2773100,2773636,S
2701744,2701744,2701937,2702162,2701547,2700704,2700704,2699797,2699113,2698393,2698076,2698076,2697426,2696967,2696563,2696507,2696507,2696554,2696995,2697692,2698502,2698502,2699513,2700326,2700590,2700517,2700517,2700258,2700185,2700436,2700788,2700788,2701228,2701800,2702446,2703026,2703026,2703719,2704632,2705068,2705862,2705862,2706538,S
2773432,2773432,2774580,2774580,2775531,2776694,2777722,2778570,2778570,2779442,2779988,2779910,2779775,2779775,2779638,2779579,2780018,2780829,2780829,2782239,2783374,2784940,2785989,2785989,2787354,2788598,2789687,2790675,2790675,2791025,2790957,2789985,2789297,2789297,2788398,2787974,2787663,2787359,2787359,2787015,2787019,2786985,2786985,S
2776620,2777227,2777472,2777978,2778353,2778353,2779009,2779556,2780017,2780744,2780744,2781453,2782330,2783006,2783707,2783707,2784249,2784438,2785172,2785551,2785551,2786242,2786633,2786810,2787349,2787349,2788003,2788911,2789929,2790262,2790262,2791097,2791994,2792759,2793896,2793896,2794939,2796070,2797086,2798035,2798035,2798405,2798412,S
2739862,2739344,2738724,2738190,2738190,2737700,2737343,2736878,2736719,2736719,2736469,2736070,2735205,2734166,2734166,2732707,2731537,2730498,2729700,2729700,2729272,2728842,2728669,2728742,2728742,2728447,2728228,2727958,2727684,2727684,2727366,2726986,2726203,2725093,2725093,2723915,2722929,2722233,2721700,2721700,2720913,2720194,2719495,S
2697725,2697725,2697055,2697055,2696362,2695717,2695303,2694919,2694919,2694394,2692973,2691481,2689867,2689867,2688184,2687244,2686555,2685833,2685833,2684977,2683922,2683027,2682132,2682132,2681693,2681259,2681089,2680980,2680980,2681190,2681235,2679769,2678187,2678187,2676628,2676257,2676491,2676761,2676761,2677332,2678133,2678133,2678133,S
2706385,2705543,2705543,2704930,2704319,2704215,2704161,2704161,2704198,2704309,2704426,2704667,2704667,2704980,2705105,2705212,2705023,2705023,2704341,2703038,2702158,2701291,2701291,2700987,2701024,2701540,2701928,2701928,2702693,2703842,2705641,2707821,2707821,2709932,2711580,2713024,2714499,2714499,2715941,2716527,2716610,2716646,2716646,S
2734311,2735000,2735948,2735948,2736810,2737450,2737475,2737380,2737380,2737219,2737289,2737176,2736829,2736829,2736140,2735413,2734857,2734209,2734209,2733458,2732496,2732157,2731810,2731810,2732210,2732925,2733428,2733614,2733614,2733805,2733895,2734154,2734302,2734302,2734637,2734904,2735125,2735634,2735634,2736062,2736828,2737457,2737989,S
2675640,2675640,2675640,2675640,2674559,2673233,2671921,2670626,2669726,2668832,2668289,2667758,2667544,2667513,2667635,2668023,2668608,2668652,2668433,2668370,2668229,2667782,2667279,2666921,2666601,2666286,2665713,2665361,2665247,2665034,2665049,2664906,2665296,2665481,2665805,2666109,2666387,2666599,2665856,2665211,2665211,2665211,2665211,S
2685004,2685564,2686258,2687316,2687316,2688549,2689942,2691728,2693349,2693349,2695166,2697143,2699023,2699671,2699671,2699345,2698830,2698567,2698101,2698101,2697783,2697364,2697512,2698291,2698291,2699442,2700828,2702116,2703150,2703150,2704327,2705615,2706651,2706648,2706648,2706537,2706448,2706552,2707068,2707068,2707661,2708210,2709162,S
2750490,2750015,2750015,2749654,2749568,2749495,2749607,2749607,2749773,2750030,2750121,2750014,2750014,2749884,2749538,2748702,2747365,2747365,2746171,2744982,2743831,2743326,2743326,2742248,2741910,2742434,2743548,2743548,2744582,2746009,2747509,2749097,2749097,2750727,2752119,2753030,2753131,2753131,2752974,2752505,2751946,2751505,2751505,S
2735491,2735114,2734643,2734215,2733404,2733404,2732582,2731894,2730827,2729288,2729288,2727284,2725250,2723276,2721875,2721875,2720820,2719737,2718678,2718023,2718023,2717552,2717558,2718090,2718718,2718718,2719462,2720127,2720156,2719557,2719557,2718684,2717752,2716533,2715839,2715839,2714869,2714154,2713551,2713097,2713097,2713039,2713016,S
2731193,2731193,2731193,2734491,2737256,2739590,2741493,2741493,2743224,2745021,2746629,2748328,2748328,2749805,2750704,2751293,2751779,2751779,2752571,2753619,2754601,2755773,2755773,2756784,2757691,2758554,2759268,2759268,2759899,2760377,2761109,2761751,2761751,2762557,2762664,2762593,2762520,2762520,2762514,2762606,2762679,2763064,2763064,S
