2755549,2755549,2749909,2743490,2737263,2728700,2728700,2717422,2706053,2695224,2686344,2686344,2679052,2672872,2668333,2664457,2664457,2659570,2661790,2670234,2686868,2686868,2704744,2726092,2742255,2756626,2756626,2781390,2781390,2792622,2801616,2801616,2804920,2804263,2802767,2801128,2801128,2799272,2796370,2793662,2792397,2792397,2792213,H
2874827,2867031,2856342,2849290,2849290,2847691,2848881,2849129,2842699,2842699,2833775,2833775,2839441,2850392,2850392,2869755,2869755,2881850,2890546,2890546,2897239,2902357,2902697,2908188,2908188,2906206,2906374,2906107,2906803,2906803,2908692,2910408,2910399,2898624,2898624,2900457,2920043,2928261,2950429,2950429,2977064,2991029,3009078,H
2817541,2821445,2824482,2826623,2826623,2821302,2815060,2809222,2804644,2800927,2800927,2797973,2795403,2792834,2792834,2790773,2787366,2785907,2783774,2784568,2784568,2784302,2784766,2787845,2787845,2790403,2793225,2794571,2795160,2795160,2795919,2795564,2792688,2789837,2789837,2788322,2787726,2788795,2789622,2789622,2790862,2793212,2797817,H
2742154,2740084,2740084,2738028,2737705,2737146,2738743,2738743,2740408,2742213,2744778,2746966,2746966,2749564,2751304,2752442,2752640,2752640,2752051,2751477,2749152,2745496,2745496,2741189,2737888,2736590,2735036,2735036,2735953,2741707,2753673,2770183,2770183,2785105,2797600,2808444,2815259,2815259,2820247,2824938,2829475,2829351,2829351,H
2802994,2797453,2791050,2783183,2776257,2768328,2761180,2753787,2747186,2740011,2732509,2723529,2712584,2703047,2695059,2685274,2677477,2673358,2669434,2668526,2669072,2668666,2667702,2669676,2671482,2675086,2683397,2689839,2690601,2694099,2695492,2697070,2697334,2690541,2692543,2699125,2710432,2721707,2733638,2745249,2753262,2760783,2768427,H
2883673,2893999,2909857,2924549,2946560,2946560,2965813,2988453,3011896,3031689,3031689,3054004,3070462,3086338,3086338,3100494,3108653,3115313,3118865,3127532,3127532,3138564,3150790,3162167,3162167,3169121,3176278,3180953,3185346,3185346,3191556,3199339,3209194,3219454,3219454,3226235,3233628,3240834,3246581,3246581,3251029,3254392,3254088,H
2717857,2717857,2703693,2690086,2674698,2664756,2664756,2662787,2670450,2675532,2682925,2682925,2699375,2714959,2730926,2736304,2736304,2736556,2738880,2742217,2740783,2740783,2734537,2726451,2719735,2711402,2711402,2701782,2692222,2690986,2700967,2700967,2712999,2720565,2727753,2727286,2727286,2725509,2724104,2722868,2723159,2723159,2721912,H
2686951,2686126,2682724,2682724,2683172,2682265,2680205,2677614,2677614,2674282,2674849,2673409,2672620,2672620,2671319,2671243,2669187,2666987,2666987,2666517,2665568,2664673,2663616,2663616,2662763,2661028,2658761,2655869,2655869,2653914,2651590,2647688,2646593,2646593,2646397,2645958,2644674,2643759,2643759,2642270,2641740,2641421,2644400,H
2863428,2860586,2860586,2859096,2854757,2852398,2851787,2851787,2847273,2845943,2842135,2842135,2837607,2836962,2834953,2831635,2831201,2831201,2828039,2826625,2825023,2825023,2823115,2824673,2823833,2821533,2821533,2818255,2814803,2813548,2813103,2813103,2811091,2807532,2807042,2809818,2809818,2813171,2815958,2816876,2816768,2816768,2813710,H
2845609,2821142,2799140,2777373,2777373,2757230,2740059,2723771,2710051,2710051,2696222,2684080,2672719,2663351,2663351,2654838,2645812,2638280,2630666,2630666,2621839,2612368,2602792,2593937,2593937,2584008,2570860,2572060,2578474,2578474,2590485,2605739,2624773,2647034,2647034,2668647,2688532,2707381,2723541,2723541,2739209,2748641,2753779,H
2771153,2752270,2736126,2736126,2716710,2697565,2681354,2667624,2667624,2656960,2647558,2641812,2641210,2641210,2638770,2635412,2632008,2631633,2631633,2632468,2634616,2639084,2641358,2641358,2646768,2652722,2658448,2667731,2667731,2671163,2676211,2676560,2693750,2693750,2701016,2718911,2733020,2754092,2754092,2768041,2781921,2794820,2808544,H
2814261,2810954,2810954,2809133,2790247,2763968,2735181,2735181,2709968,2688546,2671596,2657286,2657286,2646678,2641680,2637459,2635448,2635448,2634023,2633791,2634306,2636473,2636473,2637806,2636397,2637822,2636984,2636984,2638157,2639410,2642778,2647402,2647402,2652409,2657257,2658407,2663650,2663650,2669586,2680805,2695370,2714414,2714414,H
2621089,2618921,2616420,2613819,2609923,2609923,2602117,2612497,2614326,2621905,2621905,2632471,2645732,2660282,2673822,2673822,2691776,2712734,2722898,2727812,2727812,2732829,2738041,2745677,2745677,2751139,2753713,2757617,2759330,2759330,2765751,2775159,2780905,2784464,2784464,2789975,2783789,2784600,2780041,2780041,2775277,2769441,2764360,H
2681331,2671307,2671307,2662622,2661501,2668767,2692567,2692567,2710657,2720900,2723350,2719684,2719684,2707196,2689607,2676472,2658831,2648597,2648597,2635951,2630438,2625569,2612657,2612657,2604325,2596997,2591862,2591862,2585534,2577950,2570171,2567584,2567584,2559966,2546064,2545647,2546166,2546166,2548199,2561694,2587847,2614673,2614673,H
2771114,2771114,2761163,2752142,2747481,2745812,2745812,2744938,2747615,2746711,2742196,2742196,2741376,2738537,2736403,2737786,2737786,2734657,2736203,2732212,2730779,2730779,2729393,2728642,2731353,2729894,2729894,2735757,2728368,2723749,2720374,2720374,2721236,2699110,2702519,2704155,2704155,2696664,2700763,2714201,2728698,2728698,2744157,H
2612306,2612306,2612306,2616660,2620487,2625425,2628811,2628811,2630428,2630947,2624028,2617080,2617080,2615201,2612034,2613498,2615715,2615715,2616387,2618638,2620545,2623727,2623727,2626536,2630185,2636017,2635922,2635922,2645998,2665148,2678382,2687632,2687632,2696504,2698315,2694216,2693382,2693382,2697812,2703392,2706689,2707971,2707971,H
2862778,2853139,2842316,2830160,2830160,2823686,2822923,2823650,2825888,2825888,2824450,2821903,2823481,2826533,2826533,2824040,2826479,2822658,2820036,2820036,2819101,2817530,2815264,2811947,2811947,2812376,2809426,2810433,2811912,2811912,2812990,2808987,2797511,2799428,2799428,2804645,2816931,2833007,2848593,2848593,2867005,2884371,2902115,H
2635258,2643902,2648472,2648472,2665639,2690239,2711440,2722758,2722758,2735130,2741074,2748015,2746708,2746708,2742759,2734875,2728580,2724384,2724384,2719685,2718913,2714398,2715920,2715920,2714413,2718345,2714618,2714618,2720682,2726842,2737768,2746060,2746060,2748577,2753452,2753353,2758393,2758393,2763521,2766149,2766081,2760728,2760728,H
2667795,2667795,2668429,2661372,2646496,2634155,2634155,2623469,2614630,2606608,2598910,2598910,2591571,2586317,2580332,2578137,2578137,2575729,2576344,2578848,2588348,2588348,2599343,2595155,2587744,2581252,2581252,2575371,2576460,2568094,2553604,2553604,2534472,2527348,2523518,2540349,2540349,2561178,2582483,2603869,2620245,2620245,2632404,H
2488581,2487260,2490308,2491264,2499134,2508235,2508235,2520902,2534239,2547721,2547721,2556767,2566124,2574552,2583819,2591581,2591581,2598791,2606758,2614374,2622485,2622485,2633223,2638063,2640240,2640240,2641986,2641186,2643373,2650801,2651207,2651207,2645741,2648932,2645297,2646896,2646896,2642004,2644442,2652052,2662835,2662835,2674638,H
2801647,2799787,2778281,2774113,2780761,2780761,2790206,2795057,2796774,2797815,2797815,2792337,2783115,2779784,2771628,2771628,2764616,2757763,2752112,2745761,2745761,2737224,2729310,2723554,2718309,2718309,2714373,2713033,2715821,2718011,2718011,2719709,2719619,2716532,2711429,2711429,2705217,2706224,2692080,2691847,2691847,2688911,2693634,H
2827855,2809588,2793738,2772792,2772792,2753132,2733900,2714369,2694031,2694031,2678155,2665110,2657174,2652836,2652836,2650807,2650704,2649694,2644049,2644049,2640843,2647877,2655181,2658316,2658316,2660532,2661845,2661553,2666536,2666536,2669714,2680087,2694415,2710477,2710477,2722479,2738184,2747527,2758612,2758612,2760032,2754263,2749429,H
2693869,2685445,2685445,2674885,2673276,2679112,2683030,2683030,2684402,2683916,2685702,2687765,2687765,2688305,2685763,2681680,2678264,2678264,2676868,2672297,2666416,2658403,2658403,2654004,2648598,2641395,2640367,2640367,2640106,2649859,2669782,2700323,2700323,2731661,2766217,2776773,2789219,2789219,2794359,2790388,2782857,2780657,2780657,H
2709243,2709243,2689678,2673193,2656931,2640551,2640551,2622863,2604821,2587969,2573583,2573583,2566845,2553040,2548433,2546830,2546830,2544353,2548341,2548496,2549397,2549397,2554328,2557948,2565327,2570711,2570711,2578489,2589143,2609667,2621308,2621308,2632124,2642788,2655986,2681526,2681526,2704528,2722870,2733100,2736984,2736984,2738841,H
2760756,2765120,2771672,2775868,2778479,2778507,2771582,2757551,2745170,2735188,2724484,2712811,2702270,2691712,2680924,2670238,2659150,2648933,2642218,2637115,2632602,2626999,2622545,2617705,2609754,2606423,2604647,2603781,2598420,2590525,2585615,2581935,2575172,2565084,2560862,2582549,2606997,2629285,2642489,2658539,2672504,2681584,2686215,H
2738428,2739602,2740832,2741826,2739206,2737235,2738680,2742316,2746078,2749627,2759236,2771183,2781694,2794274,2806124,2809490,2805600,2798908,2796181,2792595,2784553,2774667,2766614,2763061,2762023,2763312,2765903,2771243,2784762,2792209,2798652,2805525,2812582,2820344,2827698,2830550,2833883,2836684,2839692,2842543,2841739,2841269,2841605,H
2768552,2760426,2749090,2734455,2718048,2718048,2703345,2692354,2680554,2671741,2671741,2660638,2648489,2638279,2629445,2629445,2620635,2610984,2605078,2605078,2597900,2593730,2592255,2591775,2591775,2590377,2591598,2588886,2590407,2590407,2597887,2605846,2616401,2628637,2628637,2641334,2650879,2659077,2667307,2667307,2674493,2680038,2683019,H
2679178,2679574,2680925,2682742,2680969,2680969,2678328,2676456,2677036,2678877,2678877,2680048,2680780,2681078,2683196,2683196,2684853,2689292,2692596,2694130,2694130,2696037,2698459,2701063,2703986,2703986,2708092,2713050,2718073,2721507,2721507,2725438,2728467,2730427,2733494,2733494,2734544,2736685,2743530,2753922,2753922,2761678,2770767,H
2864105,2843808,2843808,2826628,2811432,2802537,2799144,2799144,2798783,2796641,2794038,2791311,2791311,2788672,2783596,2778581,2778581,2774224,2770093,2766771,2764750,2764750,2762024,2761328,2760124,2759201,2759201,2760557,2761058,2762913,2768019,2768019,2770646,2772777,2771859,2770107,2770107,2766942,2767673,2771793,2781891,2781891,2791173,H
2940344,2915202,2886817,2886817,2853874,2821941,2788038,2755972,2755972,2729224,2705486,2691154,2685546,2685546,2681296,2684244,2690837,2699335,2699335,2709231,2718557,2726382,2735753,2735753,2740220,2748165,2752638,2754554,2754554,2757277,2763882,2769015,2772353,2772353,2776003,2781886,2789790,2792567,2792567,2795751,2802637,2808388,2816953,H
2741616,2737480,2734082,2734082,2731254,2727844,2724307,2721523,2721523,2722036,2721926,2722873,2722577,2722577,2724139,2724754,2728043,2728755,2728755,2731158,2734677,2738707,2741733,2741733,2743272,2746915,2749237,2750147,2750147,2749587,2755550,2761304,2769387,2769387,2778957,2790757,2800306,2808921,2808921,2813337,2810078,2805557,2800201,H
2563263,2563263,2546285,2533378,2519993,2507780,2507780,2496544,2483797,2471802,2460535,2460535,2452813,2444891,2440865,2440084,2440084,2440580,2442885,2442975,2441796,2441796,2442110,2443015,2449622,2456432,2456432,2457797,2457201,2459733,2463469,2463469,2475305,2485912,2496102,2507196,2507196,2518936,2530611,2541863,2553221,2553221,2565746,H
2481486,2488011,2495909,2495909,2502308,2505903,2509428,2512600,2512600,2516284,2516894,2518943,2523142,2523142,2529543,2533562,2537519,2541588,2541588,2547686,2553560,2566766,2582375,2582375,2597559,2614280,2628329,2643718,2643718,2657213,2672718,2684282,2689901,2689901,2686722,2680992,2677527,2674585,2674585,2670935,2670363,2671428,2674141,H
2897381,2885078,2882863,2895387,2895387,2916383,2935227,2947570,2943219,2943219,2933877,2922839,2911054,2899848,2899848,2888770,2880414,2874627,2872961,2872961,2868674,2866369,2861248,2862106,2862106,2859720,2854562,2857446,2864417,2864417,2876882,2891769,2911374,2930419,2930419,2946325,2952662,2951515,2953371,2953371,2957912,2964978,2970654,H
2816381,2827956,2839117,2854798,2870668,2870668,2875722,2865336,2842919,2829899,2829899,2820259,2814882,2813099,2813900,2813900,2813802,2814908,2821604,2845191,2845191,2877755,2900707,2912772,2916682,2916682,2921509,2921078,2914578,2901315,2901315,2887663,2874483,2861501,2854947,2854947,2853975,2849803,2840209,2834575,2834575,2830246,2826437,H
2717520,2722325,2722325,2734945,2733082,2730119,2718945,2718945,2705095,2692022,2679299,2667195,2667195,2656569,2649789,2638535,2625906,2625906,2617015,2599406,2579565,2561764,2561764,2549166,2541833,2535938,2529602,2529602,2524256,2521208,2521608,2522428,2522428,2520413,2517250,2510996,2507795,2507795,2506208,2506233,2505621,2505251,2505251,H
3002507,2983604,2963125,2937792,2937792,2900980,2857010,2812181,2772317,2772317,2741551,2719842,2705174,2694470,2694470,2686487,2679531,2676285,2676435,2676435,2677769,2678672,2680533,2684615,2684615,2691754,2701710,2707056,2712462,2712462,2714014,2709934,2708249,2705663,2705663,2703350,2698843,2702691,2709542,2709542,2725479,2741855,2755191,H
2620827,2620827,2627327,2645034,2661921,2677360,2677360,2693577,2710605,2734054,2758024,2758024,2784040,2808796,2836742,2865155,2865155,2892736,2923938,2956052,2985994,2985994,3009884,3019274,3021436,3013981,3013981,3009444,3004090,2992647,2981604,2981604,2971676,2953415,2937844,2930057,2930057,2923113,2915312,2902238,2889944,2889944,2874016,H
2925246,2940803,2940803,2954020,2959357,2961064,2959750,2959750,2954732,2952986,2957033,2960734,2960734,2964257,2965158,2966487,2969142,2969142,2969146,2967429,2967752,2967752,2967752,2968655,2971894,2966580,2954998,2954998,2943841,2929922,2917189,2908179,2908179,2898760,2890690,2878164,2870588,2870588,2859775,2851032,2846988,2846196,2846196,H
2846696,2845737,2845737,2845737,2846345,2847368,2848562,2850224,2850224,2852381,2853443,2855033,2856522,2856522,2854156,2849314,2843702,2837905,2837905,2831172,2831172,2828748,2827578,2827578,2827230,2827618,2830207,2831981,2831981,2833221,2835190,2836249,2838232,2838232,2841254,2843965,2847415,2848431,2848431,2843995,2839598,2837830,2837830,M
2785350,2778829,2769188,2761397,2761397,2754259,2747774,2741606,2741606,2736380,2730504,2725577,2720899,2720899,2716014,2712872,2710749,2709597,2709597,2707480,2705979,2705581,2704298,2704298,2704097,2702944,2703655,2704400,2704400,2707284,2712668,2719052,2728646,2728646,2743057,2756791,2768742,2778803,2778803,2780207,2776931,2775482,2775763,M
2851128,2856318,2853208,2853208,2839245,2825356,2814065,2808219,2804041,2804041,2800922,2795683,2789810,2789810,2783681,2776678,2770070,2763479,2756657,2756657,2750939,2745723,2740922,2736306,2736306,2734667,2734725,2735965,2737206,2737206,2741852,2750871,2765355,2777578,2777578,2786350,2790691,2796385,2804281,2804281,2811467,2821074,2828810,M
2865935,2865935,2866174,2867428,2868892,2868892,2872498,2875678,2878017,2878882,2878882,2879680,2883073,2883276,2883887,2883887,2878195,2865278,2851997,2841947,2841947,2834628,2828972,2823957,2818589,2818589,2815449,2812372,2809571,2807446,2807446,2806449,2809520,2817860,2830278,2830278,2838010,2846423,2852042,2855151,2855151,2859238,2861378,M
2758822,2753793,2748847,2746483,2746483,2746634,2747613,2749128,2751416,2751416,2754148,2756358,2758184,2759735,2759735,2759403,2755708,2747258,2734642,2734642,2722560,2710284,2698180,2686317,2675515,2675515,2667240,2661995,2659504,2659504,2659264,2663409,2670298,2679778,2679778,2694703,2710944,2726344,2736523,2744657,2744657,2750245,2751283,M
2822902,2822902,2818113,2813772,2812027,2812027,2811260,2812158,2812956,2813969,2813969,2814274,2813819,2813679,2812792,2812792,2813838,2816986,2822096,2827625,2834293,2834293,2840266,2845102,2850884,2856017,2856017,2854846,2850891,2846886,2846375,2846375,2847106,2851843,2853452,2857365,2857365,2860841,2864139,2868015,2872052,2872052,2875854,M
2978279,2971025,2971025,2965764,2962847,2959111,2955931,2955931,2951953,2949426,2947005,2942664,2942664,2938871,2935277,2933076,2930329,2930329,2928569,2926202,2922748,2920050,2920050,2914969,2909599,2902527,2894572,2894572,2887343,2879654,2873046,2868930,2868930,2868044,2867659,2869916,2873376,2873376,2876763,2880081,2883341,2887354,2887354,M
2744576,2744576,2738228,2732581,2727864,2722925,2722925,2718479,2714752,2711921,2709042,2709042,2706512,2705232,2701152,2691775,2691775,2678940,2666662,2658903,2653223,2653223,2646901,2640494,2631315,2617918,2617918,2605032,2594525,2586264,2584664,2584664,2600746,2622463,2643195,2661507,2661507,2675500,2682251,2683387,2684450,2684450,2686310,M
2829727,2828706,2827912,2823165,2815200,2805796,2801731,2798597,2793592,2784898,2776883,2770455,2764381,2761632,2758123,2754287,2751741,2747730,2744710,2740829,2734710,2728055,2721782,2716674,2721015,2731827,2745501,2757585,2769808,2779874,2788965,2795335,2801018,2806479,2809237,2811252,2812867,2812779,2812619,2813504,2814508,2815924,2817434,M
2780903,2782470,2784916,2784916,2787010,2789987,2791124,2793149,2793149,2794429,2798240,2799829,2800534,2800534,2795306,2794879,2794613,2798970,2798970,2801230,2805419,2806702,2810316,2810316,2813531,2816741,2821156,2826055,2826055,2830766,2846545,2861233,2874940,2874940,2885600,2893059,2896656,2898710,2898710,2900606,2904330,2908347,2908222,M
2835756,2839199,2842357,2845297,2848695,2848695,2853308,2857438,2858608,2860208,2860208,2858246,2849057,2833688,2819060,2819060,2805689,2788647,2766605,2740639,2740639,2716466,2693003,2674628,2659242,2659242,2650508,2649255,2651851,2665124,2665124,2670029,2681989,2690299,2702559,2702559,2717180,2731843,2738059,2739866,2739866,2742304,2747314,M
2777789,2774472,2781375,2790133,2794378,2794378,2796740,2800041,2805646,2812141,2812141,2820334,2825691,2831941,2837982,2837982,2842842,2849871,2856709,2864583,2864583,2872787,2879600,2886807,2890875,2890875,2896540,2901683,2906601,2909129,2909129,2910317,2910215,2907794,2903587,2903587,2897292,2891276,2887418,2882451,2882451,2877607,2873033,M
2825074,2825074,2826130,2827087,2824027,2824027,2816060,2807037,2803685,2795581,2795581,2784267,2775999,2771880,2769720,2769720,2764543,2758917,2752737,2748592,2748592,2744460,2743260,2747579,2759380,2759380,2772402,2788337,2800360,2812513,2812513,2819967,2822086,2819188,2816512,2816512,2814805,2814741,2814271,2812419,2812419,2808532,2808532,M
2711409,2712739,2712191,2707660,2698675,2698675,2684836,2676228,2671313,2672659,2672659,2677535,2683955,2690038,2695647,2695647,2701425,2707370,2713458,2720019,2720019,2727987,2736865,2745006,2751260,2751260,2758845,2766119,2770807,2766662,2766662,2760017,2753937,2755054,2754519,2754519,2765463,2771120,2773406,2781265,2781265,2782907,2780986,M
2494176,2487867,2482753,2479629,2479629,2476396,2489178,2507093,2524731,2524731,2547273,2567450,2584618,2595301,2595301,2601610,2606270,2606748,2609325,2609325,2608354,2604343,2599049,2599133,2599133,2593088,2592456,2591045,2589383,2589383,2591439,2599998,2618449,2636253,2636253,2651901,2662353,2663126,2660370,2660370,2654967,2654632,2658135,M
2665997,2669419,2675295,2675295,2671229,2662704,2649836,2634578,2634578,2620070,2623365,2631986,2630941,2630941,2637119,2642559,2646456,2649249,2649249,2651884,2659549,2667560,2672376,2672376,2679419,2688679,2699019,2709826,2709826,2717083,2721181,2724694,2729342,2729342,2730270,2736573,2742850,2742248,2742248,2745489,2747626,2746587,2740980,M
2894263,2888957,2888957,2882963,2874027,2863337,2852850,2852850,2842016,2832273,2823390,2812257,2812257,2798964,2787718,2772797,2756410,2756410,2741100,2730290,2722572,2718165,2718165,2716764,2714739,2714566,2713465,2713465,2717642,2723378,2730243,2744066,2744066,2749470,2764961,2776248,2785264,2785264,2791568,2786801,2779635,2775693,2775693,M
3027549,3027549,3016199,3001971,2987580,2969439,2969439,2947939,2924730,2905817,2892019,2892019,2878295,2864873,2852567,2839081,2839081,2823200,2799433,2777370,2757308,2757308,2740723,2723894,2711286,2700308,2700308,2694233,2686941,2680519,2676012,2676012,2670224,2663420,2667766,2674798,2674798,2688528,2706704,2725602,2742909,2742909,2758532,M
2797839,2799715,2801303,2801303,2803030,2802460,2801317,2791183,2791183,2779389,2768363,2758156,2747628,2747628,2735273,2720161,2705009,2688858,2688858,2672294,2655914,2640958,2627523,2627523,2617986,2611520,2608965,2609707,2609707,2607645,2608006,2608443,2607974,2607974,2611148,2615094,2625676,2638787,2638787,2650897,2665182,2676792,2685419,M
2631102,2632076,2632330,2632063,2632063,2623714,2610585,2595965,2578980,2578980,2563536,2548474,2532846,2518451,2518451,2505014,2501219,2507819,2514201,2514201,2514357,2516399,2521240,2525178,2525178,2525752,2527181,2521276,2517671,2517671,2511890,2506155,2510949,2513548,2513548,2507694,2530413,2555335,2577333,2577333,2610743,2630971,2645058,M
2769842,2773395,2776245,2779439,2781525,2781525,2781854,2780068,2771425,2758188,2758188,2745583,2734035,2727716,2723754,2723754,2718315,2712727,2705175,2699719,2699719,2692477,2686492,2680501,2673686,2673686,2663403,2658073,2658251,2662671,2662671,2675269,2689392,2694047,2693019,2693019,2687701,2684746,2682932,2682481,2682481,2681362,2679990,M
2709994,2703098,2692681,2673108,2651326,2651326,2630339,2612960,2602449,2601034,2601034,2599087,2596996,2595064,2596377,2596377,2599811,2601332,2605407,2611927,2611927,2623835,2638701,2661519,2672088,2672088,2679787,2689054,2692363,2686992,2686992,2675636,2668411,2660554,2660449,2660449,2660514,2656606,2658531,2661631,2661631,2669760,2678191,M
2668083,2669440,2670966,2670966,2672109,2672386,2674130,2676246,2676246,2676295,2671368,2667381,2666712,2666712,2667175,2669090,2671243,2672274,2672274,2672729,2674959,2678049,2678871,2678871,2685497,2695076,2704115,2713129,2713129,2722751,2730588,2736661,2743712,2743712,2744849,2734063,2725868,2717965,2717965,2715199,2713514,2712873,2712919,M
2800973,2798832,2788347,2768088,2768088,2748117,2731612,2718091,2711748,2711748,2705492,2698050,2690888,2686439,2686439,2684285,2685017,2687166,2690047,2690047,2691687,2693641,2695661,2698578,2698578,2702693,2706312,2714548,2723641,2723641,2736432,2748905,2761735,2766094,2766094,2764552,2754158,2742838,2733967,2733967,2729768,2729032,2732293,M
2775067,2791042,2791042,2796833,2801591,2805376,2800331,2800331,2793816,2781042,2764410,2750485,2750485,2733190,2715746,2698360,2682440,2682440,2670073,2656917,2644676,2631588,2631588,2623448,2614429,2609983,2610672,2610672,2608538,2611823,2617669,2627618,2627618,2650899,2669769,2691823,2709881,2709881,2717167,2720111,2721495,2722624,2722624,M
2549241,2551633,2555891,2559980,2564310,2567535,2568598,2567746,2563599,2559603,2556767,2554613,2547052,2537569,2531302,2527734,2525898,2527241,2530963,2533081,2535468,2542402,2548865,2555554,2561638,2566254,2569546,2573002,2575013,2579861,2583916,2588352,2584325,2581913,2581539,2586586,2593789,2598782,2603196,2606648,2609316,2610934,2614204,M
2692917,2695612,2697062,2696656,2695300,2694273,2693897,2691944,2693335,2695252,2699053,2704983,2712436,2716882,2721982,2730047,2737918,2742052,2746586,2762560,2779443,2799740,2816379,2829771,2838329,2847108,2848247,2849802,2852190,2854784,2859371,2864306,2870567,2886000,2902758,2916213,2925291,2922437,2913753,2908377,2904689,2901315,2896081,M
2664318,2662718,2652184,2638749,2628836,2628836,2622126,2616701,2611007,2605613,2605613,2599964,2595233,2591723,2587700,2587700,2583242,2578077,2572614,2567213,2567213,2561925,2557274,2552442,2547302,2547302,2541373,2535750,2531534,2528422,2528422,2532456,2544106,2556486,2567776,2567776,2576015,2586567,2595498,2601919,2601919,2608126,2614323,M
2733209,2734193,2734193,2739637,2751225,2764327,2780170,2780170,2794011,2802644,2809370,2815412,2815412,2821635,2826812,2832471,2838610,2838610,2845451,2851779,2857122,2864597,2864597,2874706,2878362,2880395,2884958,2884958,2894843,2903424,2910205,2916860,2916860,2923383,2928712,2929258,2917494,2917494,2905094,2894977,2887497,2881515,2881515,M
2990196,2988824,2983591,2983591,2969908,2956124,2944517,2935153,2935153,2928668,2920039,2911975,2898944,2898944,2885115,2873365,2861657,2853414,2853414,2846902,2845456,2848778,2857156,2857156,2874049,2886297,2898776,2908440,2908440,2916635,2925073,2934135,2940460,2940460,2947161,2952828,2950708,2943583,2943583,2938169,2933459,2932426,2933735,M
2714604,2714604,2714084,2707245,2694470,2680739,2680739,2670286,2663889,2657137,2657137,2653550,2650941,2650158,2648110,2648110,2645033,2642425,2640627,2639768,2639768,2639255,2639226,2637800,2633178,2622619,2622619,2612818,2604760,2598673,2599260,2599260,2598373,2593822,2594376,2591780,2591780,2588332,2588000,2588030,2591765,2591765,2595705,M
2674568,2667255,2667255,2653185,2641263,2629922,2617910,2617910,2605226,2594948,2584645,2575121,2575121,2567141,2559755,2555505,2555538,2555538,2559100,2564916,2571881,2579231,2579231,2591198,2603607,2615781,2628307,2628307,2639554,2651991,2665293,2677528,2677528,2690012,2699457,2708735,2715457,2715457,2722180,2727527,2731966,2736893,2736893,M
2879337,2866316,2843983,2819832,2799828,2799828,2783208,2769212,2754309,2740469,2740469,2724768,2712886,2700505,2687824,2687824,2673971,2656762,2638192,2622343,2622343,2611427,2607420,2607762,2610042,2610042,2616208,2626370,2637232,2637232,2645738,2653870,2660039,2664317,2664317,2668972,2676049,2686380,2696703,2696703,2707433,2717251,2727280,M
2650530,2634073,2618168,2600383,2584821,2584821,2572755,2563565,2559306,2561475,2561475,2562727,2569031,2574409,2580350,2580350,2586696,2591163,2595688,2603660,2603660,2609935,2618035,2624501,2632406,2632406,2641703,2648979,2658087,2663614,2663614,2665068,2667066,2668852,2671349,2671349,2670899,2670965,2671913,2673831,2673831,2676263,2675416,M
2736314,2729590,2719462,2710915,2705032,2705032,2700138,2694895,2689388,2682982,2682982,2675922,2671698,2667865,2666606,2666606,2665771,2665550,2665748,2667646,2667646,2670028,2673164,2676386,2680816,2680816,2686237,2691945,2701485,2714541,2714541,2724375,2733424,2741446,2749387,2749387,2756767,2761841,2760789,2755623,2755623,2749677,2745734,M
2708667,2699773,2684691,2672381,2664921,2664921,2661939,2660750,2658523,2657172,2657172,2658221,2657047,2658764,2660923,2660923,2660130,2656309,2652776,2649981,2649981,2648881,2644700,2643072,2637149,2637149,2630966,2627029,2630635,2639518,2639518,2652921,2661653,2665456,2668842,2668842,2671117,2672044,2671930,2672927,2672927,2677039,2679289,M
2664770,2664770,2655119,2633674,2611775,2592679,2592679,2575531,2561343,2547499,2533140,2533140,2518668,2504471,2491433,2475750,2475750,2463839,2456855,2453894,2460707,2460707,2493276,2530136,2565957,2593440,2593440,2617327,2634796,2654133,2668161,2668161,2679345,2689672,2698107,2710976,2710976,2726155,2733084,2742241,2755639,2755639,2767023,M
2654525,2652769,2652769,2647298,2636474,2626678,2620110,2620110,2617643,2618486,2618719,2619203,2619203,2622148,2627184,2632775,2639423,2639423,2646261,2654111,2661068,2666097,2666097,2672271,2678670,2685159,2687512,2687512,2683059,2678773,2676461,2677141,2677141,2679132,2678744,2675236,2669533,2669533,2663834,2659972,2658927,2660414,2660414,M
2688808,2689269,2690291,2692822,2695536,2695536,2697035,2696267,2694241,2692144,2692144,2692120,2694995,2699527,2705758,2705758,2714197,2721489,2727045,2731678,2731678,2736780,2742490,2748555,2755242,2755242,2762426,2769605,2776298,2780854,2780854,2782451,2785558,2786878,2787915,2787915,2786305,2783065,2779070,2775325,2775325,2767480,2752682,M
2899601,2899601,2899601,2899601,2896156,2894653,2895240,2900026,2900026,2904373,2907608,2908723,2906279,2906279,2906123,2904432,2889938,2889938,2889938,2883398,2879829,2877372,2875463,2875463,2872906,2870261,2868278,2868278,2868278,2867908,2867268,2867052,2866311,2866311,2865324,2864094,2861958,2854827,2854827,2854827,2854827,2854827,2854827,S
2816142,2816142,2818208,2820690,2822993,2824707,2824707,2826835,2828864,2830587,2830654,2830654,2827064,2820497,2813780,2809178,2809178,2806648,2805539,2805086,2804512,2804512,2803778,2803863,2803769,2804213,2804213,2804698,2806051,2808091,2810776,2810776,2813415,2815972,2816768,2813106,2813106,2805557,2798638,2794816,2793425,2793425,2792906,S
2831546,2833058,2835071,2836856,2836856,2837883,2838673,2839339,2839094,2839094,2838734,2839129,2835688,2826557,2826557,2817502,2811320,2807919,2807919,2805702,2803828,2801600,2798696,2798696,2795869,2794301,2793644,2794679,2794679,2796945,2798034,2798793,2797076,2797076,2793173,2793617,2794602,2797926,2797926,2801204,2800758,2798037,2797350,S
2875580,2870746,2870746,2858140,2843362,2831802,2823185,2823185,2817326,2811814,2807853,2803145,2803145,2798627,2793940,2790630,2790630,2787643,2785394,2782869,2780172,2778100,2778100,2776011,2772693,2769585,2766991,2766991,2766605,2764999,2762824,2760418,2760418,2762111,2767911,2773819,2778974,2778974,2786113,2795969,2805633,2814394,2814394,S
2773083,2774388,2774388,2774428,2774048,2773936,2775795,2775795,2778267,2780448,2782375,2783025,2783025,2787899,2792031,2794867,2793812,2793812,2790884,2786069,2783389,2782792,2782792,2783838,2785771,2787115,2788557,2788557,2788611,2788262,2790074,2793748,2793748,2797777,2799100,2801092,2801092,2802797,2804146,2804943,2802843,2795533,2795533,S
2835448,2830568,2830568,2829083,2830336,2836977,2843533,2843533,2851161,2857455,2860571,2862201,2862201,2860481,2857810,2852968,2841438,2841438,2827596,2815195,2807290,2799961,2799961,2792372,2783988,2779270,2777018,2777018,2776165,2777973,2781286,2786413,2786413,2793698,2800496,2808638,2815618,2815618,2822948,2830035,2836181,2836681,2836681,S
2894366,2897512,2897512,2898036,2897756,2892048,2880544,2880544,2866677,2853483,2843305,2836397,2836397,2830748,2825521,2821436,2817830,2817830,2814747,2810169,2807495,2804693,2804693,2804135,2807987,2811973,2816940,2816940,2822630,2826108,2830518,2831916,2831916,2825401,2820009,2816507,2815247,2815247,2815393,2816062,2816617,2818271,2818271,S
2835083,2835083,2829064,2822131,2816528,2813180,2813180,2810950,2809041,2804471,2798955,2798955,2794634,2793056,2791766,2792201,2792201,2792670,2794301,2795165,2796548,2796548,2797964,2799264,2801487,2803389,2803389,2804720,2799926,2794945,2793476,2793476,2795671,2798946,2801721,2804449,2804449,2805986,2807998,2809618,2812258,2812258,2815365,S
2806672,2806672,2805166,2802989,2803198,2802756,2802756,2803812,2805536,2806768,2807608,2807608,2809270,2812064,2814232,2813102,2813102,2811861,2811474,2815243,2820362,2820362,2827269,2830892,2834069,2832067,2832067,2826689,2821589,2815621,2821965,2821965,2824497,2824518,2821686,2821524,2821524,2824772,2832751,2842255,2854198,2854198,2867055,S
2867552,2866271,2864043,2864043,2864523,2865745,2869477,2874064,2874064,2874913,2873747,2871704,2869438,2869438,2867481,2866183,2864148,2862027,2862027,2859891,2858795,2856697,2855560,2855560,2855060,2854589,2854642,2853430,2853430,2843943,2833312,2829035,2827501,2827501,2827518,2828191,2827885,2830267,2830267,2834017,2837216,2841324,2845961,S
2990134,2992600,2992600,2994508,2993747,2987117,2976528,2976528,2966930,2959783,2952809,2944103,2944103,2934898,2925084,2916635,2909700,2909700,2905578,2901881,2899260,2897853,2897853,2901056,2905228,2908619,2909112,2909112,2908764,2910877,2912961,2915622,2915622,2918735,2920634,2924306,2926353,2926353,2927145,2926516,2923727,2921407,2921407,S
2693593,2693593,2693593,2693593,2693593,2693366,2692520,2691920,2691920,2689052,2686260,2683658,2682499,2682499,2680146,2685220,2688915,2693187,2693187,2698653,2700708,2704471,2705085,2705085,2699651,2693669,2691688,2692781,2692781,2697629,2702563,2706814,2710805,2710805,2716265,2722022,2727609,2732713,2732713,2732713,2732713,2732713,2732713,S
2924530,2924702,2915045,2901299,2890609,2890609,2882303,2877501,2874261,2871220,2871220,2864566,2855728,2847057,2838077,2838077,2831049,2823190,2817041,2809486,2809486,2802926,2797092,2792685,2790851,2790851,2788596,2794728,2803815,2806995,2806995,2802568,2793505,2788227,2785809,2785809,2785234,2784635,2784947,2785018,2785018,2787911,2789523,S
2945958,2932118,2921460,2909394,2909394,2897042,2883399,2870288,2859207,2859207,2847892,2838142,2828865,2822059,2822059,2815943,2809307,2804048,2798763,2798763,2793999,2787841,2783029,2782169,2782169,2788657,2796037,2804007,2814418,2814418,2822364,2833311,2844655,2856268,2856268,2868263,2878720,2885909,2889680,2889680,2894872,2902934,2908910,S
2571122,2564392,2564392,2560355,2558368,2556221,2554744,2554744,2553082,2552332,2551501,2552789,2552789,2554259,2555414,2556349,2556704,2556704,2557691,2557780,2558992,2559507,2559507,2560910,2559682,2551289,2542233,2542233,2535572,2531676,2531233,2530688,2530688,2531086,2531465,2533115,2541640,2541640,2553790,2563098,2572738,2580514,2580514,S
2715887,2715887,2715887,2715887,2715887,2715887,2719473,2719733,2718991,2718991,2720846,2723500,2724100,2723848,2723848,2724864,2728179,2731774,2736752,2736752,2739256,2734555,2727216,2723142,2723142,2720697,2721940,2723474,2725462,2725462,2725982,2727181,2727932,2730094,2730094,2733314,2737226,2743572,2743572,2743572,2743572,2743572,2743572,S
2699075,2691283,2679899,2670647,2670647,2662739,2654651,2644511,2633462,2633462,2623746,2615467,2608198,2604189,2604189,2605948,2611990,2619571,2630537,2630537,2646485,2664361,2679807,2691858,2691858,2699435,2698351,2691475,2686694,2686694,2686904,2688878,2692422,2695611,2695611,2695484,2695955,2697222,2700184,2700184,2704754,2708306,2710298,S
2634755,2634755,2636167,2638278,2639173,2639173,2633051,2625952,2621569,2620174,2620047,2620047,2620536,2622619,2624471,2624471,2626478,2629468,2633786,2638262,2643683,2643683,2649034,2654167,2660286,2668228,2668228,2675248,2680539,2681946,2677886,2677886,2671993,2671477,2675226,2680793,2680793,2686424,2690524,2693300,2694369,2694369,2696897,S
2670648,2671656,2671635,2671635,2670471,2669560,2670294,2670894,2670894,2671529,2670103,2666396,2659518,2659518,2650183,2638087,2627547,2619809,2619809,2613647,2607411,2604243,2601504,2601504,2601058,2603400,2607627,2615014,2615014,2626650,2641813,2657304,2678647,2678647,2699779,2717524,2730889,2736358,2736358,2739999,2741134,2739159,2735214,S
2463764,2459365,2456179,2452769,2452769,2449461,2447715,2446224,2445706,2445706,2444590,2442022,2437976,2429495,2429495,2424056,2425195,2426280,2428017,2428017,2429725,2430542,2428604,2427155,2427155,2428548,2433381,2443914,2452761,2452761,2460773,2468784,2478885,2489201,2489201,2494723,2490279,2483501,2481533,2481533,2481355,2490411,2504038,S
2642509,2642509,2642509,2633238,2627161,2625228,2624475,2624475,2624636,2623382,2622192,2622911,2622911,2625586,2631739,2639456,2649032,2649032,2658478,2667269,2673504,2677922,2677922,2681277,2684060,2689157,2689926,2689926,2683722,2677283,2674322,2673916,2673916,2673087,2670685,2669373,2668511,2668511,2668943,2669492,2670977,2672415,2672415,S
2614370,2614872,2615076,2615504,2615015,2615015,2615238,2614163,2611955,2608899,2608899,2606894,2605546,2607280,2602492,2602492,2595186,2590427,2586749,2584807,2584807,2583603,2580362,2577970,2581924,2581924,2592342,2601360,2613062,2626786,2626786,2640381,2652879,2661668,2668592,2668592,2674512,2678537,2681969,2684797,2684797,2682416,2677202,S
2679564,2678612,2678612,2672588,2663565,2658966,2662491,2662491,2667083,2668193,2663263,2655721,2655721,2652255,2652582,2657066,2662663,2662663,2673434,2685327,2696661,2716607,2716607,2725220,2721857,2718875,2717846,2717846,2716562,2715750,2713668,2709951,2709951,2705829,2702362,2699946,2699006,2699006,2698256,2698346,2697068,2696032,2696032,S
2697337,2703554,2709170,2713997,2713997,2720039,2723816,2718820,2705830,2705830,2690748,2677532,2667615,2659827,2659827,2650995,2642479,2634100,2627208,2627208,2620581,2614714,2609724,2608033,2608033,2610765,2625777,2642573,2659510,2659510,2673284,2685399,2694183,2695468,2695468,2691764,2688060,2682793,2687788,2687788,2700239,2712453,2721424,S
2673969,2679139,2685908,2693166,2699461,2699461,2703776,2705767,2706298,2705655,2705655,2705085,2702722,2695261,2687227,2687227,2682643,2678658,2676612,2676062,2676062,2679817,2684611,2692334,2699223,2699223,2705915,2712373,2718219,2723635,2723635,2728916,2733659,2737681,2741373,2741373,2744723,2748847,2753045,2757588,2757588,2759854,2754503,S
2684963,2677363,2669279,2663772,2662994,2662994,2664494,2667034,2666898,2664246,2664246,2658564,2652034,2645500,2638583,2638583,2632644,2625064,2616130,2605884,2605884,2595833,2588878,2583851,2581192,2581192,2579157,2578517,2580007,2582042,2582042,2588920,2601159,2619830,2635016,2635016,2645707,2654713,2657674,2658536,2658536,2656255,2649790,S
2821744,2813758,2813771,2816761,2818726,2818726,2821010,2824808,2827475,2829710,2829710,2830422,2832813,2835780,2838329,2838329,2840877,2846134,2849535,2854069,2854069,2857598,2862631,2869152,2875101,2875101,2880970,2886545,2892223,2896748,2896748,2903419,2908126,2915648,2919313,2919313,2925393,2934358,2943603,2952996,2952996,2965064,2972195,S
2699188,2699188,2697104,2695178,2692367,2689497,2689497,2686920,2684417,2682240,2680839,2680839,2679297,2676615,2665898,2652700,2652700,2641981,2635897,2631289,2627483,2627483,2624192,2620836,2616681,2614710,2614710,2612441,2611101,2611245,2611069,2611069,2612208,2616619,2621765,2629557,2629557,2634111,2640660,2646037,2644128,2644128,2639269,S
2871586,2871035,2864669,2864669,2858569,2851998,2847586,2840751,2840751,2832101,2824233,2816894,2810642,2810642,2803805,2798195,2792396,2786618,2786618,2779791,2771020,2762047,2751797,2751797,2741503,2734492,2733590,2745507,2745507,2758753,2769502,2773372,2775955,2775955,2773734,2768469,2764504,2764612,2764612,2767104,2770144,2774970,2780607,S
2762357,2768066,2773400,2773400,2777768,2782605,2787400,2792313,2792313,2796407,2802892,2810205,2817737,2817737,2831673,2852189,2874956,2893531,2893531,2905554,2913756,2919094,2925017,2925017,2931502,2937264,2942272,2942594,2942594,2945628,2945700,2943603,2938392,2938392,2933769,2927747,2923744,2920713,2920713,2914399,2905816,2897934,2892891,S
2680970,2680970,2679266,2672431,2666126,2664352,2664352,2664936,2666960,2668894,2670007,2670007,2671756,2673523,2675930,2678091,2678091,2680993,2683778,2686289,2688650,2688650,2691277,2693207,2695627,2692817,2692817,2685112,2678517,2675389,2676884,2676884,2678401,2681131,2681686,2682312,2682312,2683626,2687118,2690577,2694573,2694573,2698479,S
2819738,2826328,2826328,2831046,2835233,2836977,2835243,2835243,2824032,2812440,2804057,2798504,2798504,2796769,2796537,2801345,2805144,2805144,2811972,2819804,2829814,2842486,2842486,2849963,2857261,2863727,2871007,2871007,2877020,2882117,2885386,2885765,2885765,2877216,2866197,2857714,2851884,2851884,2847566,2842687,2838055,2832205,2832205,S
2692201,2693163,2694450,2695776,2695776,2697546,2699075,2700665,2702258,2702258,2701799,2696631,2689937,2677807,2677807,2667641,2663415,2665725,2672564,2672564,2681055,2690596,2697686,2702166,2702166,2701897,2704251,2706700,2709884,2709884,2713844,2719095,2724915,2730585,2730585,2733890,2727479,2717920,2712276,2712276,2710262,2710996,2710879,S
2837457,2825840,2816696,2816696,2808443,2798810,2786270,2772794,2772794,2758130,2744019,2730626,2720616,2720616,2714379,2712169,2724796,2744877,2744877,2764061,2774399,2784902,2787443,2787443,2788769,2788873,2793343,2793343,2799355,2805028,2812771,2826447,2826447,2841892,2856455,2867450,2877800,2877800,2891059,2903817,2915516,2927594,2927594,S
2632968,2632920,2635464,2638201,2640130,2640130,2640994,2640531,2641347,2639981,2639981,2630330,2619895,2613618,2611584,2611584,2610309,2609172,2608573,2609022,2609022,2610445,2614837,2619805,2625223,2625223,2631547,2638137,2646202,2653708,2653708,2658593,2661359,2662826,2663552,2663552,2664234,2658490,2649296,2642482,2642482,2640432,2641082,S
2824608,2825608,2825608,2824729,2821312,2816288,2809890,2809890,2801501,2792220,2779271,2763673,2763673,2746200,2728992,2711320,2693115,2693115,2674759,2656636,2639860,2624567,2624567,2612276,2603284,2596635,2592581,2592581,2589965,2588524,2588589,2589410,2589410,2588542,2593345,2599694,2608929,2608929,2613472,2610018,2608016,2611423,2611423,S
2641675,2637465,2635085,2634064,2634064,2630756,2627385,2626189,2624479,2624479,2622535,2620773,2618133,2614632,2614632,2608428,2599131,2589819,2577666,2577666,2565008,2553605,2545399,2544858,2544858,2545071,2546306,2548370,2548370,2552364,2559959,2568036,2581830,2581830,2594424,2610817,2624894,2638079,2638079,2649575,2662438,2673929,2682756,S
2839158,2834627,2829220,2824084,2817670,2817670,2814094,2812201,2811235,2812085,2812085,2814745,2823391,2830584,2838851,2838851,2846939,2854244,2861672,2866419,2866419,2870658,2873061,2874021,2877579,2877579,2885714,2895108,2907350,2920647,2920647,2937015,2951931,2962848,2967130,2967130,2967440,2961258,2953867,2945153,2945153,2935661,2922555,S
2655653,2650787,2646189,2641540,2637783,2637783,2635555,2635245,2636016,2636446,2636446,2635767,2635816,2637721,2640811,2640811,2644991,2650407,2655780,2661499,2661499,2666132,2668762,2667149,2666743,2666743,2668170,2670678,2675236,2677947,2677947,2677558,2676432,2674315,2671605,2671605,2670470,2670337,2669888,2671869,2671869,2674082,2673492,S
