2938996,2938996,2939306,2939494,2940108,2940625,2940625,2941353,2941921,2941956,2942198,2942198,2942398,2941750,2940442,2938852,2938852,2936231,2933394,2929471,2924257,2924257,2919013,2914172,2910167,2907538,2907538,2906715,2906809,2909746,2910673,2910673,2910271,2908760,2909165,2911584,2911584,2915156,2918082,2921323,2923949,2923949,2927933,H
3013483,3013483,3013483,3012074,3012074,3010746,3009452,3008463,3007413,3007413,3006718,3005613,3004886,3004139,3004139,3003223,2999727,2994171,2990318,2990318,2985021,2981729,2978389,2977033,2977033,2974083,2975254,2980001,2986976,2986976,2991665,2995700,3000290,3004074,3004074,3005563,3005954,3006721,3007497,3007497,3007571,3007571,3007571,H
2957838,2957555,2957555,2957356,2957354,2957158,2956809,2956809,2956678,2956101,2956007,2955613,2955613,2954931,2953026,2949289,2946146,2946146,2940172,2934085,2936653,2961141,2961141,2977544,2938763,2922353,2918343,2918343,2916817,2914359,2916412,2918740,2918740,2920393,2922369,2924436,2926665,2926665,2928411,2929328,2930052,2930385,2930385,H
2829767,2829767,2829767,2830650,2831460,2831874,2831688,2831688,2831510,2831409,2831276,2831086,2831086,2831422,2831091,2830977,2830953,2830953,2839001,2874194,2910008,2931701,2931701,2926820,2926482,2925438,2899623,2899623,2874200,2863632,2852878,2847377,2847377,2846664,2843746,2842199,2842900,2842900,2843644,2845698,2846525,2847014,2847014,H
3238353,3238353,3238353,3238353,3223059,3214880,3199113,3201740,3201740,3191448,3183239,3182871,3164023,3164023,3156991,3197354,3155546,2967569,2967569,2933184,2922239,2915403,2910622,2910622,2904916,2897942,2897413,2906178,2906178,2918828,2927397,2936031,2941480,2941480,2943626,2945563,2945342,2944549,2944549,2942629,2942629,2942629,2942629,H
3094409,3094409,3094409,3094409,3094409,3094409,3095030,3095030,3094560,3092608,3090638,3088893,3088893,3087423,3086976,3088639,3084683,3084683,3084678,3084776,3082588,3079915,3079915,3077297,3073940,3068340,3064533,3064533,3065434,3070141,3074021,3079257,3079257,3084291,3086830,3086920,3087315,3087315,3087315,3087315,3087315,3087315,3087315,H
3236272,3236272,3236272,3236272,3226815,3212744,3214650,3219343,3219343,3222121,3222253,3225551,3230813,3230813,3247068,3494889,3298786,3226290,3226290,3403274,3352037,3342795,2937065,2937065,2864718,2837913,2837014,2847159,2847159,2858617,2867761,2867792,2867749,2867749,2867839,2867679,2866923,2866535,2866535,2866018,2866018,2866018,2866018,H
2937118,2937118,2937118,2938165,2939529,2941306,2941306,2943487,2945031,2946895,2948698,2948698,2949073,2949596,2950616,2952893,2952893,2960233,2948471,2989100,2971178,2959870,2959870,2948739,2943432,2935898,2930505,2930505,2919731,2918851,2917140,2917140,2923971,2934660,2945643,2952088,2952088,2954580,2955274,2955367,2954474,2954474,2954474,H
3127126,3127126,3127126,3126628,3126302,3126302,3125967,3126113,3125983,3126134,3126134,3126295,3126430,3126870,3127163,3127163,3128483,3131206,3126708,3129909,3129909,3131741,3126810,3120351,3109873,3109873,3095817,3074824,3065089,3065089,3059382,3066608,3074281,3080640,3080640,3084597,3086687,3088585,3090538,3090538,3090538,3090538,3090538,H
3362517,3362517,3362517,3357336,3354022,3354022,3341004,3329720,3316299,3303418,3303418,3296145,3290605,3277798,3271986,3271986,3253415,3243959,3118177,2900469,2900469,2861366,2855008,2843646,2841659,2841659,2836418,2830562,2832297,2832297,2849327,2865468,2940169,3418140,3418140,3625209,3741417,3754019,3792999,3792999,3792999,3792999,3792999,H
3118877,3118877,3118877,3119171,3120064,3120064,3120837,3121688,3122501,3122651,3122651,3122704,3122589,3122589,3122946,3122946,3122992,3121524,3116979,3119034,3119034,3122605,3125136,3120261,3120261,3117116,3112556,3108197,3101886,3101886,3103207,3103913,3103659,3108223,3112271,3112271,3114396,3115754,3116965,3118868,3118868,3118868,3118868,H
2884073,2884073,2884073,2884073,2881512,2878898,2876857,2874985,2874985,2873084,2871519,2869598,2867261,2867261,2861338,2855224,2855266,2851257,2851257,2851320,2847690,2847242,2845106,2845106,2843887,2849873,2856937,2866836,2866836,2879563,2888571,2900326,2906019,2906019,2909825,2911945,2912610,2912020,2912020,2911024,2909946,2909946,2909946,H
2884052,2884052,2884052,2884052,2881162,2881162,2878162,2875637,2872984,2871078,2871078,2869284,2867458,2865958,2863891,2863891,2863106,2928107,3367053,3558958,3558958,3572040,3524406,3476895,3389697,3389697,3343725,3244812,2979798,2898682,2898682,2886353,2885998,2888679,2890071,2890071,2889791,2890627,2891388,2891388,2891388,2891388,2891388,H
2935203,2935203,2932387,2928638,2925093,2925093,2921803,2918804,2916204,2913672,2913672,2911197,2909029,2906964,2904863,2904863,2903197,2901334,2899524,2893174,2893174,2888253,2886908,2886192,2884255,2884255,2883391,2882181,2880799,2886866,2886866,2898199,2906082,2911900,2918896,2918896,2922969,2924745,2925452,2925405,2925405,2924616,2924616,H
3149685,3149685,3149685,3149685,3149685,3150136,3150323,3149907,3149907,3149648,3149262,3149116,3149184,3149184,3149268,3149089,3149334,3151930,3151930,3151486,3152579,3154210,3153276,3153276,3152300,3149823,3147326,3144284,3144284,3141482,3140482,3140454,3142644,3142644,3144489,3145277,3145503,3145740,3145740,3145740,3145740,3145740,3145740,H
3092853,3095297,3097119,3097119,3098306,3098686,3099111,3099823,3099823,3100799,3101258,3101420,3101579,3101579,3102285,3103523,3104434,3106022,3106022,3107567,3109876,3112428,3115974,3115974,3118144,3112468,3101702,3098395,3098395,3093671,3090879,3088984,3087287,3087287,3083318,3076361,3072189,3072567,3072567,3073406,3072523,3071145,3069557,H
2910153,2910153,2910153,2910153,2909869,2909869,2909209,2908878,2907357,2905937,2905937,2904279,2902647,2900950,2899408,2899408,2897847,2892642,2885507,2880937,2880937,2878514,2875761,2874919,2873229,2873229,2873881,2881480,2892791,2906379,2906379,2917273,2924591,2925395,2924823,2924823,2923514,2921016,2916897,2916897,2916897,2916897,2916897,H
2857318,2857318,2857318,2857318,2858221,2858590,2858210,2857222,2857222,2856160,2855526,2855455,2855477,2855477,2856022,2856224,2856689,2857186,2857186,2879081,3062641,3134053,3189134,3189134,3190341,3155351,2927161,2881000,2881000,2868436,2870815,2873927,2876538,2876538,2877516,2878442,2880345,2880345,2882099,2883387,2883387,2883387,2883387,H
3073267,3073267,3073267,3073267,3073267,3073267,3072764,3071703,3070587,3070587,3069735,3069263,3068690,3067997,3067997,3067617,3067557,3067803,3067803,3067766,3067516,3061876,3060017,3060070,3060070,3059395,3059824,3059930,3063895,3063895,3067972,3075692,3082076,3082076,3088786,3094408,3098023,3100682,3100682,3100682,3100682,3100682,3100682,H
2938402,2938402,2938402,2934875,2934875,2931579,2928974,2926329,2924474,2924474,2922158,2920168,2918364,2916996,2916996,2915520,2914575,2913607,2911265,2911265,2913071,2922363,2929379,2931642,2931642,2944574,2987510,3005214,3010206,3010206,2927864,2907945,2897009,2896976,2896976,2902424,2902181,2901868,2900067,2900067,2900067,2900067,2900067,H
3162450,3162450,3162450,3163163,3163915,3164955,3165539,3165539,3165480,3165095,3164282,3163745,3163745,3163328,3162562,3161696,3160898,3160898,3157326,3154473,3160462,3161341,3161341,3157797,3153108,3148695,3139623,3139623,3133958,3135654,3139139,3143747,3143747,3145613,3145969,3144473,3143421,3143421,3142955,3142589,3142589,3142589,3142589,H
3020466,3020466,3020466,3020466,3020466,3020466,3018032,3016933,3016933,3013003,3010065,3006725,3001330,2993992,2993992,2988539,2987794,2972270,2972270,2966013,2967862,2955376,2954868,2954868,2953647,2950811,2949019,2953112,2953112,2958422,2963915,2966309,2965748,2965278,2965278,2964135,2963088,2961952,2961952,2961952,2961952,2961952,2961952,H
3014087,3014087,3014087,3011959,3011959,3010230,3008284,3006366,3004845,3004845,3003409,3002091,3000745,2999716,2999716,2998687,2998624,2995731,2975584,2975584,2998149,3027311,3049198,3064036,3064036,3049258,3019310,2995850,2993121,2993121,2995536,2997699,2997891,2997505,2997505,2996715,2996915,2996986,2996892,2996892,2996892,2996892,2996892,H
3051721,3051721,3051721,3051721,3051721,3049652,3049652,3047932,3046008,3044848,3044123,3044123,3043532,3042746,3042217,3041921,3041921,3041872,3041791,3039022,3040632,3040632,3042960,3045148,3043126,3038471,3038471,3035384,3030442,3032650,3037656,3037656,3044062,3048565,3050950,3052620,3052620,3054712,3054712,3054712,3054712,3054712,3054712,H
2911033,2911033,2911033,2911033,2911033,2909625,2909625,2908209,2906346,2904867,2903751,2903751,2902897,2902040,2901241,2901836,2901836,2909541,3064859,3704376,4190736,4190736,4192839,4193056,3625967,3363633,3363633,3025133,2873311,2841133,2828672,2828672,2826133,2824011,2822190,2820115,2820115,2818007,2818007,2818007,2818007,2818007,2818007,H
2812756,2811875,2811363,2810710,2810231,2810231,2809975,2810077,2810146,2810674,2810674,2811356,2811713,2812346,2813078,2813078,2813462,2814085,2814268,2818472,2818472,2820181,2819893,2813929,2813929,2811664,2811479,2809825,2808618,2808618,2806712,2811552,2818552,2824438,2824438,2825220,2826369,2828034,2829871,2829871,2832044,2834404,2836328,H
2800594,2800594,2800594,2800594,2800594,2798781,2798781,2797275,2796206,2795184,2794115,2794115,2793176,2792405,2791587,2790756,2790756,2789833,2781397,2775004,2770566,2770566,2764165,2761206,2758896,2757653,2757653,2754852,2752299,2765166,2775246,2775246,2781281,2785089,2786963,2787777,2787777,2790275,2790114,2790114,2790114,2790114,2790114,H
2797462,2797462,2797462,2797462,2796225,2794866,2793450,2792189,2791102,2790099,2789234,2787979,2785595,2782003,2770919,2798428,2965751,3051328,3105932,3156213,3171020,3146371,3104371,2997114,2876286,2783791,2765816,2759684,2763543,2763696,2765686,2768032,2770138,2772622,2773914,2775389,2775992,2776734,2777574,2778692,2778692,2778692,2778692,H
2782609,2782609,2782609,2782609,2782011,2781499,2780720,2779093,2777081,2774786,2772945,2771515,2769211,2764645,2755241,2748892,2754695,2761617,2921553,3237186,3253230,3381621,3436925,3425554,3374052,3364677,3084289,2820889,2766522,2757713,2761832,2769176,2778092,2781011,2783270,2785958,2786800,2786896,2786745,2787414,2787414,2787414,2787414,H
2987898,2987898,2987898,2987898,2987898,2987898,2987898,2987898,2988823,2990137,2991067,2992381,2993457,2994450,2994995,2994794,2994090,2993045,2987837,2986157,2995823,3002426,3005885,3006386,3005379,3000899,2996526,2992669,2989594,2988536,2988635,2990964,2995693,3001635,3006258,3009487,3009487,3009487,3009487,3009487,3009487,3009487,3009487,H
3002408,3002408,3002408,3002408,3002408,3002292,3002214,3002244,3002588,3002588,3001633,3000325,2998734,2997771,2997771,2996656,2995955,2994577,2987248,2987248,2996244,2997585,2999150,2990708,2990708,2989219,2981669,2981359,2980994,2980994,2981110,2983566,2984711,2984403,2984403,2982246,2980837,2978846,2978846,2978846,2978846,2978846,2978846,H
2754024,2754024,2754024,2754024,2752492,2752492,2751584,2750274,2749404,2748421,2748421,2747538,2746230,2741983,2729114,2729114,2726528,2723874,2721956,2721251,2721251,2721751,2723736,2722198,2724739,2724739,2729595,2743301,2763765,2779287,2779287,2787115,2795639,2797127,2798126,2798126,2799476,2800664,2800887,2800887,2800887,2800887,2800887,H
2804910,2804910,2804910,2804403,2804046,2803952,2803751,2803751,2803451,2803321,2803018,2802836,2802836,2802314,2800473,2771428,2924783,2924783,3254761,3354341,3361708,3360770,3360770,3339156,3315294,3372227,3322263,3322263,3306151,3074803,2882504,2848337,2848337,2826262,2798185,2796203,2798605,2798605,2800676,2802067,2802675,2803638,2803638,H
2812092,2812092,2814775,2816834,2818255,2818935,2818935,2819866,2821694,2823000,2824315,2824315,2824646,2824086,2823380,2823709,2823709,2823741,2825016,2824467,2827642,2827642,2828483,2828301,2829760,2832102,2832102,2831444,2831319,2829287,2830456,2830456,2833745,2837649,2842124,2842898,2842898,2843906,2844246,2843955,2843429,2843429,2843353,H
2893064,2894166,2895060,2895042,2895042,2894954,2894150,2893297,2892420,2892420,2891621,2891307,2890825,2890760,2890760,2890467,2890328,2887956,2885239,2893353,2893353,2894104,2896956,2897935,2897935,2897896,2897697,2895348,2889472,2889472,2887730,2885449,2888190,2890854,2890854,2894947,2896716,2899143,2901730,2901730,2904425,2906568,2906914,H
2892726,2891236,2889753,2888519,2887283,2887283,2886128,2885340,2885262,2885844,2885844,2871770,2857644,2888333,2915508,2937452,2937452,2942776,2949221,2889615,2889615,2881945,2876362,2877233,2926055,2926055,2961400,2982905,2979168,2925164,2925164,2874270,2862136,2862150,2864149,2864149,2865826,2867725,2869176,2870807,2870807,2871428,2871560,H
2829018,2829018,2829018,2829018,2829018,2827665,2825997,2824597,2823292,2823292,2822186,2821084,2820155,2818926,2818926,2816779,2811743,2805313,2802547,2802547,2800132,2798748,2796998,2795565,2795565,2794590,2792634,2803482,2814371,2814371,2817951,2820821,2822176,2821339,2821339,2820492,2820030,2819466,2818917,2818917,2818917,2818917,2818917,H
2891022,2891022,2890394,2890394,2889520,2888580,2887837,2887485,2887485,2887337,2887029,2887117,2887240,2887240,2887333,2887360,2887391,2886681,2886681,2887889,2871582,2891311,2903083,2903083,2899412,2892345,2885294,2876993,2876993,2868086,2860132,2854335,2851660,2851660,2848721,2847652,2850483,2850361,2850361,2853076,2857426,2859946,2859946,H
3041049,3040517,3039631,3039631,3038749,3037389,3035451,3033362,3033362,3029006,3020964,3020600,3021215,3021215,3016611,3009266,2998296,2976826,2976826,2964954,2963792,2977677,2986387,2986387,2999400,3018665,3007403,2969189,2969189,2953858,2950283,2952051,2952733,2952733,2952831,2953915,2956075,2959664,2959664,2963702,2966228,2969008,2971391,H
3078704,3079866,3081187,3081187,3082515,3084054,3085262,3086843,3086843,3089367,3090664,3090831,3091483,3091483,3091592,3090870,3090024,3088968,3088968,3087584,3085672,3083025,3078826,3078826,3074024,3069773,3068575,3069274,3069274,3069429,3068969,3069093,3068441,3068441,3067905,3069387,3071175,3072633,3072633,3074181,3075539,3076503,3077514,M
2850497,2850342,2849894,2849593,2849593,2849451,2849125,2848068,2847851,2847851,2846699,2844658,2842966,2839239,2839239,2837556,2835382,2830880,2827609,2827609,2830354,2830405,2827193,2824485,2824485,2822777,2821249,2821229,2820727,2820727,2820537,2820473,2822009,2823913,2823913,2827903,2835361,2844006,2849231,2849231,2852575,2854848,2856304,M
3164172,3164172,3164172,3164390,3164805,3164805,3165066,3165692,3166177,3166864,3166864,3167672,3167338,3166307,3165376,3165376,3164472,3164619,3163621,3162128,3162128,3155972,3151962,3147328,3143860,3143860,3142578,3142022,3142649,3143484,3143484,3144950,3146404,3147672,3149352,3149352,3151303,3152031,3151945,3151548,3151548,3151548,3151548,M
3664253,3664253,3664253,3673785,3701743,3734586,3782428,3782428,3805810,3833095,3842282,3786137,3786137,3751779,3745067,3766049,3759228,3759228,3764521,3775181,3663006,3408067,3408067,3302010,3204807,3287806,3296014,3296014,3215297,3325039,3556422,3630038,3630038,3629039,3592411,3511478,3477260,3477260,3400457,3345626,3321430,3303305,3303305,M
3021716,3021716,3021716,3021716,3023612,3025237,3027356,3029305,3031260,3032879,3034129,3034763,3035380,3036243,3037755,3040590,3042063,3038223,3048077,3048703,3045479,3041497,3037151,3030585,3027993,3024552,3020370,3016312,3017022,3023284,3031889,3038587,3043883,3047143,3049433,3051309,3050718,3049819,3049242,3048653,3048653,3048653,3048653,M
3016971,3016971,3016971,3016971,3015703,3014462,3013349,3012548,3011451,3010327,3009525,3008378,3007469,3006406,3005180,3003579,3001502,2997858,2994047,2989194,2984243,2981001,2977470,2976395,2973357,2971841,2971910,2972810,2978367,2980382,2982344,2984448,2986709,2989222,2992426,2995575,2997274,2998894,2999426,2998959,2998959,2998959,2998959,M
3200588,3200588,3200588,3214788,3235350,3241545,3205185,3150715,3118237,3106610,3102505,3092292,3082436,3082469,3079416,3082157,3079574,3076028,3063652,3063149,3034997,3012385,3007142,3002258,2998665,2995489,2991520,3002177,3005828,3008152,3010331,3010370,3010496,3010986,3011163,3010881,3011201,3010896,3010265,3009421,3008541,3008541,3008541,M
3076167,3076167,3076167,3076167,3074435,3073197,3072207,3071571,3071045,3070689,3070193,3069754,3069277,3069288,3069063,3069054,3069022,3069237,3069329,3069334,3069669,3069370,3068116,3066559,3064906,3063291,3062905,3062298,3059992,3062458,3066382,3068502,3071254,3074795,3077818,3080153,3082898,3084740,3085764,3086661,3086661,3086661,3086661,M
3212544,3211911,3211544,3211544,3211378,3211123,3211045,3211097,3211097,3211157,3211311,3211773,3211987,3211987,3212496,3212950,3210605,3210605,3210605,3207765,3208139,3209446,3209468,3209468,3207968,3203917,3202079,3203280,3203280,3205714,3207527,3208954,3210043,3210043,3211785,3213075,3214224,3215218,3215218,3216015,3217617,3218369,3218751,M
3158558,3158558,3158558,3160169,3161355,3162860,3164287,3164287,3166003,3167463,3168642,3169980,3171136,3171136,3171497,3171013,3170199,3170199,3164521,3157608,3158929,3158582,3158582,3157518,3154515,3150549,3149034,3149034,3148892,3149450,3150700,3152926,3152926,3155676,3157411,3158651,3159214,3159214,3159446,3159030,3157405,3157405,3157405,M
3000849,3000849,3000849,3000849,3000849,3000849,3000849,2998546,2995428,2992208,2988987,2988987,2986454,2984001,2981713,2979478,2979478,2977294,2974674,2967880,2961607,2961607,2958674,2956559,2959616,2960362,2960362,2958117,2963275,2969703,2974059,2974059,2974807,2972808,2970778,2969627,2969627,2968747,2968747,2968747,2968747,2968747,2968747,M
3069512,3068931,3068251,3066366,3066366,3063895,3060994,3058616,3056326,3056326,3054297,3052483,3050735,3049306,3049306,3048288,3047484,3046624,3045564,3045564,3042577,3038287,3038326,3036704,3036704,3035112,3031757,3027730,3023363,3023363,3020272,3018130,3016170,3014007,3014007,3012468,3011438,3010401,3009375,3009375,3008805,3008372,3008615,M
3042577,3042577,3042521,3042196,3041648,3041648,3040674,3040397,3040167,3039894,3039894,3039788,3039192,3038924,3038824,3038824,3038800,3039066,3039228,3038734,3038734,3035716,3034939,3033529,3033120,3033120,3032982,3033843,3035256,3035440,3035440,3034809,3033934,3033061,3032239,3032239,3031445,3030632,3029954,3029178,3029178,3028788,3028788,M
3089891,3089891,3089891,3090242,3090976,3090976,3091565,3092571,3093795,3093928,3093928,3093933,3093835,3093668,3094085,3094085,3094040,3093842,3090503,3083517,3083517,3082296,3082564,3081196,3079710,3079710,3078125,3077737,3077116,3077962,3077962,3079255,3079935,3082282,3084610,3084610,3086155,3086622,3085856,3085133,3085133,3085133,3085133,M
3036978,3036978,3035473,3034691,3033833,3033252,3033252,3032794,3032160,3032067,3032067,3032400,3032515,3032810,3033552,3033552,3033976,3033712,3032305,3035940,3035940,3036831,3035078,3032395,3029955,3029955,3028294,3029486,3029143,3029032,3029032,3028277,3028371,3028591,3028206,3028206,3027736,3027462,3027371,3026578,3026578,3025739,3025739,M
3077037,3076405,3074946,3073707,3073707,3072183,3070464,3069176,3067323,3067323,3066131,3063304,3058976,3053104,3053104,3043639,3039381,3043361,3044462,3044462,3039221,3037703,3034550,3032791,3032791,3022822,3015136,3006475,3001430,3001430,2996316,2989771,2983675,2979821,2979821,2976500,2975654,2978761,2981401,2981401,2984685,2987241,2988982,M
3152619,3152619,3152666,3152555,3152555,3151606,3149919,3147562,3145153,3145153,3142961,3141003,3139164,3137443,3137443,3135790,3134690,3133728,3131483,3131483,3127929,3123758,3121298,3121066,3121066,3120782,3120307,3121744,3126562,3126562,3128201,3126864,3126407,3126096,3126096,3126371,3126614,3126838,3126699,3126699,3126598,3126354,3126354,M
2945216,2945216,2945216,2945216,2945216,2942484,2939916,2937278,2937278,2935067,2932857,2930885,2929104,2927483,2927483,2925822,2924364,2922386,2919464,2919464,2912965,2903525,2897496,2894395,2894395,2891660,2892738,2894941,2894941,2899203,2898988,2896721,2896133,2895104,2895104,2893548,2892142,2890259,2888541,2888541,2888541,2888541,2888541,M
2943474,2943474,2943474,2943474,2943474,2942719,2941726,2940625,2939625,2939625,2938980,2938345,2937219,2935207,2935207,2932765,2930539,2924424,2919744,2919744,2916478,2913098,2911498,2911498,2909533,2908772,2909701,2911048,2911048,2919444,2927977,2937397,2941419,2941419,2943414,2943633,2942915,2941273,2941273,2941273,2941273,2941273,2941273,M
2870938,2870938,2870723,2870614,2870614,2870384,2870175,2870185,2870338,2870338,2870542,2870883,2870919,2870883,2870883,2871064,2871352,2870892,2869698,2869698,2867922,2865902,2851087,2860353,2860353,2884619,2920324,2949830,2969403,2969403,2973877,2919523,2878858,2870008,2870008,2870907,2874030,2876508,2878564,2878564,2879856,2880164,2880164,M
2834431,2834431,2834431,2834431,2834431,2834431,2834431,2833365,2832743,2831722,2830922,2830922,2829250,2826927,2822974,2815533,2815533,2812482,2808518,2805264,2803385,2803385,2806476,2821762,2838374,2849205,2849205,2857887,2862611,2864735,2865069,2865069,2863932,2862602,2860229,2857319,2857319,2857319,2857319,2857319,2857319,2857319,2857319,M
3161850,3161850,3162060,3162179,3162179,3161941,3160845,3159116,3157481,3157481,3156105,3154654,3153519,3152212,3152212,3150811,3149261,3147742,3145947,3145947,3142711,3139365,3146596,3150168,3150168,3151758,3150321,3147509,3146927,3146927,3146669,3145656,3144279,3143270,3143270,3141638,3140915,3139839,3138690,3138690,3136924,3135903,3135903,M
3102628,3102628,3102628,3102893,3102893,3103494,3104338,3104989,3105749,3105749,3106360,3106982,3107754,3108576,3108576,3109420,3110156,3109949,3108868,3108868,3107615,3103748,3099388,3099992,3099992,3100436,3100779,3101172,3102389,3102389,3104122,3109296,3114292,3117289,3117289,3119166,3121405,3122963,3124775,3124775,3124775,3124775,3124775,M
3115955,3115955,3115955,3115955,3116253,3116676,3117260,3117840,3117840,3118727,3119236,3119060,3118021,3118021,3116190,3113508,3109552,3101961,3101961,3109234,3113445,3111296,3110141,3110141,3106388,3103896,3103455,3102894,3102894,3102733,3103975,3106661,3108233,3108233,3110063,3110540,3110455,3109544,3109544,3108786,3108385,3108385,3108385,M
2987109,2987109,2987109,2984938,2984938,2983264,2981540,2979705,2978067,2978067,2976264,2974462,2973103,2972153,2972153,2977756,2948728,2952516,2949364,2949364,2945302,2940648,2933647,2934820,2934820,2942323,2944054,2945850,2947869,2947869,2950283,2952522,2953144,2953194,2953194,2953538,2952886,2950749,2948411,2948411,2948411,2948411,2948411,M
2955378,2955378,2955378,2953659,2953659,2951660,2949956,2948551,2947432,2947432,2947025,2945528,2944591,2943951,2943951,2942915,2941125,2937055,2931856,2931856,2925134,2919830,2918332,2916925,2916925,2917097,2915434,2915539,2914119,2914119,2914621,2916436,2916979,2916730,2916730,2916199,2915242,2914459,2913763,2913763,2913763,2913763,2913763,M
2987432,2987432,2987432,2987432,2989586,2991626,2993776,2995578,2995578,2996865,2998368,2999608,3000751,3000751,3001943,3002262,3002163,3001772,3001772,3001730,3008268,3015435,3015707,3015707,3013931,3013091,3009794,3005725,3005725,3003595,3000460,2998638,2998234,2998234,2998671,2998988,2998323,2997316,2997316,2995915,2995915,2995915,2995915,M
2908636,2908636,2908636,2908636,2908636,2906962,2906962,2905621,2904731,2903717,2903093,2903093,2902084,2901423,2900279,2899473,2899337,2899337,2900302,2907845,2886394,2886394,2873669,2874618,2872234,2865778,2865778,2872857,2884932,2886914,2889091,2889091,2890108,2890025,2890840,2891490,2891490,2891369,2890848,2890848,2890848,2890848,2890848,M
2906853,2906853,2906853,2906853,2906853,2906853,2906228,2906242,2906242,2906549,2907385,2908206,2909765,2909765,2911056,2912063,2912189,2910916,2910916,2909815,2907040,2904150,2901114,2901114,2899695,2900567,2902068,2903099,2903099,2903628,2904581,2905131,2904510,2904510,2903577,2903231,2903148,2903540,2903540,2903540,2903540,2903540,2903540,M
3022285,3022285,3022285,3022285,3023118,3023581,3023581,3023806,3023101,3022550,3021795,3021795,3020936,3020055,3019599,3019221,3019221,3018674,3016364,3011116,3012603,3012603,3017746,3019837,3020088,3018308,3018308,3016595,3013372,3009764,3010637,3010637,3009863,3010100,3009827,3009712,3009712,3010029,3009905,3009905,3009905,3009905,3009905,M
2906520,2906520,2906520,2906520,2906520,2906520,2906520,2906520,2905037,2903930,2902878,2901413,2901413,2898802,2895949,2892543,2888000,2888000,2884769,2881530,2877935,2874298,2874298,2871199,2868075,2864530,2862026,2862026,2863029,2865762,2868529,2870663,2870663,2869410,2868125,2867616,2867616,2867616,2867616,2867616,2867616,2867616,2867616,M
2875094,2873124,2871464,2871464,2870373,2869160,2867972,2866702,2866702,2865979,2865085,2863140,2860664,2860664,2858066,2855889,2855213,2855354,2855354,2855975,2855879,2854772,2853651,2853651,2850419,2848763,2846964,2850143,2850143,2858063,2866278,2874741,2876480,2876480,2879207,2880837,2881317,2880552,2880552,2879406,2879434,2878622,2877724,M
2786714,2786714,2786714,2787038,2787468,2787973,2788426,2788663,2788512,2787806,2787286,2786633,2785822,2785156,2784573,2783884,2782897,2781717,2777085,2774562,2771072,2766843,2764764,2764491,2764065,2764379,2765892,2765494,2767590,2772842,2783330,2793928,2801470,2807048,2809867,2811641,2812810,2813960,2813694,2813686,2813676,2813676,2813676,M
2962169,2962169,2962169,2962169,2962350,2962411,2962173,2962173,2962340,2962530,2962223,2960974,2960974,2959854,2959019,2958432,2957827,2957827,2957063,2955171,2952759,2959304,2959304,2966877,2969533,2966203,2962833,2962833,2961968,2962893,2963737,2965268,2965268,2966516,2967772,2968496,2967763,2967763,2966237,2966237,2966237,2966237,2966237,M
2879685,2879685,2879685,2879548,2879593,2879593,2879326,2878646,2878498,2877980,2877980,2877826,2877653,2877379,2876597,2876597,2875443,2874092,2872489,2847091,2847091,2995061,3297868,3423245,3430214,3430214,3385207,3300878,3190417,2991853,2991853,2936609,2892617,2864035,2857640,2857640,2854719,2852795,2851762,2850218,2850218,2850218,2850218,M
2771277,2771491,2771542,2772261,2772453,2772453,2771369,2770269,2769044,2767913,2767913,2767481,2767404,2767287,2767971,2767971,2767935,2760435,2762546,2895498,2895498,2989445,3025735,3031412,2988057,2988057,2937352,2851229,2802376,2777290,2777290,2770334,2768931,2769933,2771775,2771775,2775583,2778932,2782367,2785150,2785150,2787462,2789954,M
2753520,2753520,2753520,2753520,2751875,2750143,2748602,2747103,2747103,2744816,2741862,2738878,2736509,2736509,2734135,2732302,2730113,2728003,2728003,2724488,2714900,2712801,2712801,2711667,2712267,2715744,2719737,2719737,2725828,2733722,2745566,2762007,2762007,2776527,2789187,2792558,2793617,2793617,2793843,2793577,2792940,2792940,2792940,M
2793575,2793575,2795827,2796471,2795550,2796598,2796598,2793906,2791089,2787936,2780239,2780239,2775380,2777154,2773664,2772306,2772306,2783430,2814092,2905450,2941058,2941058,2959083,2956758,2937240,2902888,2902888,2882334,2827755,2809628,2807442,2807442,2809197,2812887,2811583,2816015,2816015,2817165,2819908,2821725,2822037,2822037,2822497,M
2817951,2817554,2817118,2816839,2816839,2816469,2816036,2815714,2815665,2815665,2815408,2814147,2812331,2810713,2810713,2811745,2811827,2789769,2822472,2822472,2902138,2928498,2929297,2931123,2931123,2895790,2834526,2815432,2817567,2817567,2821732,2824760,2826976,2827951,2827951,2828018,2827208,2826346,2825540,2825540,2824884,2824684,2824475,M
3068026,3068187,3068022,3068450,3068652,3068652,3068835,3068712,3069342,3069326,3069326,3068275,3066578,3064400,3062605,3062605,3060865,3059613,3058632,3057270,3057270,3055925,3054655,3053179,3050204,3050204,3044396,3038929,3034975,3035738,3035738,3037190,3037765,3038148,3039949,3039949,3041003,3041215,3040912,3040844,3040844,3041022,3041061,S
3065262,3065262,3065262,3065262,3065262,3065262,3065479,3066074,3066074,3066868,3067493,3068218,3068407,3068407,3068602,3068849,3068298,3066385,3066385,3053662,3094714,3217241,3192418,3192418,3076654,3030128,3013302,3017639,3017639,3019966,3021373,3023859,3027231,3027231,3030771,3034330,3037515,3037515,3037515,3037515,3037515,3037515,3037515,S
3127553,3127553,3127553,3127750,3128182,3128182,3127608,3126100,3124651,3123598,3123598,3122647,3122366,3121742,3120811,3120811,3119503,3116589,3109847,3096426,3096426,3069863,3065099,3061486,3073824,3073824,3078010,3081249,3084016,3088901,3088901,3092168,3094428,3094720,3096854,3096854,3098749,3101288,3103646,3105469,3105469,3105469,3105469,S
3087208,3087208,3087208,3087346,3087346,3087725,3088420,3089024,3089884,3089884,3090725,3091574,3092229,3092229,3093353,3094606,3095271,3093997,3093997,3091251,3087960,3085026,3081870,3081870,3080985,3080930,3079118,3076784,3076784,3075074,3077187,3080822,3084125,3084125,3086878,3089674,3092257,3094809,3094809,3097081,3097081,3097081,3097081,S
3078973,3078973,3079139,3079542,3079022,3077817,3077817,3076626,3074830,3072999,3071264,3071264,3070241,3069392,3068738,3067537,3067537,3065733,3062984,3062074,3061138,3061138,3059151,3056248,3053436,3050751,3050751,3046202,3039530,3037667,3040831,3040831,3042665,3043350,3045406,3047449,3047449,3049948,3051673,3054070,3055860,3055860,3057812,S
3715505,3715505,3715505,3715505,3715505,3715505,3715505,3715505,3707552,3696492,3706470,3698935,3699043,3695555,3704264,3717621,3726836,3728388,3726756,3730068,3639780,3591826,3510540,3447524,3412331,3366900,3349947,3349703,3405182,3400401,3400431,3409287,3403220,3437448,3477344,3501858,3501858,3501858,3501858,3501858,3501858,3501858,3501858,S
3221463,3221463,3221463,3221463,3221463,3221463,3221463,3220672,3220252,3219689,3218555,3217310,3216369,3216175,3216089,3216348,3216165,3216327,3216155,3216631,3215993,3210595,3215520,3217664,3216936,3212908,3208558,3207222,3207333,3208386,3208110,3208745,3208538,3208438,3208983,3208665,3207897,3207897,3207897,3207897,3207897,3207897,3207897,S
2829307,2829307,2828670,2828670,2827208,2825933,2824689,2824656,2824656,2823538,2822293,2820744,2820048,2820048,2815456,2811110,2803553,2794211,2794211,2774602,2771687,2767423,2764713,2764713,2767461,2778628,2794294,2808348,2808348,2820442,2823575,2825103,2825987,2825987,2826553,2827229,2828211,2829129,2829129,2829197,2829138,2829138,2829138,S
3112307,3111860,3111548,3111548,3111642,3111249,3110271,3109320,3109320,3108653,3108168,3107562,3106855,3106855,3105985,3104153,3101652,3100411,3100411,3095269,3079450,3107958,3132534,3132534,3120186,3087720,3067503,3062073,3062073,3060970,3064406,3070717,3076749,3076749,3083481,3088255,3092407,3095317,3095317,3098161,3100738,3103186,3105976,S
2887037,2887037,2887037,2885293,2883478,2881801,2881801,2880452,2879140,2877858,2876632,2876632,2875434,2874299,2873218,2872201,2872201,2870789,2868080,2862797,2856345,2856345,2853967,2852247,2851375,2851380,2851380,2851382,2855757,2868510,2877396,2877396,2883646,2887086,2888653,2889025,2889025,2889051,2888820,2888219,2886921,2886921,2886921,S
3073769,3073769,3073769,3073769,3073710,3073710,3073236,3073435,3073792,3074649,3074649,3075332,3075839,3076568,3077553,3077553,3078448,3079312,3080180,3075855,3075855,3067504,3063982,3063948,3063644,3063644,3065281,3070436,3073630,3075432,3075432,3076891,3078050,3079392,3080470,3080470,3081630,3082268,3082895,3082895,3082895,3082895,3082895,S
2987197,2987197,2987197,2986482,2986127,2985912,2985325,2985325,2985012,2984683,2984519,2984416,2984416,2984003,2982454,2980260,2978628,2978628,2976655,2973604,2970981,2968931,2968931,2968608,2969977,2971221,2972002,2972002,2972828,2973187,2972959,2972894,2972894,2972274,2971639,2971098,2970719,2970719,2969768,2967857,2966072,2966072,2966072,S
3030369,3030369,3030369,3030369,3030369,3030369,3029973,3030013,3030013,3030023,3030331,3030497,3031185,3031185,3031460,3032081,3032320,3031954,3031954,3030919,3030196,3028585,3030239,3030239,3032878,3033410,3034049,3033413,3033413,3032678,3032453,3032963,3033332,3033332,3033756,3033642,3033053,3032426,3032426,3032426,3032426,3032426,3032426,S
3077823,3077823,3077823,3077823,3077823,3077114,3075768,3073961,3071954,3071954,3070070,3068299,3066848,3065143,3065143,3063590,3062390,3061254,3059934,3059934,3056789,3055401,3054100,3053877,3053877,3054417,3055471,3057596,3059605,3059605,3061394,3062000,3060001,3057842,3057842,3056796,3056026,3055265,3055025,3055025,3055025,3055025,3055025,S
2906893,2906893,2906893,2906893,2906893,2903895,2901145,2898658,2896270,2896270,2894278,2892155,2890081,2888221,2888221,2886521,2884873,2883396,2881789,2881789,2879969,2876940,2870885,2865135,2865135,2863765,2862863,2862954,2868343,2868343,2874993,2876871,2879925,2882758,2882758,2883771,2883626,2881052,2881052,2881052,2881052,2881052,2881052,S
3051254,3051254,3051254,3051254,3051254,3051254,3049953,3048804,3048204,3048204,3047767,3047283,3047167,3047044,3047044,3047051,3047585,3048055,3047475,3047475,3045244,3045220,3048407,3049846,3049846,3049134,3048076,3046428,3045240,3045240,3044612,3045605,3047430,3049383,3049383,3051045,3052680,3054179,3055610,3055610,3055610,3055610,3055610,S
3028108,3028108,3028108,3028108,3028108,3028108,3033566,3038860,3043172,3044840,3044840,3045695,3045751,3045727,3046796,3046796,3049943,3052672,3055281,3056850,3056850,3055027,3050179,3042838,3038179,3038179,3037294,3040512,3043760,3045291,3045291,3048921,3054726,3062620,3071220,3071220,3077172,3082761,3082761,3082761,3082761,3082761,3082761,S
3083181,3083181,3083181,3083181,3079195,3079195,3075771,3072568,3069571,3066519,3066519,3063167,3060552,3058131,3055530,3055530,3053461,3051149,3048828,3046293,3046293,3043568,3042577,3041662,3036588,3036588,3032158,3031723,3031298,3031490,3031490,3029473,3026799,3023459,3023459,3020613,3018116,3015776,3013609,3013609,3013609,3013609,3013609,S
3149883,3149883,3149883,3149684,3149243,3149598,3149652,3149652,3149688,3150073,3150350,3150723,3150723,3151160,3151472,3151441,3150401,3150401,3148076,3145169,3141234,3135327,3135327,3134294,3135108,3135605,3135467,3135467,3137992,3140561,3142287,3143675,3143675,3144908,3145600,3146329,3147339,3147339,3148062,3148281,3148281,3148281,3148281,S
3026149,3026149,3023985,3021904,3019411,3017141,3017141,3015342,3013312,3011517,3009094,3009094,3007239,3004632,3000634,2996767,2996767,2991871,2988639,2984720,2978938,2978938,2971840,2968742,2970165,2969345,2969345,2965892,2960421,2956446,2955593,2955593,2956240,2962569,2965644,2967686,2967686,2968913,2969056,2969325,2969445,2969445,2969445,S
3069845,3069845,3069845,3069845,3069845,3069845,3069845,3070115,3070115,3070423,3070784,3071496,3072417,3072417,3073214,3073996,3073837,3073387,3073387,3073032,3071933,3066760,3062489,3062489,3061512,3061752,3062493,3064214,3064214,3064098,3064352,3065739,3067822,3067822,3070393,3072691,3074739,3074739,3074739,3074739,3074739,3074739,3074739,S
2824961,2824961,2824961,2824961,2824961,2824961,2824949,2824242,2824242,2822902,2821737,2821141,2820994,2820994,2821327,2821914,2822400,2823018,2823018,2823918,2824719,2825732,2822703,2822703,2818516,2813883,2817597,2823359,2823359,2828985,2836613,2842702,2847044,2847044,2849996,2852729,2855013,2857363,2857363,2857363,2857363,2857363,2857363,S
3119273,3119273,3119273,3119273,3119273,3119273,3119273,3119414,3119386,3119626,3119626,3119871,3119531,3118171,3116581,3116581,3115024,3113517,3111590,3107819,3107819,3104532,3102629,3100885,3100444,3100444,3100162,3099079,3100723,3105907,3105907,3111245,3115348,3118585,3120966,3120966,3120966,3120966,3120966,3120966,3120966,3120966,3120966,S
2945876,2945876,2945876,2945876,2945876,2945876,2945533,2945207,2944583,2943255,2943255,2941146,2938776,2936757,2934986,2934986,2933565,2932780,2930241,2928065,2928065,2924904,2922066,2921986,2924600,2924600,2928537,2932488,2934082,2935065,2935065,2934956,2934692,2934449,2933055,2933055,2931229,2929407,2929407,2929407,2929407,2929407,2929407,S
2890858,2890858,2890858,2889804,2888713,2887675,2886406,2886406,2884732,2882353,2879921,2877565,2875275,2875275,2873279,2870787,2867689,2864763,2864763,2859900,2853091,2850083,2848199,2848199,2847780,2849103,2855168,2866812,2866812,2880874,2891017,2897961,2899638,2899638,2899293,2897530,2895315,2893170,2893170,2891224,2891224,2891224,2891224,S
2962204,2961319,2960814,2960814,2960289,2960050,2959561,2959142,2959142,2958669,2958119,2957867,2957399,2957399,2956210,2954538,2952456,2950644,2950644,2951454,2948523,2942100,2938812,2938812,2937919,2934995,2943260,2945291,2945291,2946448,2949364,2952150,2955658,2955658,2958379,2960791,2961685,2962090,2962090,2961061,2958918,2956452,2953736,S
2930052,2930052,2930052,2930052,2930052,2930052,2930052,2929080,2928507,2928105,2928105,2927794,2927522,2927414,2927414,2927132,2927059,2926346,2922909,2922909,2922315,2923740,2924759,2925081,2925081,2924645,2923476,2923406,2924429,2924429,2923520,2924784,2927111,2929442,2929442,2930944,2932440,2932440,2932440,2932440,2932440,2932440,2932440,S
2725868,2725868,2725113,2724539,2724539,2724021,2723183,2722610,2721946,2721946,2721323,2720686,2720283,2719292,2719292,2717840,2716384,2714934,2713507,2713507,2710835,2704960,2702653,2701809,2701809,2702330,2704409,2707525,2713584,2713584,2721736,2725699,2728316,2729323,2729323,2729895,2729746,2729728,2729720,2729720,2729681,2729149,2729149,S
2797263,2797900,2797900,2797836,2797528,2797267,2797160,2797160,2796965,2796963,2796969,2796932,2796932,2796651,2797486,2798079,2800879,2800879,2807194,2811068,2811119,2807290,2807290,2803856,2801817,2800093,2798841,2798841,2798379,2797602,2798596,2799495,2799495,2799453,2799678,2799474,2800127,2800127,2801545,2803170,2804772,2806338,2806338,S
3000493,3000529,3000527,3000356,3000668,3000668,3000519,3000949,3001119,3001311,3001311,3001621,3001760,3002452,3002887,3002887,3003478,3002648,3000088,3001601,3001601,3008012,3014623,3019654,3021495,3021495,3020778,3019984,3019314,3018568,3018568,3018174,3018727,3017095,3014852,3014852,3013785,3013386,3013590,3014369,3014369,3015276,3014534,S
2906117,2906117,2906117,2906117,2905482,2904699,2903462,2902392,2901280,2900818,2900264,2899610,2898709,2898062,2897312,2896762,2896179,2894654,2892238,2892146,2893238,2894923,2896210,2895638,2893828,2890541,2890075,2889402,2889603,2889501,2890303,2891404,2892013,2892327,2893345,2893669,2893343,2892100,2890959,2889577,2889577,2889577,2889577,S
2988156,2988156,2988156,2988156,2988156,2988156,2988744,2987962,2986571,2985000,2984004,2982967,2981943,2981177,2980513,2979883,2979522,2979127,2979298,2979198,2979463,2978952,2975508,2970983,2971711,2973941,2975707,2976951,2977491,2977913,2978971,2980075,2981102,2981942,2982334,2982941,2983430,2983296,2983296,2983296,2983296,2983296,2983296,S
2931267,2931267,2931267,2931267,2931267,2931267,2931267,2931267,2929670,2927820,2926195,2924393,2922946,2921312,2919843,2917426,2915726,2913467,2913635,2912442,2909522,2910118,2912470,2914621,2913379,2911997,2909023,2905997,2903418,2901335,2898952,2897037,2895441,2893864,2892757,2891693,2891693,2891693,2891693,2891693,2891693,2891693,2891693,S
2956296,2956296,2956296,2956296,2956296,2956296,2956296,2958432,2960445,2962715,2964551,2966389,2967632,2968056,2968278,2968600,2968924,2969092,2969445,2969527,2968798,2965240,2967158,2971970,2973549,2974513,2974704,2975188,2975768,2975309,2975887,2976325,2975925,2974975,2973821,2972591,2970851,2970851,2970851,2970851,2970851,2970851,2970851,S
2875011,2875011,2875011,2875011,2875011,2875382,2875382,2875651,2875694,2874998,2874340,2874340,2873090,2872136,2871073,2869735,2869735,2868622,2867562,2866689,2865917,2865917,2864938,2866781,2869658,2870369,2870369,2868776,2867744,2867268,2866937,2866937,2867157,2866585,2867098,2868529,2868529,2869865,2871964,2871964,2871964,2871964,2871964,S
2951575,2950873,2950873,2948918,2946864,2944011,2937273,2937273,2931680,2929399,2921535,2909833,2909833,2902766,2890450,2865510,2865510,2774449,2749241,2739071,2735294,2735294,2733808,2732772,2734873,2742068,2742068,2752084,2763024,2767201,2767603,2767603,2765705,2762662,2759823,2757444,2757444,2755106,2753307,2751702,2750291,2750291,2748550,S
2764854,2764299,2763689,2763689,2763138,2762517,2761953,2761473,2761473,2761131,2760109,2758751,2757250,2757250,2755908,2754466,2752182,2749141,2749141,2747769,2746528,2744947,2744872,2744872,2746346,2747430,2748727,2751372,2751372,2757233,2765837,2774912,2783741,2783741,2787377,2787109,2785604,2784372,2784372,2783341,2782455,2781408,2780461,S
2805023,2805023,2805023,2805023,2805081,2805081,2805331,2805570,2805354,2805002,2805002,2803770,2802532,2801946,2801430,2801430,2800339,2799629,2798991,2813270,2813270,2940417,3178291,3180695,3098864,3098864,2982205,2902839,2867710,2836742,2836742,2805329,2797746,2795975,2797254,2797254,2797913,2797767,2798057,2798057,2798057,2798057,2798057,S
2842023,2842023,2838150,2835557,2835557,2835581,2833889,2833286,2834539,2834539,2832111,2829098,2827608,2827608,2844718,2849150,2844213,2825727,2825727,2811413,2810248,2808659,2807332,2807332,2806049,2808290,2801744,2811869,2834026,2834026,2837277,2817134,2807502,2800799,2800799,2795600,2793421,2792397,2792038,2792038,2791096,2790839,2790839,S
