2815288,2815432,2815751,2815918,2815918,2816265,2816561,2816623,2816197,2816197,2815521,2815020,2814156,2814156,2813553,2814318,2815986,2817978,2820915,2820915,2824179,2827207,2829892,2829892,2832240,2834279,2836049,2837613,2837613,2839263,2841309,2842191,2841949,2841224,2841224,2841031,2841277,2841633,2842308,2842308,2843024,2843474,2844056,H
2793517,2793325,2793325,2793232,2793187,2793219,2793309,2793309,2793536,2793996,2794503,2794353,2794353,2795156,2795894,2797098,2798085,2798085,2799585,2800691,2802380,2804763,2804763,2806929,2809099,2810038,2810570,2810570,2810155,2809782,2810175,2811086,2811086,2812008,2812485,2813150,2813717,2813717,2814095,2814172,2814033,2813899,2813899,H
2828284,2827215,2827215,2826405,2825736,2825148,2824432,2824432,2823620,2822921,2822374,2822039,2822039,2821821,2821892,2822647,2823188,2823188,2824010,2824601,2825608,2827290,2827290,2829067,2830839,2832232,2833118,2833118,2834084,2835489,2835960,2834910,2834910,2834761,2835739,2837151,2838700,2838700,2839565,2840374,2840950,2841353,2841353,H
2790322,2790484,2790765,2790765,2791603,2791603,2792203,2792424,2792424,2789696,2789696,2788082,2786807,2786807,2786179,2786167,2785742,2784980,2784980,2783471,2781877,2781142,2781391,2781391,2782500,2783478,2785306,2787107,2787107,2789354,2792100,2795479,2798821,2798821,2802304,2805720,2808682,2810486,2810486,2812285,2814072,2815573,2816934,H
2759085,2759831,2760934,2761729,2761729,2762526,2762032,2761017,2760317,2760317,2759687,2759353,2760286,2760780,2760780,2763056,2766446,2770110,2774410,2774410,2778262,2781703,2785170,2787921,2787921,2791110,2793160,2794013,2794126,2794126,2794046,2794651,2794800,2795340,2795340,2795855,2796218,2796210,2796229,2796229,2796332,2796612,2796791,H
2813618,2813618,2813618,2813618,2813618,2813618,2814520,2815293,2815293,2816187,2816964,2816735,2814890,2814890,2812548,2809982,2809970,2810012,2810012,2810824,2812306,2813814,2815608,2815608,2817290,2819226,2820840,2822677,2822677,2824456,2824705,2825123,2825994,2825994,2827141,2828226,2829113,2829903,2829903,2829903,2829903,2829903,2829903,H
2808147,2808147,2808147,2808716,2808716,2809208,2808976,2807719,2806078,2806078,2804580,2803501,2802459,2803168,2803168,2803638,2805048,2806066,2806703,2806703,2807279,2807987,2809269,2810309,2811764,2811764,2811314,2810820,2810000,2809712,2809712,2808971,2808563,2807775,2807013,2807013,2806522,2806195,2805869,2805844,2805844,2805844,2805844,H
2837104,2837104,2837104,2837946,2838870,2839827,2840665,2840665,2841691,2843305,2844658,2846733,2846733,2848681,2852263,2855399,2858595,2858595,2862345,2865788,2869221,2872858,2872858,2876404,2879863,2882458,2883738,2883738,2884430,2884740,2884931,2885236,2885236,2885466,2885102,2884963,2884508,2884508,2884217,2884001,2883622,2883445,2883445,H
2822594,2821709,2820854,2820089,2819452,2819452,2819055,2817973,2816433,2818573,2818573,2821034,2826578,2832789,2838684,2838684,2843787,2848047,2851781,2854807,2854807,2857668,2859962,2861712,2862780,2862780,2862088,2860758,2860467,2860318,2860318,2860127,2860246,2860227,2860105,2860105,2860027,2859994,2860101,2859548,2859548,2858600,2857493,H
2815746,2815746,2815746,2815294,2814921,2814412,2813983,2813983,2813643,2813378,2813101,2813861,2813861,2815915,2820397,2823259,2827055,2827055,2830185,2833678,2837888,2842208,2842208,2845342,2848586,2850935,2852525,2852525,2853572,2854321,2855419,2856008,2856008,2856782,2857449,2857964,2857797,2857797,2857191,2856483,2856483,2856483,2856483,H
2885038,2884747,2884535,2884535,2884615,2884714,2884564,2884514,2884514,2884825,2884175,2883648,2883873,2883873,2885782,2888410,2890693,2891519,2891519,2892392,2893042,2893657,2894456,2894456,2894999,2896596,2896989,2897519,2897519,2897430,2898040,2898078,2897892,2897892,2898007,2898103,2898383,2898761,2898761,2898393,2897815,2897229,2896674,H
2762560,2762560,2762560,2762560,2762560,2761715,2761715,2760893,2760665,2760229,2760093,2760093,2759776,2760082,2760254,2760527,2760527,2760879,2761383,2761900,2762626,2762626,2762866,2762115,2761317,2760846,2760846,2760846,2761055,2760968,2761011,2761011,2761154,2761344,2761837,2762316,2762316,2762987,2762987,2762987,2762987,2762987,2762987,H
2884424,2884424,2884424,2884272,2884274,2884157,2883987,2883987,2884097,2883928,2883782,2882820,2882820,2880875,2879857,2879498,2880345,2880345,2881652,2883266,2884830,2885491,2885491,2886538,2887569,2888688,2890132,2890132,2891301,2892282,2892336,2893205,2893205,2894234,2895262,2896076,2896902,2896902,2897531,2897934,2898009,2898009,2898009,H
2873477,2873084,2872953,2872795,2872252,2872252,2871822,2870930,2869487,2870077,2870077,2870669,2872575,2875803,2879524,2879524,2883219,2885444,2887224,2888356,2888356,2889476,2891101,2892484,2894452,2894452,2896528,2898729,2899009,2897520,2897520,2895400,2893018,2890372,2888331,2888331,2886492,2885311,2883853,2882916,2882916,2882045,2881136,H
2833705,2834027,2833608,2833608,2833253,2832902,2833230,2835012,2835012,2837129,2839581,2842978,2846054,2846054,2849390,2852715,2855479,2858621,2858621,2861446,2864065,2866852,2869044,2871456,2871456,2872595,2873190,2874125,2874487,2874487,2874103,2873244,2872398,2872398,2871496,2870891,2870590,2870379,2870379,2870287,2870061,2870218,2870174,H
2814651,2814990,2815334,2815334,2814385,2813902,2812200,2810709,2810709,2808902,2806754,2804384,2802508,2802508,2801235,2800821,2799708,2799537,2799537,2799638,2799455,2800203,2801655,2801655,2803796,2806941,2810729,2814729,2814729,2818428,2821660,2823047,2823999,2823999,2824167,2824516,2825109,2825350,2825350,2825761,2826104,2826727,2827257,H
2778242,2777175,2776453,2775666,2775666,2774968,2774492,2774065,2774131,2774131,2774655,2776226,2778004,2780822,2780822,2783557,2787225,2791381,2795535,2795535,2800249,2803999,2807862,2810690,2810690,2812299,2812680,2812503,2812630,2812630,2813116,2813527,2814099,2814635,2814635,2815108,2815900,2816509,2816763,2816763,2816368,2815743,2815003,H
2762803,2761926,2760996,2760125,2760125,2759682,2759324,2759314,2759989,2759989,2763298,2769142,2777801,2789059,2789059,2800550,2810851,2820022,2828338,2828338,2835839,2842660,2847818,2852413,2852413,2856573,2860003,2862393,2863596,2863596,2863930,2863332,2862224,2861930,2861930,2861300,2860290,2858917,2857596,2857596,2856258,2855029,2853908,H
2817571,2817571,2817440,2817487,2817487,2817462,2817745,2818043,2818715,2818715,2819160,2819733,2820539,2821293,2821293,2821700,2820656,2822600,2827758,2827758,2833521,2838601,2843054,2847827,2847827,2851964,2855765,2859111,2861088,2861088,2861696,2861214,2860690,2860415,2860415,2859966,2859167,2858600,2858065,2858065,2857722,2857202,2857202,H
2793182,2793182,2793182,2791359,2789614,2788024,2786941,2785718,2784718,2783968,2783375,2784845,2792145,2805097,2817579,2826823,2834236,2840075,2845344,2849652,2854079,2857447,2860812,2864455,2866613,2867630,2866861,2865347,2863967,2862547,2862159,2861718,2861423,2861013,2860507,2859200,2857688,2855951,2854584,2853180,2851668,2851668,2851668,H
2819728,2819728,2817828,2816360,2815163,2814250,2814250,2813264,2812454,2811906,2811421,2811421,2811322,2811782,2812750,2815291,2815291,2820516,2825077,2829446,2833373,2833373,2833753,2833149,2832368,2832063,2832063,2832129,2831258,2830562,2830106,2830106,2829618,2829479,2829369,2829208,2829208,2828938,2828789,2827091,2824446,2824446,2821881,H
2819894,2820285,2820747,2821402,2821402,2821919,2821517,2822535,2822702,2822702,2825275,2825520,2825022,2823481,2823481,2821729,2820976,2821747,2822874,2822874,2824034,2825489,2826864,2829236,2829236,2832473,2833914,2834687,2836094,2836094,2836819,2836794,2836570,2836874,2836874,2837291,2837863,2838287,2838558,2838558,2838199,2837613,2837182,H
2824739,2823640,2822306,2821123,2820041,2820041,2819271,2818337,2817676,2816961,2816961,2816856,2816795,2818008,2821173,2821173,2824599,2828256,2831207,2834337,2834337,2837819,2840538,2842905,2845407,2845407,2848356,2850074,2851179,2851231,2851231,2851151,2851392,2851362,2851100,2851100,2850993,2850715,2850370,2848927,2848927,2847042,2844969,H
2801624,2802123,2802123,2802479,2803171,2803435,2803121,2803121,2804068,2807250,2811693,2817205,2817205,2823264,2827854,2830613,2832016,2832016,2833803,2836009,2838807,2841866,2841866,2845570,2847451,2847572,2846682,2846682,2845664,2844475,2843294,2842212,2842212,2841254,2840279,2839351,2838506,2838506,2837836,2837090,2836651,2836193,2836193,H
2833353,2832051,2830831,2829928,2829377,2829377,2828781,2827992,2827366,2826867,2826867,2826645,2825812,2825561,2826491,2826491,2826902,2827764,2828311,2829492,2829492,2831113,2832511,2833895,2835386,2835386,2835775,2836062,2837151,2838201,2838201,2838720,2838692,2837652,2836429,2836429,2835251,2834370,2833514,2833514,2832458,2831704,2831136,H
2097115,2097045,2097228,2097228,2097109,2097178,2097164,2097162,2097162,2097089,2097185,2097166,2097096,2097096,2097159,2097170,2097132,2097201,2097201,2097157,2097140,2097148,2097106,2097106,2097128,2097133,2097126,2097081,2097081,2097187,2097220,2097183,2097148,2097148,2097081,2097152,2097172,2097026,2097026,2097110,2097162,2097160,2097163,H
2097148,2097148,2097144,2097141,2097108,2097138,2097138,2097170,2097155,2097168,2097227,2097227,2097099,2097122,2097161,2097149,2097149,2097157,2097150,2097212,2097212,2097156,2097305,2097178,2097115,2097235,2097235,2097240,2097207,2097146,2097100,2097100,2097223,2097149,2097117,2097117,2097139,2097221,2097093,2097198,2097107,2097107,2097150,H
2097148,2097148,2097148,2097148,2097033,2097033,2097101,2097178,2097143,2097195,2097195,2097248,2097077,2097221,2097186,2097186,2097145,2097128,2097115,2097179,2097179,2097151,2097189,2097173,2097152,2097152,2097152,2097252,2097107,2097221,2097221,2097139,2097083,2097132,2097153,2097153,2097070,2097189,2097181,2097181,2097181,2097181,2097181,H
2097073,2097156,2097156,2097211,2097117,2097251,2097117,2097117,2096988,2097123,2097102,2097118,2097118,2097101,2097106,2097103,2097162,2097162,2097189,2097128,2097300,2097245,2097245,2097208,2097137,2097222,2097129,2097129,2097091,2097063,2097166,2097134,2097134,2097065,2097129,2097107,2097141,2097141,2097099,2097066,2097096,2097154,2097154,H
2097236,2097219,2097176,2097176,2097193,2097247,2097142,2097015,2097015,2097164,2097111,2097102,2097194,2097194,2097126,2097132,2097175,2097128,2097128,2097214,2097171,2097151,2097171,2097171,2097227,2097187,2097173,2097247,2097247,2097143,2097104,2097186,2097218,2097218,2097120,2097203,2097121,2097144,2097144,2097007,2097011,2097122,2097203,H
2097150,2097085,2097253,2097253,2097129,2097148,2097123,2097104,2097104,2097092,2097161,2097186,2097106,2097106,2097151,2097191,2097151,2097113,2097113,2097112,2097081,2097023,2097089,2097089,2097183,2097108,2097214,2097125,2097125,2097065,2097240,2097189,2097094,2097094,2097219,2097217,2097218,2097243,2097243,2097193,2097140,2097195,2097107,H
2097081,2097145,2097051,2097032,2097032,2097092,2097086,2097106,2097086,2097086,2097088,2097257,2097191,2097180,2097180,2097005,2097131,2097170,2097154,2097154,2097159,2097181,2097131,2097178,2097178,2097215,2097033,2097075,2097137,2097137,2097078,2097177,2097084,2097166,2097166,2097152,2097141,2097080,2097070,2097070,2097185,2097135,2097131,H
2097158,2097158,2097158,2097159,2097158,2097119,2097119,2097159,2097142,2097197,2097154,2097154,2097053,2097139,2097117,2097128,2097128,2097123,2097137,2097132,2097152,2097152,2097126,2097096,2097223,2097184,2097184,2097130,2097079,2097074,2097134,2097134,2097033,2097198,2097160,2097149,2097149,2097087,2097085,2097221,2097064,2097064,2097201,H
2784087,2783771,2783771,2783438,2783097,2782991,2783653,2783653,2786100,2789983,2793973,2798132,2798132,2801451,2804853,2805041,2804906,2804906,2805120,2805824,2806299,2806056,2806056,2805054,2804234,2803549,2803256,2803256,2803094,2802924,2802815,2802868,2802868,2803073,2803299,2803647,2803990,2803990,2804407,2805042,2805499,2805186,2805186,H
2789115,2789115,2788662,2788273,2787848,2787589,2787589,2787201,2785425,2783723,2784169,2784169,2783485,2783485,2785713,2788385,2788385,2790970,2793967,2797023,2799754,2799754,2803999,2805682,2809576,2811590,2811590,2812215,2812634,2812506,2812609,2812609,2812806,2813469,2813998,2814454,2814454,2814067,2813568,2812708,2812042,2812042,2811509,H
2811168,2812018,2812940,2812940,2813835,2815065,2817552,2821191,2821191,2826290,2831632,2837613,2843004,2843004,2848234,2852689,2854856,2854090,2854090,2852652,2852280,2852338,2852629,2852629,2852369,2852167,2851988,2851862,2851862,2851595,2850843,2849441,2847840,2847840,2846268,2844774,2843570,2842279,2842279,2841173,2840036,2838965,2838252,H
2822543,2821790,2820910,2819369,2819369,2817060,2815222,2815696,2816681,2816681,2817466,2818396,2819606,2819423,2819423,2819254,2819050,2818890,2819018,2819018,2819466,2818370,2817678,2817536,2817536,2817737,2818022,2818365,2818774,2818774,2819472,2820075,2819922,2818925,2818925,2817590,2816058,2814789,2813619,2813619,2812578,2811522,2810692,H
2688604,2688456,2688302,2688280,2688280,2688254,2688332,2688658,2688783,2688783,2688858,2689213,2689447,2688957,2688957,2687771,2685400,2683958,2683173,2683173,2681868,2680949,2679489,2678040,2678040,2677298,2676207,2676028,2675308,2675308,2676153,2678872,2680060,2680525,2680525,2681167,2681501,2682249,2682970,2682970,2684003,2684895,2685589,H
2644166,2644166,2644166,2643832,2643740,2643473,2643420,2643420,2643521,2643440,2643829,2644362,2644362,2644949,2645662,2646804,2647239,2647239,2646291,2644466,2642730,2640744,2640744,2638628,2638305,2638326,2637340,2637340,2638479,2639368,2640639,2641770,2641770,2642970,2643452,2643875,2643981,2643981,2643861,2643955,2643955,2643955,2643955,H
2805008,2805008,2805008,2805008,2805134,2805536,2805886,2805886,2806342,2806957,2807525,2808066,2808066,2808535,2808316,2807652,2806987,2806987,2806411,2805999,2806070,2806235,2806235,2806442,2806594,2806873,2807044,2807044,2807508,2807880,2808492,2809021,2809021,2809678,2810350,2810573,2810173,2810173,2809319,2809319,2809319,2809319,2809319,M
2814420,2814420,2814188,2813960,2813722,2813704,2813704,2813630,2813831,2814025,2814386,2814386,2814511,2814915,2815381,2816205,2816205,2816262,2816231,2816246,2817024,2817024,2817719,2818826,2820106,2821784,2821784,2823447,2825082,2826185,2827146,2827146,2827854,2828773,2829593,2830217,2830217,2830642,2830496,2829812,2829262,2829262,2828476,M
2842861,2841476,2840053,2838791,2838791,2837723,2836857,2836009,2835134,2835134,2834317,2833887,2833454,2833454,2833271,2833064,2832922,2832757,2832507,2832507,2832471,2832121,2830995,2828818,2828818,2826604,2824735,2823424,2822288,2822288,2821571,2821024,2820510,2820437,2820437,2820795,2821426,2822692,2822692,2822692,2823167,2823827,2824616,M
2853938,2854112,2854112,2854117,2854378,2854491,2853697,2853697,2852298,2850909,2849377,2848455,2848455,2847339,2846313,2845800,2845179,2845179,2845438,2845624,2846234,2846892,2846892,2847976,2849234,2850448,2850999,2850999,2850754,2850244,2849557,2849246,2849246,2849065,2848700,2848243,2848000,2848000,2847765,2847765,2847615,2847748,2847748,M
2797234,2797197,2797089,2797263,2797263,2797595,2797969,2798512,2799068,2799068,2799847,2800367,2800116,2799121,2799121,2798078,2795886,2794134,2793188,2793188,2793068,2793493,2794625,2795793,2795793,2797517,2799252,2800870,2802160,2802160,2803669,2804849,2805208,2805177,2805177,2804876,2804631,2804651,2804661,2804661,2804856,2804884,2805077,M
2856729,2856729,2856862,2857000,2857000,2857311,2857496,2857161,2856492,2856492,2855903,2855461,2855306,2855206,2855206,2855123,2854696,2854497,2853830,2853830,2854173,2854281,2855072,2855581,2855581,2856234,2856946,2857585,2857165,2857165,2856796,2857465,2858200,2858643,2858643,2859103,2859480,2859772,2860099,2860099,2860528,2860828,2860828,M
2788237,2788518,2788518,2788945,2789685,2790313,2791136,2791136,2792078,2793300,2794662,2796143,2796143,2797170,2797348,2797157,2797162,2797162,2797451,2797958,2798329,2798583,2798583,2799022,2799770,2800675,2801661,2801661,2802569,2803675,2804590,2805709,2805709,2806186,2805692,2804878,2804292,2804292,2803569,2803288,2803201,2802789,2802789,M
2838522,2838522,2838267,2838203,2837952,2837697,2837697,2837881,2838052,2837974,2837912,2837912,2838038,2838402,2838814,2839162,2839162,2839649,2840098,2840536,2840743,2840743,2840772,2840306,2839615,2839131,2839131,2838799,2838737,2839674,2840685,2840685,2841461,2841940,2842639,2843277,2843277,2844005,2844565,2845418,2846260,2846260,2846717,M
2851031,2851031,2850662,2850422,2850078,2850152,2850152,2850013,2850345,2850359,2850619,2850619,2850462,2850408,2850332,2849623,2849623,2849082,2848115,2847966,2847582,2847582,2847881,2848336,2848726,2848726,2848944,2849390,2850270,2850983,2850983,2852013,2853054,2853896,2854420,2854420,2854864,2854448,2854037,2853843,2853843,2853715,2853715,M
2818559,2817776,2817776,2817241,2816857,2816531,2816291,2816291,2815734,2814653,2814100,2812025,2812025,2809556,2806677,2804788,2803099,2803099,2802296,2801400,2800602,2800574,2800574,2800424,2801221,2802576,2802576,2803495,2804819,2806360,2808848,2808848,2810560,2811083,2810772,2810253,2810253,2809471,2809055,2808423,2807596,2807596,2806934,M
2815669,2815669,2815657,2815670,2815695,2815705,2815705,2815652,2815710,2816002,2816397,2816397,2816135,2816152,2816153,2816983,2816983,2818660,2820510,2822279,2824021,2824021,2825831,2827177,2828028,2828617,2828617,2829322,2829841,2830333,2831081,2831081,2831179,2830596,2829658,2828592,2828592,2827684,2826836,2826199,2825556,2825556,2825034,M
2760351,2760986,2761685,2762148,2761280,2761280,2759888,2758500,2757543,2757100,2757100,2756876,2756220,2756080,2756053,2756053,2756283,2756875,2757485,2758372,2758372,2759364,2760420,2760838,2761043,2761043,2760358,2759497,2758614,2758112,2758112,2757864,2757584,2757446,2757817,2757817,2757992,2758441,2758931,2759573,2759573,2760217,2761054,M
2804176,2804396,2804524,2804524,2804775,2804830,2804005,2802315,2802315,2800833,2799458,2798395,2797808,2797808,2797697,2798086,2798626,2799544,2799544,2800598,2801783,2803104,2804616,2804616,2806252,2807878,2809498,2809851,2809851,2809652,2809414,2809320,2809462,2809462,2809384,2809392,2809457,2809713,2809713,2809932,2810293,2811063,2811600,M
2879112,2879241,2879384,2879792,2879792,2880217,2880764,2881324,2881983,2881983,2882480,2881458,2879722,2877876,2877876,2876362,2875390,2874928,2874247,2874247,2873427,2872880,2872718,2872718,2872619,2872273,2871830,2872496,2873605,2873605,2875077,2875362,2874260,2872950,2872950,2871915,2870973,2870608,2870608,2870075,2869707,2869378,2869163,M
2771510,2771510,2771510,2771510,2771510,2771293,2771293,2771287,2771740,2771837,2771837,2772208,2772880,2773721,2773952,2773952,2773331,2771689,2771619,2771102,2771102,2771613,2772013,2772533,2773043,2773043,2773752,2774602,2775781,2776824,2776824,2778173,2779566,2780623,2780469,2780469,2780024,2779728,2779580,2779580,2779580,2779580,2779580,M
2759679,2759679,2759935,2760064,2760306,2760857,2760857,2761196,2760980,2759324,2757638,2757638,2756232,2754968,2754194,2753268,2753268,2752510,2752043,2751812,2752154,2752154,2752553,2753619,2754606,2755837,2755837,2757703,2758894,2761663,2764075,2764075,2766843,2769437,2771324,2772144,2772144,2773150,2773811,2774300,2774727,2774727,2774814,M
2809338,2809338,2810006,2810921,2811751,2811751,2812786,2813615,2814058,2813425,2813425,2812093,2810957,2810023,2809757,2809757,2809777,2810181,2810320,2810884,2810884,2811269,2811872,2812659,2813382,2813382,2814382,2815559,2816992,2818691,2818691,2819784,2820058,2820233,2820715,2820715,2821225,2821944,2822469,2823061,2823061,2823892,2823892,M
2828420,2827873,2827295,2826900,2826656,2826656,2826321,2825908,2825657,2825657,2825504,2825542,2825615,2826019,2826019,2826321,2826864,2826936,2826702,2826702,2825564,2824973,2824500,2824908,2824908,2825233,2825291,2825453,2825723,2825723,2826362,2827436,2828261,2829235,2829235,2830227,2831032,2832013,2832710,2832710,2832670,2832033,2831552,M
2852045,2851095,2850020,2848977,2848073,2847551,2846945,2846464,2846046,2845520,2845263,2845271,2845201,2845356,2845546,2845734,2846146,2846043,2845253,2844079,2842970,2842474,2842032,2842205,2842049,2842120,2842316,2842467,2843523,2845463,2847282,2848798,2849850,2850837,2851857,2852415,2852426,2852107,2851796,2851801,2852066,2852165,2852253,M
2797007,2795179,2793978,2793205,2793205,2792634,2792132,2791722,2791362,2791362,2789770,2787094,2784404,2782041,2782041,2779698,2777598,2775794,2775794,2773969,2772767,2771881,2770979,2770979,2770605,2770301,2770723,2770845,2770845,2771300,2771030,2770413,2769331,2769331,2767941,2766635,2765512,2764670,2764670,2763776,2763068,2762735,2762679,M
2815270,2814790,2813620,2811580,2809658,2809658,2807920,2806460,2804771,2802771,2802771,2800596,2798389,2796343,2795313,2795313,2794506,2794068,2793798,2794070,2794070,2793595,2793357,2793184,2793855,2793855,2794083,2793584,2793431,2793664,2793664,2794136,2794941,2795676,2796925,2796925,2798089,2799374,2800506,2800506,2801630,2802540,2802484,M
2786854,2785056,2783584,2783584,2782479,2781648,2780538,2779809,2779809,2778988,2778727,2778211,2778561,2778561,2778893,2779036,2779441,2780042,2780042,2780440,2780066,2779368,2778710,2778710,2778215,2778248,2778961,2779845,2779845,2781413,2782333,2782983,2783335,2783335,2783550,2783618,2783691,2783771,2783771,2784154,2783499,2781676,2779706,M
2801604,2801808,2801808,2802027,2802378,2803172,2803821,2803821,2804490,2805395,2806100,2807038,2808060,2808060,2808937,2809434,2809045,2809045,2808310,2807798,2807635,2807799,2807799,2808054,2808364,2808822,2809129,2809129,2809729,2810119,2810323,2811059,2811059,2811477,2812288,2813063,2813900,2813900,2814586,2814699,2814043,2813572,2813572,M
2797357,2798194,2798918,2799887,2799887,2800877,2801971,2803088,2804298,2804298,2805271,2806393,2807254,2807222,2807222,2806922,2806751,2807019,2807339,2807339,2808086,2808911,2809922,2810735,2810735,2811852,2812705,2813414,2814138,2814138,2815169,2816942,2818622,2820351,2820351,2821371,2821638,2821705,2821766,2821766,2821814,2821926,2822144,M
2825670,2824050,2822504,2821272,2819967,2819967,2818420,2817169,2815937,2815037,2814661,2814661,2813875,2814889,2816956,2818699,2818699,2819803,2820361,2820879,2820879,2821409,2822123,2822984,2823228,2823228,2823462,2823801,2823982,2824444,2824444,2824883,2825409,2825923,2826303,2826303,2825790,2825175,2824760,2824298,2824298,2824008,2824040,M
2776473,2775233,2774395,2774395,2773813,2773517,2773235,2772959,2772959,2772621,2770954,2768035,2764960,2764960,2762249,2759722,2758725,2757474,2757474,2756973,2756503,2756216,2756611,2756611,2757116,2757432,2758311,2759289,2759289,2759857,2759848,2758814,2757452,2757452,2756213,2755502,2754757,2754187,2754187,2753591,2753389,2753249,2753423,M
2813703,2813940,2814138,2814138,2814015,2813030,2811872,2811099,2811099,2810140,2809122,2807884,2806683,2806683,2805587,2804778,2804323,2804267,2804267,2804854,2804796,2805497,2805252,2805252,2804491,2803444,2802558,2802323,2802323,2802109,2801854,2802668,2803286,2803286,2804492,2806023,2807553,2808531,2808531,2809539,2810646,2811637,2812420,M
2790168,2790168,2789257,2788569,2788314,2788232,2788232,2788299,2788385,2788490,2788769,2788769,2788585,2787359,2785797,2784745,2784745,2783919,2783404,2783139,2783015,2783015,2782904,2783189,2783600,2784168,2784168,2785158,2785889,2786609,2787284,2787284,2787939,2788613,2788499,2787687,2787687,2786739,2786342,2785996,2785815,2785815,2785664,M
2097038,2097153,2097153,2097120,2097181,2097210,2097118,2097118,2097159,2097114,2097175,2097113,2097113,2097051,2097073,2097096,2097062,2097062,2097115,2097113,2097137,2097081,2097081,2097222,2097217,2097187,2097128,2097128,2097226,2097149,2097203,2097099,2097099,2097190,2097068,2097109,2097140,2097140,2097068,2097143,2097122,2097164,2097164,M
2097156,2097156,2097026,2097130,2097128,2097115,2097115,2097200,2097126,2097067,2097171,2097171,2097202,2097206,2097187,2097170,2097170,2097098,2097198,2097076,2097172,2097172,2097032,2097176,2097072,2097215,2097215,2097139,2097204,2097165,2097196,2097196,2097157,2097115,2097162,2097109,2097109,2097158,2097179,2097147,2097164,2097164,2097168,M
2097134,2097144,2097156,2097221,2097221,2097102,2097189,2097184,2097096,2097096,2097105,2097202,2097180,2097100,2097100,2097136,2097189,2097139,2097089,2097089,2097132,2097108,2097131,2097082,2097082,2097195,2097136,2097111,2097202,2097202,2097236,2097069,2097213,2097241,2097241,2097098,2097043,2097080,2097134,2097134,2097219,2097106,2097132,M
2097104,2097236,2097236,2097211,2097210,2097015,2097225,2097225,2097112,2097166,2097177,2097139,2097139,2097105,2097089,2097098,2097138,2097138,2097204,2097156,2097054,2097140,2097140,2097110,2097118,2097148,2097121,2097121,2097155,2097133,2097164,2097113,2097113,2097199,2097169,2097118,2097143,2097143,2097221,2097176,2097097,2097140,2097140,M
2097153,2097153,2097110,2097164,2097163,2097214,2097214,2097137,2097133,2097152,2097157,2097157,2097148,2097174,2097187,2097097,2097097,2097197,2097210,2097138,2097142,2097142,2097206,2097217,2097209,2097146,2097146,2097217,2097050,2097240,2097122,2097122,2097166,2097219,2097185,2097062,2097062,2097128,2097148,2097125,2097100,2097100,2097085,M
2097133,2097170,2097170,2097167,2097164,2097151,2097154,2097154,2097093,2097176,2097185,2097056,2097056,2097167,2097226,2097240,2097106,2097106,2097212,2097105,2097112,2097176,2097176,2097202,2097087,2097093,2097078,2097078,2097113,2097192,2097158,2097151,2097151,2097153,2097124,2097155,2097092,2097092,2097043,2097108,2097115,2097148,2097148,M
2815722,2815722,2815685,2815567,2815630,2815902,2815902,2816184,2816296,2816741,2816101,2816101,2814891,2813184,2811160,2809205,2809205,2808002,2807380,2807306,2807821,2807821,2808805,2809846,2810558,2811552,2811552,2812874,2814444,2816082,2817382,2817382,2818152,2818253,2818229,2818103,2818103,2818139,2818225,2818361,2818361,2818356,2818590,M
2789907,2789147,2788687,2788429,2788429,2788356,2788294,2788360,2788618,2788618,2788863,2789555,2790330,2791829,2791829,2792677,2793060,2793155,2793310,2793310,2793537,2794174,2794388,2794147,2794147,2793355,2792208,2791600,2791922,2791922,2792467,2793076,2793287,2793704,2793704,2793987,2794660,2795003,2794734,2794734,2793781,2792620,2791812,M
2708197,2708197,2707889,2707889,2707488,2707307,2707067,2706906,2706906,2707012,2706911,2706973,2706931,2706931,2706957,2707200,2707427,2707284,2707284,2706519,2705609,2704895,2703980,2703980,2703330,2702813,2702138,2701631,2701631,2701209,2701019,2700857,2700974,2700974,2700990,2701113,2701239,2701293,2701293,2700892,2699937,2699401,2699401,M
2696486,2696486,2696863,2697240,2697553,2697553,2698036,2698598,2698991,2698991,2699593,2700106,2700735,2701316,2702035,2702035,2702635,2703089,2703438,2703438,2703700,2704087,2704495,2704892,2704892,2705367,2705663,2706070,2706660,2706660,2706935,2707375,2708093,2708986,2708986,2709987,2710703,2711206,2711245,2711245,2711383,2711528,2711528,M
2097134,2097144,2097156,2097221,2097221,2097102,2097189,2097184,2097096,2097096,2097105,2097202,2097180,2097100,2097100,2097136,2097189,2097139,2097089,2097089,2097132,2097108,2097131,2097082,2097082,2097195,2097136,2097111,2097202,2097202,2097236,2097069,2097213,2097241,2097241,2097098,2097043,2097080,2097134,2097134,2097219,2097106,2097132,M
2833132,2833132,2833132,2833132,2833132,2833652,2833800,2833800,2833435,2832477,2831408,2830355,2830355,2829539,2828934,2828542,2828130,2828130,2827949,2828091,2828479,2829248,2829248,2830225,2830684,2830738,2830809,2830809,2830456,2829517,2828547,2827785,2827785,2827019,2826984,2826751,2826391,2826391,2826391,2826391,2826391,2826391,2826391,S
2854537,2854537,2854537,2854675,2854675,2854869,2855215,2855369,2855890,2855890,2856279,2856815,2857296,2857712,2857712,2858057,2858116,2857736,2857417,2857417,2857271,2857336,2857232,2857017,2857045,2857045,2857000,2857241,2857496,2857496,2857672,2858024,2858263,2858579,2858579,2859061,2859569,2859572,2859373,2859373,2858972,2858972,2858972,S
2790525,2790525,2790525,2790525,2790525,2790525,2790525,2790565,2790717,2791290,2791981,2791446,2790646,2789939,2789390,2789322,2789062,2788922,2789476,2790469,2792047,2794375,2796677,2798554,2800448,2802052,2803317,2804169,2804552,2804799,2804994,2805348,2805769,2806214,2806783,2806959,2807464,2807464,2807464,2807464,2807464,2807464,2807464,S
2834727,2834727,2834727,2834727,2834727,2834727,2835069,2835682,2836113,2836604,2837117,2837473,2838119,2838583,2838410,2837907,2837544,2837213,2837216,2837106,2837312,2837310,2837624,2838051,2838431,2838920,2839364,2840032,2840582,2841054,2841568,2841359,2840953,2840676,2840248,2839975,2839922,2839602,2839602,2839602,2839602,2839602,2839602,S
2784700,2784700,2784700,2785230,2785794,2786503,2786503,2787058,2786702,2785824,2785255,2785255,2785036,2784934,2785075,2785198,2785198,2785414,2785457,2785268,2785520,2785520,2785648,2785982,2786642,2787116,2787116,2787831,2788099,2787471,2787017,2787017,2787384,2788020,2788611,2788909,2788909,2789241,2789618,2790003,2790729,2790729,2790729,S
2782395,2782395,2782395,2782395,2782395,2781419,2780616,2780616,2780015,2779662,2779495,2779540,2779540,2779566,2779649,2779844,2779957,2779957,2779830,2778723,2776777,2775165,2775165,2773658,2772728,2772454,2772588,2772588,2772802,2773204,2773917,2774234,2774234,2775009,2775868,2776677,2777520,2777520,2778598,2778598,2778598,2778598,2778598,S
2833924,2833924,2833924,2833924,2832619,2832619,2831724,2830956,2830176,2829623,2829623,2829115,2828884,2828383,2827684,2827684,2827201,2827440,2828135,2828334,2828334,2827772,2826989,2826320,2825855,2825855,2825361,2824838,2824407,2824275,2824275,2824254,2824162,2824379,2824484,2824484,2824565,2824918,2824797,2824797,2824797,2824797,2824797,S
2854717,2854717,2854717,2854717,2854717,2854580,2854321,2854321,2854245,2854334,2854193,2854225,2854225,2854391,2854045,2853906,2853905,2853905,2853847,2854001,2854143,2855010,2855010,2855880,2856381,2856382,2856294,2856294,2856150,2856219,2856267,2856371,2856371,2856566,2856630,2856730,2857102,2857102,2857102,2857102,2857102,2857102,2857102,S
2787755,2787755,2787755,2786456,2784862,2783320,2782200,2782200,2781196,2780436,2779104,2776574,2776574,2776814,2776785,2777371,2778501,2778501,2779751,2781266,2782302,2783425,2783425,2784630,2785439,2786299,2786674,2786674,2786944,2786855,2787607,2789346,2789346,2790831,2791753,2792032,2792452,2792452,2792935,2793277,2793457,2792999,2792999,S
2759202,2759202,2759202,2759202,2759237,2759281,2759281,2759790,2760230,2760834,2761528,2761528,2762137,2762771,2763656,2763976,2763976,2763687,2763129,2762811,2762533,2762533,2762564,2762616,2762611,2762733,2762733,2763073,2763278,2764019,2764474,2764474,2765215,2765976,2766713,2767202,2767202,2766847,2765989,2765989,2765989,2765989,2765989,S
2764954,2765256,2765638,2766077,2766478,2766478,2767063,2767817,2768618,2769419,2769419,2770158,2770152,2769431,2768339,2768339,2767682,2766988,2766791,2767195,2767195,2767381,2767884,2768215,2769150,2769150,2770052,2770969,2772270,2773463,2773463,2774401,2775629,2776264,2776305,2776305,2776037,2776096,2776187,2776551,2776551,2776920,2777148,S
2745880,2745880,2745880,2745880,2745880,2745880,2745880,2746153,2746153,2746488,2746829,2747277,2747406,2747406,2746140,2744706,2743384,2743384,2742335,2741739,2741449,2740992,2740992,2740559,2740391,2740685,2741098,2741098,2741461,2742039,2742619,2743480,2743480,2744038,2744243,2743325,2743325,2743325,2743325,2743325,2743325,2743325,2743325,S
2794780,2795761,2796732,2797500,2797671,2797671,2797084,2796303,2795600,2795740,2795740,2796996,2798364,2799846,2801381,2801381,2802669,2803628,2804352,2805133,2805133,2805669,2806253,2806885,2807556,2807556,2807913,2807441,2806787,2806064,2806064,2805604,2805380,2805217,2805128,2805128,2804902,2804836,2804881,2805142,2805142,2805565,2806095,S
2839787,2839787,2839605,2839267,2839267,2838955,2838744,2838789,2839124,2839124,2839263,2839624,2840121,2840734,2840734,2841168,2840803,2839630,2838372,2838372,2837290,2836625,2836337,2835984,2835984,2835375,2835194,2834972,2835080,2835080,2835090,2835229,2835344,2835488,2835488,2835868,2836002,2835733,2835733,2834248,2832377,2830874,2830874,S
2836228,2836228,2836228,2836583,2836999,2837466,2837950,2837950,2838685,2839177,2838984,2837698,2837698,2836337,2835128,2833942,2832492,2832492,2831306,2830683,2830035,2829687,2829687,2830684,2831336,2832411,2833812,2833812,2835039,2836326,2837013,2836598,2836598,2836030,2835557,2835212,2835058,2835058,2834994,2835095,2835095,2835095,2835095,S
2729031,2729031,2729031,2729031,2729031,2729031,2729200,2729539,2730379,2730379,2731245,2732241,2733153,2734146,2734146,2734694,2734282,2733738,2733554,2733554,2734137,2736178,2739168,2742224,2742224,2744454,2747123,2749569,2751958,2751958,2753564,2754733,2755821,2756856,2756856,2757949,2758881,2758678,2758678,2758678,2758678,2758678,2758678,S
2819245,2819245,2819245,2819245,2819245,2819245,2819245,2818212,2817472,2816945,2816525,2816525,2816071,2815848,2815774,2815808,2815808,2815513,2815517,2815268,2815341,2815341,2815645,2815651,2815433,2814924,2814924,2813699,2813776,2814037,2814744,2814744,2815449,2815966,2816677,2817350,2817350,2817350,2817350,2817350,2817350,2817350,2817350,S
2824172,2824172,2824609,2825607,2826034,2826034,2825414,2824390,2823267,2822373,2822373,2821657,2821129,2820525,2820756,2820756,2821194,2822102,2823097,2824961,2824961,2826506,2827907,2829190,2829190,2830407,2831539,2832199,2831643,2830776,2830776,2829886,2829146,2828643,2828130,2828130,2827718,2827142,2826880,2826883,2826883,2826979,2826979,S
2797661,2797661,2796619,2796619,2795642,2794641,2793780,2793159,2793159,2792636,2792017,2791185,2789865,2789865,2789912,2790444,2790872,2790707,2790707,2790718,2791149,2792400,2793865,2793865,2795742,2798285,2800439,2801687,2801687,2803014,2804211,2805202,2806183,2806183,2807071,2807848,2808735,2808735,2809458,2809652,2808741,2807599,2807599,S
2751902,2751902,2751902,2751902,2750855,2749964,2749456,2749267,2749267,2748994,2748706,2748520,2748031,2748031,2747732,2748104,2747830,2748993,2748993,2750527,2752707,2754309,2754309,2755099,2757232,2759650,2761622,2761622,2762975,2764125,2765465,2766425,2766425,2767341,2767993,2768701,2769230,2769230,2768373,2768373,2768373,2768373,2768373,S
2854843,2854843,2854843,2854843,2854843,2854843,2854843,2855076,2855351,2855202,2855202,2854145,2852499,2850707,2849057,2849057,2847915,2846262,2845255,2843987,2843987,2842973,2843058,2843590,2844297,2844297,2845053,2845613,2846235,2846977,2846977,2847703,2847953,2847039,2845953,2845953,2845953,2845953,2845953,2845953,2845953,2845953,2845953,S
2795959,2795959,2795959,2795743,2795895,2795895,2796257,2796728,2797222,2798003,2798003,2798848,2799587,2800492,2801171,2801171,2800954,2799989,2798622,2797847,2797847,2797397,2797507,2797819,2797973,2797973,2798391,2799167,2800270,2801271,2801271,2802249,2803436,2804435,2805518,2805518,2806550,2807813,2808712,2808934,2808934,2808934,2808934,S
2797058,2797058,2797058,2797058,2797393,2797727,2797727,2798253,2797995,2796892,2795493,2795493,2794600,2793820,2793643,2793413,2793413,2793159,2792811,2794099,2795985,2795985,2796552,2796956,2798097,2799147,2799147,2800435,2801379,2801682,2801308,2801308,2801089,2800847,2800983,2801283,2801283,2801387,2801387,2801387,2801387,2801387,2801387,S
2777060,2776760,2776910,2777096,2777096,2777565,2778248,2778834,2779397,2779397,2780138,2780887,2780802,2780110,2780110,2779342,2778833,2778730,2778541,2778541,2778315,2778328,2778625,2779185,2779185,2779912,2781199,2782299,2783659,2783659,2784770,2785846,2786137,2785997,2785997,2785525,2785431,2785593,2786093,2786093,2786522,2786738,2787114,S
2828204,2828204,2828204,2828318,2828375,2827980,2827980,2826651,2824853,2822983,2821514,2821514,2820322,2818797,2817292,2815832,2815832,2814168,2813421,2812789,2812767,2812767,2812945,2812842,2813223,2813489,2813489,2812557,2810974,2809362,2808019,2808019,2806801,2805720,2804811,2803775,2803775,2802924,2802317,2802026,2802026,2802026,2802026,S
2819637,2819637,2819637,2820611,2821260,2821396,2821396,2821053,2820645,2820476,2820562,2820562,2820526,2820533,2820403,2820409,2820409,2819883,2819580,2819704,2820072,2820072,2820670,2821318,2822094,2821969,2821969,2821750,2822004,2822034,2822156,2822156,2822438,2822702,2822943,2823088,2823088,2823647,2824070,2824654,2824654,2824654,2824654,S
2097061,2097061,2097061,2097116,2097149,2097147,2097171,2097171,2097108,2097151,2097128,2097090,2097090,2097180,2097151,2097002,2097056,2097056,2097111,2097091,2097096,2097139,2097139,2097267,2097105,2097154,2097168,2097168,2097044,2097181,2097131,2097180,2097180,2097080,2097151,2097102,2097185,2097185,2097099,2097126,2097126,2097126,2097126,S
2096990,2096990,2096990,2097098,2097140,2097140,2097161,2097210,2097240,2097085,2097085,2097206,2097202,2097087,2097103,2097103,2097223,2097163,2097140,2097085,2097085,2097148,2097104,2097052,2097125,2097125,2097220,2097141,2097080,2097156,2097156,2097198,2097228,2097169,2097132,2097132,2097154,2097157,2097135,2097217,2097217,2097217,2097217,S
2097229,2097229,2097229,2097229,2097122,2097048,2097048,2097181,2097037,2097068,2097139,2097139,2097057,2097143,2097140,2097121,2097121,2097132,2097187,2097086,2097135,2097135,2097188,2097156,2097140,2097290,2097290,2097205,2097094,2097153,2097166,2097166,2097175,2097177,2097055,2097100,2097100,2097203,2097120,2097120,2097120,2097120,2097120,S
2097111,2097226,2097142,2097134,2097134,2097133,2097149,2097065,2097242,2097242,2097093,2097198,2097139,2097206,2097206,2097022,2097186,2097127,2097201,2097201,2097286,2097213,2097054,2097093,2097093,2097106,2097198,2097054,2097159,2097159,2097139,2097065,2097126,2097156,2097156,2097230,2097177,2097165,2097195,2097195,2097181,2097202,2097155,S
2097143,2097060,2097140,2097176,2097083,2097083,2097173,2097082,2097056,2097156,2097156,2097055,2097115,2097196,2097243,2097243,2097220,2097156,2097197,2097103,2097103,2097051,2097207,2097115,2097075,2097075,2097021,2097092,2097089,2097252,2097252,2097154,2097231,2097239,2097228,2097228,2097031,2097107,2097102,2097048,2097048,2097108,2097143,S
2097205,2097205,2097205,2097159,2097140,2097242,2097241,2097119,2097119,2097160,2097185,2097121,2097165,2097165,2097139,2097213,2097206,2097098,2097098,2097106,2097210,2097117,2097045,2097045,2097235,2097078,2097126,2097126,2097156,2097121,2097178,2097060,2097060,2097200,2097201,2097133,2097127,2097127,2097020,2097238,2097238,2097238,2097238,S
2819972,2819972,2819972,2819489,2819489,2819278,2819278,2819321,2819672,2819672,2820005,2820342,2820743,2821292,2821292,2821376,2819813,2817513,2815981,2815981,2814220,2813310,2812862,2812598,2812598,2813593,2814313,2814861,2815732,2815732,2816184,2816864,2817343,2818049,2818049,2818929,2819621,2819960,2819379,2819379,2819379,2819379,2819379,S
2786355,2786355,2786355,2786786,2787295,2787295,2788003,2788644,2789584,2790414,2790414,2790564,2789252,2787597,2786262,2786262,2785849,2785754,2785921,2786071,2786071,2786474,2786930,2787667,2788578,2788578,2789570,2790609,2791669,2792556,2792556,2793557,2793704,2793016,2792268,2792268,2791523,2790967,2790682,2790657,2790657,2790657,2790657,S
2798894,2798894,2799181,2799582,2799582,2799934,2800100,2799512,2798071,2798071,2796576,2795389,2794157,2792820,2792820,2791519,2790178,2789702,2789504,2789504,2789512,2790043,2790962,2792148,2792148,2793066,2794077,2793869,2792695,2792695,2791053,2789729,2788365,2787333,2787333,2786211,2785160,2784290,2783492,2783492,2783007,2782627,2782306,S
2678522,2678522,2678522,2678522,2678522,2678522,2678522,2678291,2678291,2678151,2678075,2677999,2678087,2678087,2678290,2678328,2678370,2678808,2678808,2679392,2679774,2680242,2680017,2680017,2679212,2678141,2677405,2677128,2677128,2677838,2678240,2678645,2678887,2678887,2678938,2678947,2678947,2678947,2678947,2678947,2678947,2678947,2678947,S
2683677,2683677,2683677,2683677,2683677,2683677,2684008,2684437,2684800,2684800,2685148,2684934,2684712,2684532,2684532,2684448,2684478,2684095,2683843,2683843,2683524,2683434,2683093,2682919,2682919,2683039,2683373,2683371,2683542,2683542,2684194,2684940,2685517,2685570,2685570,2685603,2685469,2685567,2685567,2685567,2685567,2685567,2685567,S
2683054,2683054,2683054,2682811,2682811,2682775,2682674,2682603,2682670,2682670,2682912,2683103,2683164,2683522,2683522,2683666,2683641,2683475,2683417,2683417,2683000,2682634,2682511,2682345,2682345,2682200,2682426,2682738,2683005,2683005,2683319,2683447,2683840,2683890,2683890,2684356,2684738,2685026,2685458,2685458,2685458,2685458,2685458,S
2675011,2675011,2675011,2675011,2675423,2675351,2675351,2674728,2674141,2673598,2673163,2673163,2672680,2672340,2672061,2671824,2671824,2671767,2671578,2671284,2671397,2671397,2671490,2671525,2671475,2671885,2671885,2672395,2672839,2672397,2671811,2671811,2671401,2670813,2670491,2670242,2670242,2669943,2669797,2669797,2669797,2669797,2669797,S
