2017866,2017866,2017866,2017866,2017866,2017281,2016491,2016086,2016025,2016025,2015910,2015995,2015123,2016412,2016412,2013287,2015636,2014522,2014522,2014918,2014827,2012448,2015627,2015627,2014737,2014566,2013359,2011774,2011774,2013119,2016816,2018594,2019394,2019394,2020510,2020698,2021420,2021527,2021527,2021527,2021527,2021527,2021527,H
2026607,2026607,2026607,2026607,2026607,2026607,2025433,2025433,2024923,2024587,2024342,2024096,2024096,2023907,2022995,2022345,2021070,2021070,2020295,2018668,2015990,2019027,2019027,2012568,2015304,2014861,2008337,2008337,2013330,2015060,2016272,2017492,2017492,2018393,2018788,2019825,2020985,2020985,2020985,2020985,2020985,2020985,2020985,H
2052290,2052290,2053587,2054914,2055160,2055746,2055746,2054186,2054367,2052585,2053369,2053369,2053361,2055450,2050595,2048788,2048788,2045020,2045577,2040473,2043373,2043373,2040287,2042606,2041991,2043385,2043385,2041822,2039161,2040129,2040535,2040535,2043465,2044277,2045556,2045461,2045461,2046263,2046396,2047073,2047627,2047627,2047627,H
2011968,2008968,2008968,2006238,2001197,1996921,1993623,1993623,1992111,1990834,1989507,1989203,1989203,1990920,1990873,1992410,1995103,1995103,1992667,1994120,1992935,1989620,1989620,1991734,1991736,1988899,1989530,1989530,1992364,1995037,2000326,2005003,2005003,2007825,2011205,2014071,2015524,2015524,2016963,2017112,2017651,2018630,2018630,H
2002047,1996966,1997195,1991867,1991028,1991028,1985455,1982753,1980337,1979297,1979297,1981901,1982659,1988604,1990326,1990326,1992842,1991039,1991216,1992874,1992874,1992967,1995175,1994538,1993570,1993570,1994408,1995956,1997763,2003831,2003831,2012889,2021803,2025577,2029336,2029336,2030282,2031248,2031942,2030628,2030628,2029654,2029048,H
2029348,2028393,2028197,2028127,2028127,2027224,2026360,2026313,2024713,2024713,2024629,2023216,2021990,2017082,2017082,2016300,2014218,2014410,2012805,2012805,2012126,2013463,2013289,2011759,2011759,2009095,2009037,2006325,2008145,2008145,2005411,2007243,2009947,2012467,2012467,2015627,2016548,2018952,2019949,2019949,2021277,2022926,2023989,H
2043885,2043731,2043301,2042436,2042436,2042075,2041738,2041216,2041114,2041114,2037954,2037113,2032706,2035532,2035532,2036630,2038085,2039110,2037228,2037228,2035814,2035915,2033286,2033286,2032775,2034346,2029289,2032184,2032184,2032847,2035840,2039542,2041363,2041363,2044672,2044782,2043471,2041799,2041799,2040504,2039404,2038102,2037384,H
2017269,2017269,2017032,2016903,2014836,2014190,2014190,2010806,2013440,2010442,2009014,2009014,2008886,2008258,2009218,2006409,2006409,2007599,2007202,2010050,2006430,2006430,2008884,2010495,2010137,2006155,2006155,2010512,2009158,2013366,2017823,2017823,2021487,2023091,2023750,2024490,2024490,2024757,2025140,2026306,2026728,2026728,2027169,H
2040860,2041750,2041750,2043404,2044586,2044196,2041868,2041868,2042746,2042711,2044456,2041563,2041563,2034080,2034448,2030054,2026745,2026745,2025900,2023738,2024049,2029404,2029404,2024648,2024822,2020251,2021364,2021364,2021572,2025482,2023280,2024587,2024587,2028106,2029794,2030915,2031772,2031772,2032742,2031759,2031657,2029867,2029867,H
2037093,2035132,2033167,2033167,2029336,2025810,2024260,2026178,2026178,2031080,2033746,2033223,2030930,2030930,2030037,2028075,2028018,2023820,2023820,2021636,2018298,2015240,2017505,2017505,2017903,2016621,2019485,2018764,2018764,2021210,2020005,2023348,2028993,2028993,2034649,2037792,2041204,2045767,2045767,2048436,2051173,2051638,2051288,H
2020939,2019120,2019120,2017190,2014046,2012058,2010034,2010034,2008492,2010258,2009407,2011217,2011217,2006409,2009716,2008685,2011962,2011962,2014235,2013943,2017412,2014762,2014762,2018218,2015364,2014201,2015042,2015042,2010595,2011691,2013920,2014239,2014239,2015317,2016274,2017422,2017997,2017997,2018342,2018614,2018801,2018769,2018769,H
2008466,2008466,2008448,2008342,2008516,2008592,2008592,2008681,2008367,2008531,2008436,2008436,2007484,2005427,2008729,2007036,2007036,2001391,2003587,2000393,2002815,2002815,2002503,2005743,2007998,2011428,2011428,2014077,2016283,2018202,2018894,2018894,2018945,2018393,2017449,2017003,2017003,2016913,2016394,2015979,2015653,2015653,2015653,H
2011243,2012056,2012647,2013393,2013282,2013282,2012829,2012841,2014411,2014411,2014466,2016477,2015165,2013391,2013391,2013596,2012634,2013568,2014051,2014051,2014278,2015079,2015500,2017363,2017363,2017355,2016237,2014718,2013646,2013019,2013019,2011553,2011936,2013490,2013490,2015072,2016590,2019573,2020696,2021988,2021988,2021621,2020680,H
2227386,2227065,2227199,2227130,2228493,2228493,2230011,2232457,2233470,2232958,2232958,2232690,2231870,2230604,2229777,2229777,2229867,2229576,2230530,2231701,2231701,2232467,2232311,2234642,2237362,2237362,2238983,2241816,2241816,2243805,2243805,2244355,2243426,2243351,2242700,2242700,2242526,2242388,2241796,2241459,2241459,2241621,2241775,H
2229377,2229377,2229316,2228533,2228533,2227865,2226962,2225984,2225168,2225168,2224616,2223503,2222137,2221138,2221138,2218595,2217184,2216236,2215433,2215433,2217996,2217813,2218559,2217742,2217742,2217909,2217378,2218370,2218814,2218814,2219107,2219804,2220622,2221627,2221627,2221995,2222572,2222668,2222831,2222831,2222077,2222077,2222077,H
2227941,2227941,2227941,2227941,2227175,2226369,2224889,2220236,2220236,2219244,2215275,2213976,2213565,2213565,2211015,2214629,2214776,2217091,2217091,2218237,2219883,2222220,2219712,2219712,2222357,2221434,2222887,2224519,2224519,2226435,2229395,2230947,2233387,2233387,2233798,2234412,2235075,2235124,2235124,2235965,2235965,2235965,2235965,H
2165362,2165362,2165448,2165605,2165755,2165706,2165706,2163914,2163184,2159678,2154425,2154425,2149028,2145567,2144359,2146657,2146657,2148130,2150987,2150974,2152439,2152439,2152484,2153908,2151836,2152131,2152131,2152591,2153309,2155184,2159607,2159607,2159953,2162562,2164201,2165892,2165892,2166972,2167853,2167836,2168447,2168447,2168251,H
2183888,2183767,2183767,2183338,2182645,2182360,2182072,2182072,2181632,2180929,2179944,2179166,2179166,2178477,2177325,2178089,2176589,2176589,2176118,2171940,2171909,2169304,2169304,2166448,2166536,2163484,2166707,2166707,2167138,2165072,2165473,2165794,2165794,2169514,2172674,2174069,2175959,2175959,2178130,2179515,2180493,2181145,2181145,H
2185322,2185378,2185351,2185619,2185619,2186603,2187629,2189011,2190362,2191006,2191006,2191517,2192040,2190144,2190144,2188742,2185158,2182963,2182614,2178666,2178666,2180416,2179475,2178077,2178077,2178563,2178705,2176504,2178150,2178150,2175543,2174665,2173952,2175340,2175340,2174518,2174530,2174156,2174874,2174874,2174760,2175140,2175531,H
2197701,2197701,2198205,2197185,2196042,2192324,2192324,2189104,2187717,2186498,2186926,2186926,2182660,2182109,2180486,2180605,2180605,2182964,2182072,2183426,2183643,2183643,2181605,2182050,2180967,2176795,2176795,2177210,2174830,2179054,2179615,2179615,2182274,2180841,2180400,2180814,2180814,2179850,2178824,2177908,2177044,2177044,2175648,H
2141515,2143635,2143635,2144615,2144759,2145145,2144144,2144144,2143538,2141999,2140564,2140036,2140036,2139249,2139579,2138793,2139703,2139703,2138491,2138223,2139784,2141468,2141468,2141856,2144418,2144418,2142461,2142461,2145504,2150709,2150709,2149721,2151566,2151566,2155781,2157192,2157498,2157498,2161495,2164282,2166238,2167244,2167244,H
2169511,2170023,2170023,2169675,2170186,2170018,2169862,2169862,2169560,2169428,2169360,2168998,2168998,2169079,2169013,2168797,2167205,2167205,2161262,2165767,2163671,2164564,2164564,2165653,2165668,2165685,2162120,2162120,2160224,2161661,2161734,2163346,2163346,2165289,2165365,2165365,2165524,2165524,2167154,2167650,2167650,2167926,2167926,H
2165642,2165642,2165502,2165502,2165160,2165814,2166916,2167674,2167674,2166812,2165148,2165929,2162825,2162825,2165326,2165592,2169488,2164860,2171442,2171442,2167904,2168587,2174469,2174469,2174469,2169892,2178592,2178019,2180365,2180365,2181656,2181884,2181928,2182629,2182629,2184300,2185462,2185532,2185615,2185615,2184942,2183935,2183935,H
2159326,2159643,2159711,2159892,2159101,2159101,2157479,2152014,2148892,2145215,2145215,2144160,2143994,2142743,2144355,2144355,2147356,2147060,2146288,2145227,2145227,2144976,2148148,2141879,2142746,2142746,2137110,2139761,2143451,2146041,2147332,2147332,2149924,2150983,2150766,2150766,2150294,2151286,2151769,2151920,2151920,2152699,2152738,H
2132637,2133222,2133258,2133258,2133526,2133460,2133460,2132143,2132143,2129837,2128052,2123635,2122452,2122452,2124792,2125350,2127919,2128786,2128786,2129480,2130439,2131141,2131341,2131341,2131949,2133177,2135113,2136949,2136949,2137441,2137121,2136301,2136240,2136240,2135655,2135597,2135105,2135105,2134940,2134049,2132572,2132467,2132467,H
2145208,2144549,2144549,2143893,2142408,2140230,2138721,2138721,2136376,2137044,2137097,2137655,2137655,2140566,2138939,2140661,2136962,2136962,2141774,2137751,2141384,2138162,2138162,2137460,2137142,2137142,2139591,2136423,2136423,2140596,2138031,2140455,2140455,2140907,2143935,2147843,2149529,2149529,2149326,2150790,2153449,2154710,2154710,H
2131583,2131845,2131469,2131153,2131153,2130817,2132442,2135507,2138083,2138083,2139951,2142067,2144345,2147890,2147890,2147622,2150883,2151724,2151526,2151526,2152311,2151329,2153885,2152969,2152969,2154227,2153585,2153802,2154126,2154126,2155532,2157916,2159385,2161694,2161694,2161850,2163641,2164376,2165407,2165407,2166005,2166647,2167343,H
2125848,2125848,2126078,2126185,2125088,2125088,2123566,2121707,2120445,2118134,2118134,2121652,2122183,2125429,2125429,2130381,2132380,2132833,2131715,2131715,2131961,2131967,2133837,2128855,2131962,2131962,2127596,2131982,2132249,2132249,2133140,2135352,2136121,2135557,2135557,2135996,2137042,2137335,2136545,2136545,2137170,2137335,2137335,H
2147186,2147141,2146901,2147490,2147936,2148504,2148504,2146839,2143247,2137773,2134922,2134922,2135964,2135158,2136370,2137448,2137448,2141123,2140754,2143600,2143600,2147214,2149083,2150135,2151177,2151177,2156153,2164018,2168203,2171039,2171039,2172413,2170562,2169920,2169122,2169122,2169419,2169647,2168990,2169646,2169646,2169345,2168604,H
2157002,2157002,2157994,2155069,2155069,2161560,2158139,2158432,2156785,2156785,2158232,2164551,2159734,2165171,2165171,2166045,2165174,2166753,2167165,2167165,2166253,2169668,2166802,2166025,2166025,2163367,2160894,2161178,2163451,2163451,2160255,2161280,2160798,2160919,2160919,2161633,2162383,2162836,2163446,2163446,2163503,2162076,2162076,H
2133360,2134549,2135158,2137183,2139207,2139207,2138098,2140648,2140114,2140102,2140102,2137234,2138189,2138189,2138836,2138836,2137957,2135810,2135895,2135218,2135218,2134440,2137211,2138497,2140132,2140132,2139603,2143633,2145766,2148186,2148186,2150201,2150692,2150374,2149855,2149855,2149046,2148109,2147398,2147322,2147322,2147359,2147042,H
2106522,2106522,2106522,2106961,2106501,2108351,2108351,2108312,2108841,2107270,2106844,2106844,2107747,2108078,2108078,2105204,2105204,2107799,2104946,2105097,2105453,2105453,2104436,2104733,2104362,2104268,2104268,2103806,2103406,2102725,2103282,2103282,2101745,2101442,2102090,2103632,2103632,2103340,2106010,2106010,2107696,2107696,2107696,H
2154695,2159198,2163344,2165734,2165734,2167898,2169229,2169900,2171302,2171302,2170095,2169854,2166484,2164897,2164897,2162697,2162675,2163099,2163099,2163099,2164152,2165699,2165293,2167314,2167314,2167298,2168823,2170299,2173056,2173056,2174560,2175979,2177561,2176763,2176763,2179801,2179728,2182392,2180397,2180397,2180771,2180276,2179756,H
2161326,2161254,2161249,2161249,2161161,2161536,2161661,2161794,2161794,2161770,2159549,2158804,2156210,2156210,2153020,2149617,2149944,2150425,2150425,2152139,2153882,2157498,2160239,2160239,2162855,2168661,2172661,2175976,2175976,2175100,2171229,2169378,2169845,2169845,2168795,2168348,2168425,2168277,2168277,2168180,2167426,2166066,2164466,H
2133408,2133655,2133648,2133403,2133403,2133098,2132155,2129352,2127045,2127045,2124962,2125344,2128603,2135001,2135001,2143606,2148607,2154738,2156821,2156821,2161960,2163671,2165671,2165785,2165785,2169096,2167978,2164648,2163099,2163099,2160353,2158965,2157648,2156794,2156794,2155325,2154412,2152892,2152043,2152043,2150139,2149233,2148802,H
2122945,2122115,2122115,2121237,2120555,2118960,2116548,2116548,2116561,2117135,2116456,2119369,2119369,2118120,2119843,2120565,2118063,2118063,2118562,2117638,2116613,2117463,2117463,2111922,2113207,2110018,2108588,2108588,2107319,2109182,2109809,2112620,2112620,2113343,2114341,2115513,2116238,2116238,2116293,2115974,2116168,2115918,2115918,H
2130043,2130043,2130043,2130653,2132149,2132301,2132225,2132225,2132214,2132167,2131500,2130760,2130760,2129796,2129188,2129446,2130437,2130437,2128510,2137550,2135438,2138772,2138772,2135716,2131053,2134163,2136465,2136465,2136695,2136341,2135745,2135511,2135511,2135041,2134297,2133434,2132945,2132945,2132124,2132188,2132000,2132012,2132012,H
2119588,2119775,2119663,2119696,2119751,2119751,2119715,2119528,2118533,2116235,2116235,2117767,2119706,2118900,2122884,2122884,2120198,2119120,2123926,2122034,2122034,2122704,2117764,2118658,2119971,2119971,2119950,2121167,2122349,2122846,2122846,2123498,2123090,2123025,2123243,2123243,2123480,2123819,2124098,2124099,2124099,2124105,2124448,H
1966099,1966099,1966099,1966572,1966970,1968000,1968175,1969108,1969255,1968800,1968871,1969203,1969296,1969407,1969803,1969861,1968655,1968492,1966741,1965130,1965745,1963840,1970172,1967145,1971934,1971222,1970894,1973008,1968240,1975679,1972721,1975098,1973409,1971304,1975892,1970508,1976903,1976400,1978981,1976652,1978874,1978874,1978874,H
2008324,2008324,2008324,2008324,2008324,2008324,2008725,2008957,2008950,2007902,2007902,2006906,2006366,2006243,2005999,2005999,2005957,2005459,2003591,2005676,2005676,2002409,2005960,2004207,2006358,2006358,2004916,2008847,2011962,2012337,2012337,2011750,2011208,2010910,2011386,2011386,2011893,2011807,2011807,2011807,2011807,2011807,2011807,M
2015354,2015354,2015354,2015354,2015354,2015596,2015657,2016304,2016815,2016815,2016980,2017145,2016398,2014825,2014825,2012011,2011107,2010505,2007877,2007877,2008937,2008550,2010523,2011943,2011943,2014452,2016987,2018518,2020336,2020336,2021890,2022711,2022487,2022032,2022032,2021634,2021735,2021924,2022017,2022017,2022017,2022017,2022017,M
2041099,2041099,2041139,2041081,2041156,2041132,2041132,2041486,2041201,2041344,2041166,2041166,2040630,2038738,2034234,2031175,2031175,2025046,2022541,2020291,2020052,2020052,2020668,2022832,2026306,2029936,2029936,2031834,2036515,2039145,2039585,2039585,2039356,2037768,2036048,2034987,2034987,2033735,2032942,2032166,2031675,2031675,2031125,M
2016379,2016379,2010749,2001852,1991808,1981243,1981243,1975560,1972173,1972782,1973385,1973385,1975382,1978057,1979999,1979937,1979937,1979058,1979180,1974890,1975172,1975172,1979980,1990704,2004961,2004961,2014912,2022443,2028892,2033082,2033082,2037813,2040503,2041168,2041253,2041253,2040227,2039422,2039113,2038467,2038467,2038352,2037953,M
2055006,2054151,2053998,2053998,2053559,2053117,2053840,2054467,2054467,2055177,2055502,2057669,2060588,2060588,2059719,2056292,2056130,2055817,2055817,2051038,2053615,2052157,2052488,2052488,2051233,2051818,2054407,2053990,2054003,2054003,2054906,2059131,2061783,2061783,2061548,2061593,2062712,2063151,2063151,2063178,2064967,2065297,2066306,M
2064932,2066088,2066088,2066267,2067024,2067428,2067948,2067948,2066874,2066226,2066129,2065397,2065397,2064384,2063828,2062705,2062421,2062421,2061021,2060829,2060682,2057598,2057598,2055678,2054412,2053923,2055367,2055367,2055053,2055356,2056679,2057878,2057878,2058066,2058508,2059391,2059295,2059295,2060529,2060937,2062445,2062988,2062988,M
2033240,2033987,2034530,2035507,2036002,2036002,2035963,2035229,2034929,2034666,2034666,2034484,2034079,2031368,2029198,2029198,2026019,2024602,2023366,2023366,2021746,2018269,2021984,2020826,2027653,2027653,2036784,2036020,2038277,2039092,2039092,2038415,2039697,2040351,2041067,2041067,2042175,2042581,2043268,2043770,2043770,2044610,2044960,M
2049779,2049779,2050101,2049393,2048437,2047899,2047899,2047316,2047184,2046794,2046514,2046514,2046334,2045794,2045304,2044665,2044665,2042666,2041425,2039682,2040766,2040766,2041412,2039637,2041763,2040732,2040732,2046782,2047751,2050288,2052478,2052478,2052022,2052192,2051889,2051504,2051504,2051289,2051063,2050610,2050256,2050256,2050100,M
2019661,2020302,2020302,2020731,2021616,2022050,2022009,2022009,2021429,2020552,2019465,2018699,2018699,2017885,2016129,2013563,2010885,2010885,2008058,2005365,2006496,2007164,2007164,2009161,2010339,2012950,2018717,2018717,2022165,2025754,2031714,2037721,2037721,2039546,2040697,2040939,2041512,2041512,2042410,2043039,2043528,2043805,2043805,M
2022240,2023557,2024608,2025272,2025853,2025853,2025412,2024819,2023421,2022570,2022570,2021047,2022805,2020766,2018302,2018302,2013553,2010507,2007790,2004884,2004884,2001777,1999617,1996513,1995862,1995862,1992957,1993384,1993186,1997086,1997086,1999234,2005264,2010432,2013583,2013583,2016783,2020002,2024588,2027392,2027392,2029991,2030830,M
2023005,2022224,2020758,2020758,2020553,2019813,2018278,2016304,2016304,2012019,2010535,2007627,2008477,2008477,2005780,2005199,2004795,2002785,2002785,2005260,2002384,2003307,2003122,2004238,2004238,2003598,2002579,2003544,2003565,2003565,2003964,2004650,2004874,2005339,2005339,2005706,2006178,2006364,2006364,2007083,2007447,2008019,2008737,M
2002483,2002483,2002483,2002483,2002072,2001499,2001416,2001416,2001007,2001319,1998871,2000609,2000609,1998740,1999470,1997593,1997949,1997949,1997522,1994478,1998197,1996313,1996313,1996837,1997906,1997863,1999964,1999964,2002457,2003487,2004228,2004218,2004218,2004828,2005036,2005222,2005474,2005474,2005822,2005822,2005822,2005822,2005822,M
2005055,2005175,2005175,2005305,2005316,2005848,2006138,2006138,2006436,2006744,2007189,2007810,2007810,2007623,2006792,2006019,2005862,2005862,2005443,2005377,2005314,2005239,2005239,2005612,2005577,2005582,2004743,2004743,2004975,2002678,2001904,1999080,1999080,2001515,2002077,2003394,2004786,2004786,2005337,2007027,2007719,2008284,2008284,M
1981198,1981198,1981198,1981198,1981198,1981198,1980653,1980513,1980352,1980218,1980276,1980305,1980600,1980997,1981109,1981391,1981410,1981027,1979438,1977819,1976009,1973222,1972173,1971918,1973813,1973691,1975902,1977806,1982376,1986311,1988685,1990279,1990939,1991154,1990458,1988656,1986276,1984973,1984973,1984973,1984973,1984973,1984973,M
1970368,1970368,1970368,1970368,1970368,1970368,1970368,1970368,1972319,1976322,1981608,1984193,1982124,1979535,1980315,1979815,1982581,1984368,1989031,1991627,1996628,1999562,2004101,2007908,2009865,2011088,2011200,2011118,2011232,2011067,2011118,2010166,2008686,2006741,2004965,2003859,2003859,2003859,2003859,2003859,2003859,2003859,2003859,M
2011299,2010288,2010020,2010020,2010080,2010162,2010122,2010207,2010207,2009990,2009772,2009991,2009316,2009316,2008400,2006236,2002436,2001483,2001483,1999849,1999847,1999724,2001181,2001181,2003591,2005590,2006944,2007229,2007229,2008191,2006836,2007030,2010445,2010445,2013144,2015487,2016256,2016150,2016150,2015495,2015890,2016691,2016817,M
2026797,2026702,2026646,2026507,2026483,2026483,2026725,2026115,2024545,2021418,2021418,2018475,2017941,2018947,2022908,2022908,2024556,2022511,2019778,2017112,2017112,2016983,2017132,2020695,2021760,2021760,2024383,2024792,2031305,2042583,2050834,2050834,2055349,2057690,2057935,2056664,2056664,2055873,2054723,2053568,2052290,2052290,2051104,M
2251194,2251526,2251526,2251794,2251794,2251870,2251799,2251799,2251180,2251000,2249922,2248500,2248500,2247357,2246395,2245437,2244583,2244583,2243403,2243613,2242517,2243133,2243133,2241893,2241983,2241299,2241395,2241395,2244472,2251994,2257887,2264878,2264878,2269916,2271341,2270681,2270516,2270516,2270037,2269613,2268899,2268549,2268549,M
2206997,2206817,2206265,2205675,2205119,2205119,2204788,2204562,2203942,2203559,2203559,2202755,2201460,2201070,2199115,2199115,2198488,2194972,2192364,2191118,2191118,2187837,2193231,2193097,2195001,2195001,2199271,2200925,2203527,2204571,2204571,2204786,2205123,2204703,2204665,2204665,2204247,2203712,2202882,2202473,2202473,2201873,2201340,M
2185701,2185701,2185209,2184428,2183866,2183423,2183423,2182697,2181186,2178016,2175407,2175407,2172233,2170277,2170657,2172209,2172209,2174548,2174548,2176397,2176632,2176632,2176778,2179045,2180203,2183052,2183052,2184472,2185200,2185081,2184859,2184859,2184772,2184358,2184168,2184391,2184391,2183976,2183915,2183445,2182504,2182504,2181707,M
2178966,2178966,2179898,2180702,2181765,2181765,2182454,2182820,2182506,2182486,2182486,2180991,2180759,2179283,2182086,2182086,2179219,2180020,2180710,2179692,2179692,2185260,2184497,2186077,2186077,2185500,2185053,2192340,2196452,2199255,2199255,2201797,2203084,2203473,2204254,2204254,2204480,2204855,2205681,2205465,2205465,2205465,2205465,M
2174981,2174699,2174789,2174789,2174131,2173719,2172745,2171900,2171900,2170211,2169629,2168926,2168607,2168607,2169079,2168192,2167372,2166490,2166490,2165371,2165769,2165225,2166986,2166986,2164691,2168352,2165932,2169111,2169111,2166977,2171099,2172709,2176825,2176825,2178768,2180406,2180406,2180219,2180219,2181400,2182474,2183552,2183570,M
2166188,2166213,2166362,2166362,2166431,2166481,2166570,2167190,2167190,2166912,2166732,2165873,2165608,2165608,2165615,2164244,2164206,2161248,2161248,2158475,2156272,2155736,2158243,2158243,2161356,2163102,2167234,2171458,2171458,2173886,2174748,2173545,2173563,2173563,2172712,2172417,2172088,2171716,2171716,2172019,2171988,2171851,2171699,M
2164425,2164325,2163847,2163847,2163813,2162971,2161713,2161713,2161178,2160717,2160771,2160661,2160661,2161757,2163271,2163563,2161860,2161860,2162502,2161314,2163897,2161116,2161116,2164243,2163863,2165192,2167340,2167340,2170546,2177739,2184906,2184318,2184318,2183678,2184895,2185269,2185714,2185714,2185632,2185903,2186024,2185797,2185797,M
2154109,2154442,2154526,2154526,2154842,2155349,2155454,2155454,2156301,2156603,2156820,2157138,2157138,2157363,2156350,2154988,2150940,2150940,2148596,2146550,2149083,2149109,2149109,2151883,2150967,2149904,2149904,2153709,2153843,2157865,2162627,2163084,2163084,2166544,2164968,2167089,2167815,2167815,2167536,2167380,2167415,2167415,2167205,M
2174682,2173868,2173167,2173167,2172729,2171756,2170590,2169158,2169158,2164704,2161836,2158672,2162342,2162342,2164956,2170604,2176831,2180998,2180998,2186397,2190449,2194538,2193759,2193759,2192411,2190450,2189775,2188977,2188977,2188856,2188054,2187488,2186110,2186110,2185672,2184965,2183417,2183347,2183347,2182478,2181153,2180118,2179546,M
2151415,2151362,2151556,2151349,2151223,2151223,2150696,2150073,2147901,2147894,2147894,2147631,2145821,2145758,2142123,2142123,2142360,2139417,2141821,2139514,2139514,2144395,2144158,2148957,2149403,2149403,2153544,2156342,2158278,2159678,2159678,2161250,2161374,2161575,2161712,2161712,2160690,2160134,2160134,2160329,2160329,2160102,2159555,M
2152681,2152879,2152879,2151369,2150468,2148297,2146515,2146515,2140174,2137078,2131853,2129919,2129919,2129752,2134279,2137717,2144568,2144568,2145723,2148510,2153760,2153760,2149155,2150360,2146622,2151396,2151396,2149031,2150104,2152789,2154551,2154551,2154826,2156228,2157350,2156384,2156384,2157058,2157254,2157004,2156565,2156565,2155978,M
2133389,2133389,2133389,2133389,2132883,2132701,2132630,2132787,2132787,2132771,2132764,2132919,2132902,2132902,2132928,2132637,2132171,2130687,2128112,2124958,2122802,2123484,2125774,2130028,2135216,2139823,2146858,2148249,2150382,2149961,2149502,2149550,2149192,2148843,2148525,2148240,2148066,2147888,2147716,2148146,2147844,2147844,2147844,M
2147696,2147556,2147060,2147135,2147311,2147483,2147790,2147026,2145249,2140318,2136712,2130522,2130451,2130260,2133585,2136590,2140857,2144888,2149016,2152995,2156266,2159622,2161235,2162264,2162231,2162385,2162655,2162755,2163020,2162914,2162768,2162384,2162462,2162392,2162166,2161534,2160951,2160575,2160157,2160117,2159658,2159200,2158882,M
2142824,2142824,2142824,2142824,2142914,2143364,2143082,2143320,2143028,2142949,2142890,2142423,2141987,2140224,2138006,2135745,2133522,2133937,2135088,2138653,2145474,2151443,2160464,2168224,2173557,2182340,2184812,2184580,2182784,2181033,2179423,2177981,2176799,2175711,2174259,2173022,2171744,2170440,2169902,2169278,2169278,2169278,2169278,M
2133504,2133226,2133226,2131506,2130529,2128758,2127650,2127650,2124951,2121388,2119602,2117627,2117627,2118065,2118350,2119660,2120431,2120431,2121864,2123139,2124834,2125627,2125627,2126515,2129825,2132953,2134375,2134375,2136659,2137338,2137542,2137156,2137156,2136933,2136528,2136777,2136658,2136658,2136493,2136368,2136167,2136106,2136106,M
2148520,2147904,2147904,2147539,2148067,2148782,2150074,2150074,2151386,2152385,2152602,2152677,2152677,2150637,2149510,2145691,2144115,2144115,2142305,2139867,2142130,2141231,2141231,2141152,2142287,2145388,2145388,2149650,2151012,2154709,2156040,2156040,2156527,2157217,2157554,2158001,2158001,2157838,2157240,2156313,2155325,2155325,2153780,M
2131385,2131385,2124778,2123329,2121935,2122259,2120504,2120504,2120552,2121856,2120895,2121360,2121360,2120900,2121892,2124743,2119888,2119888,2125415,2125088,2127126,2127126,2130784,2131638,2136497,2138817,2138817,2141648,2144917,2144917,2144973,2143593,2143593,2142634,2141818,2141609,2141609,2141262,2141802,2142171,2143062,2143062,2144683,M
2114775,2113527,2113527,2112405,2111755,2111113,2110478,2110478,2110269,2109636,2109175,2106991,2106991,2104608,2101616,2102900,2101621,2101621,2104103,2102291,2103763,2102653,2102653,2106045,2107345,2113719,2116559,2116559,2117334,2117334,2117531,2118702,2118702,2118647,2118391,2117542,2116832,2116832,2115923,2115923,2115458,2114844,2114522,M
2106945,2106189,2104697,2104697,2104807,2105027,2105872,2105526,2105526,2104732,2104666,2106483,2105927,2105927,2107572,2108890,2111104,2112628,2112628,2114547,2117042,2116525,2117156,2117156,2118333,2118756,2118100,2117844,2117844,2118241,2118211,2117947,2117251,2117251,2116718,2116184,2116184,2116007,2116007,2115762,2115458,2115458,2115359,M
2138356,2141307,2141307,2143119,2143682,2146148,2147017,2147017,2148136,2148136,2147896,2148647,2148647,2149899,2149899,2150719,2153325,2153325,2157523,2157523,2162260,2163584,2163584,2167216,2168045,2171461,2172982,2172982,2175452,2178475,2178420,2178994,2178994,2175127,2169979,2165103,2159924,2159924,2153050,2151894,2149425,2149570,2149570,M
2142706,2143286,2144287,2144287,2145145,2146678,2148105,2148515,2148515,2148893,2149086,2148571,2148623,2148623,2149866,2150458,2149436,2148841,2148841,2146356,2145697,2143872,2144390,2144390,2141986,2142032,2140209,2140118,2140118,2139854,2139676,2137894,2136855,2136855,2137483,2137972,2137993,2139228,2139228,2139260,2140271,2140585,2141089,M
2123626,2123626,2123626,2123626,2123233,2123031,2122900,2122900,2122679,2122190,2122158,2122158,2122083,2121479,2121185,2121247,2121247,2121164,2120125,2120825,2119548,2120150,2120150,2118917,2120345,2123387,2124469,2124469,2123972,2123890,2124167,2123671,2123671,2123316,2123094,2122656,2122656,2122618,2122632,2122632,2122632,2122632,2122632,M
2038712,2038712,2037927,2036673,2036483,2036423,2036423,2036015,2035321,2035373,2034981,2034981,2035055,2035103,2035297,2035850,2035518,2035518,2035903,2035878,2034142,2034712,2034712,2030886,2029664,2031129,2031720,2031720,2033520,2033992,2034914,2035785,2035785,2035262,2035676,2035261,2035579,2035579,2035867,2035976,2036192,2035932,2035932,S
2030940,2030940,2030940,2030494,2030241,2030175,2029774,2029774,2029590,2029464,2029323,2029108,2029108,2028886,2028994,2028796,2027822,2027822,2025851,2024246,2023591,2022396,2022396,2022700,2024348,2025471,2028206,2028206,2029862,2032119,2032033,2032025,2032025,2032053,2031912,2031038,2029953,2029953,2028881,2028478,2028478,2028478,2028478,S
2014677,2014158,2014260,2014260,2013883,2014053,2014343,2014711,2014711,2015398,2016241,2016512,2015588,2015588,2015807,2015975,2015254,2015378,2015378,2015397,2015769,2014198,2014658,2014658,2017733,2018403,2018669,2021944,2021944,2023769,2025964,2031261,2034016,2034016,2035333,2032840,2032206,2033224,2033224,2032294,2030694,2029696,2029073,S
2031175,2029466,2028693,2028251,2028251,2028096,2027791,2027099,2027015,2027015,2026920,2026851,2027004,2026783,2026783,2025423,2022797,2017525,2013079,2013079,2010365,2009679,2009908,2013859,2013859,2015102,2016300,2016923,2017167,2017167,2021803,2026769,2029004,2030698,2030698,2031236,2032266,2032400,2032543,2032543,2032041,2030183,2030183,S
2003521,2003521,2003865,2003849,2004595,2004883,2004883,2005139,2005906,2006124,2005458,2005458,2004262,2003650,2003524,2003532,2003532,2003321,2003418,2001348,2002158,2002158,2001188,2003980,2003086,2004378,2004378,2004853,2005489,2007827,2009528,2009528,2009268,2008544,2008062,2008142,2008142,2008358,2008388,2009050,2009067,2009067,2009067,S
2058557,2058557,2058983,2059522,2060283,2060926,2060926,2061552,2062267,2063350,2063788,2063788,2064511,2064596,2064221,2063436,2063436,2062808,2061736,2060667,2060511,2060511,2060611,2057909,2058089,2057592,2057592,2058281,2059537,2061225,2060066,2060066,2061885,2063265,2063465,2063197,2063197,2063067,2062958,2061922,2062015,2062015,2062015,S
2028568,2029564,2030050,2030050,2030682,2030960,2032032,2031726,2031726,2030651,2029579,2028626,2026975,2026975,2025085,2022681,2020203,2019631,2019631,2020431,2021527,2023210,2026142,2026142,2031501,2036501,2038705,2038737,2038737,2037589,2037518,2037729,2037710,2037710,2038022,2038018,2038041,2038158,2038158,2038363,2038619,2038956,2039597,S
2035868,2035868,2035523,2035352,2035517,2035880,2035880,2036594,2037717,2039965,2041309,2041309,2042385,2043528,2043986,2044748,2044748,2045063,2045406,2046158,2044772,2044772,2040665,2040993,2037343,2038447,2038447,2037289,2040544,2042050,2046681,2046681,2051465,2052896,2053212,2053932,2053932,2054221,2054722,2054863,2054863,2054710,2053744,S
2040843,2040522,2040507,2040507,2040681,2040300,2039962,2040032,2040032,2040266,2040735,2040839,2041038,2041038,2041159,2040753,2039893,2037419,2037419,2035021,2033036,2033598,2033598,2033981,2035386,2036932,2037636,2037636,2037936,2038649,2039544,2040049,2040049,2040208,2040461,2041310,2042012,2042012,2042379,2042388,2041472,2040317,2040317,S
2028253,2028253,2028253,2028253,2028253,2028560,2028560,2028711,2029113,2029268,2028952,2028952,2028022,2027508,2026456,2026158,2026158,2024849,2024234,2021978,2019723,2019723,2017040,2013895,2013139,2012552,2012552,2012983,2017530,2020890,2024146,2024146,2026648,2026598,2027514,2026892,2026892,2026827,2026827,2026827,2026827,2026827,2026827,S
2055912,2055912,2055462,2055178,2055025,2055025,2054826,2054493,2054041,2053898,2053898,2053397,2052035,2050815,2049749,2049749,2048244,2047333,2045751,2045191,2045191,2043680,2043731,2044247,2044843,2044843,2046230,2046444,2046739,2046750,2046750,2046584,2046493,2046058,2044963,2044963,2043563,2042765,2041986,2041619,2041619,2041287,2041287,S
2022871,2022871,2022064,2022064,2021525,2021092,2020701,2020053,2020053,2020098,2019950,2019923,2020096,2020096,2020042,2020039,2019991,2020798,2020798,2021431,2022640,2023197,2022990,2022990,2022439,2022337,2022302,2021863,2021863,2022282,2022296,2022024,2021732,2021732,2022205,2022934,2023745,2024029,2024029,2024344,2024793,2024948,2024948,S
2014224,2013067,2011885,2011885,2011154,2010616,2010825,2011390,2011390,2011078,2010949,2010408,2009001,2009001,2007582,2004614,2001250,1997673,1997673,1996449,1995482,1995017,1995092,1995092,1993085,1991804,1993193,1995889,1995889,2000671,2003859,2005649,2007240,2007240,2008146,2009042,2009760,2010230,2010230,2010565,2010966,2011598,2012178,S
2078366,2078546,2078642,2078642,2079094,2079252,2079652,2079035,2079035,2079209,2079513,2079892,2080212,2080212,2079871,2077380,2074957,2073587,2073587,2073263,2073447,2075054,2075960,2075960,2077836,2079078,2080217,2082020,2082020,2083084,2087857,2095190,2099584,2099584,2101315,2102284,2102746,2102510,2102510,2102289,2101967,2101911,2101316,S
2007310,2007310,2007310,2007887,2008383,2008836,2009207,2009207,2009462,2009296,2008574,2007840,2007840,2007295,2006649,2005994,2003795,2003795,2001258,2000806,2000757,2001829,2001829,2004836,2006740,2008467,2011409,2011409,2013310,2014363,2014665,2015016,2015016,2014253,2013206,2012113,2011274,2011274,2011259,2010639,2010484,2010559,2010559,S
2020024,2020024,2020024,2020089,2020164,2020348,2020306,2020306,2020318,2020564,2020726,2021176,2021176,2022039,2022400,2022541,2023063,2023063,2022822,2022428,2021002,2019752,2019752,2018790,2019385,2019540,2019734,2019734,2019802,2020002,2021680,2023016,2023016,2023646,2024296,2025186,2025454,2025454,2026076,2026105,2026105,2026105,2026105,S
2013812,2011361,2010003,2010003,2008222,2007380,2006795,2006679,2006679,2007004,2007861,2007927,2007612,2007612,2007114,2005898,2004628,2003426,2003426,2002877,2001982,2001330,2000755,2000755,1999826,1999768,1998740,2000300,2000300,1999644,2000261,2000261,2000497,2000497,2001957,2003619,2005422,2004919,2004919,2004636,2002932,2002161,2000950,S
1986822,1986822,1986822,1986227,1985361,1985446,1985253,1985253,1985173,1984850,1984914,1983796,1983796,1982567,1981621,1980802,1979502,1979454,1979454,1978785,1978648,1979252,1980086,1980086,1981033,1982208,1983926,1983926,1985007,1986460,1987006,1986562,1986562,1985926,1984650,1982926,1981504,1981504,1980379,1979302,1978883,1978149,1978149,S
1992726,1992352,1992693,1992110,1992110,1991077,1989291,1989411,1990311,1990311,1991465,1992318,1992488,1990374,1990374,1986962,1986010,1986537,1986729,1986478,1986478,1985051,1984869,1986748,1988701,1988701,1989835,1991725,1996594,2001082,2001082,2006745,2009550,2012186,2015192,2015192,2017896,2019724,2021608,2021608,2023414,2024017,2023367,S
2178547,2178547,2178547,2178547,2178547,2178420,2178296,2178296,2178496,2178496,2178423,2178060,2178060,2178130,2178130,2177979,2177778,2175588,2175987,2175987,2175426,2176269,2176965,2177781,2177781,2179533,2179366,2178974,2178649,2178649,2178555,2178370,2178513,2178630,2178630,2178513,2178116,2177794,2177168,2177168,2177168,2177168,2177168,S
2163639,2163639,2163639,2163615,2163573,2163495,2163495,2163534,2163764,2163942,2163823,2163823,2163271,2162917,2162669,2162419,2162419,2161632,2160409,2158834,2157147,2157147,2157216,2159502,2162156,2164209,2164209,2165988,2166081,2166950,2166829,2166829,2167228,2167254,2167587,2167587,2167693,2167718,2167920,2168265,2168265,2168265,2168265,S
2184252,2184252,2184252,2184252,2185239,2185239,2185373,2185373,2185489,2185399,2185399,2185673,2185673,2185582,2186164,2186347,2186542,2186542,2184377,2182368,2179537,2179887,2179887,2178497,2180673,2182416,2185632,2185632,2189427,2192374,2193924,2194075,2194075,2194160,2194549,2194670,2194975,2194975,2195275,2195275,2195275,2195275,2195275,S
2170866,2170764,2170757,2170590,2170590,2170331,2170606,2170525,2170028,2168721,2168721,2167102,2165036,2163011,2163011,2162000,2159928,2159265,2157918,2157918,2157696,2157549,2161420,2163560,2163560,2166266,2168150,2168978,2169074,2169074,2169182,2169028,2168261,2168261,2168261,2168053,2167804,2167818,2167623,2167623,2167547,2167471,2167601,S
2185484,2185011,2184266,2183290,2183290,2182504,2181850,2181395,2181243,2181243,2180908,2180618,2179775,2175982,2175982,2173765,2172005,2172418,2175497,2175497,2178075,2184758,2189752,2192241,2192241,2192528,2192944,2192264,2190932,2190932,2190143,2189661,2189601,2189199,2189199,2189258,2189068,2188668,2188504,2188504,2188295,2187948,2186823,S
2163952,2163714,2163714,2163469,2163507,2163404,2163404,2162891,2161849,2160784,2159426,2159426,2158965,2158448,2157178,2155655,2155655,2154495,2153441,2151592,2151407,2151407,2151786,2153997,2157351,2161296,2161296,2164315,2167081,2170597,2172879,2172879,2174015,2173516,2173037,2171867,2171867,2171991,2170523,2169908,2169408,2169408,2169663,S
2131150,2131730,2132250,2132911,2132911,2133597,2133972,2133662,2133627,2133627,2133818,2133586,2133629,2133673,2133673,2133162,2130652,2128753,2128002,2128002,2124932,2126011,2124332,2125275,2125275,2127427,2129136,2130349,2134690,2134690,2138667,2142014,2143948,2145939,2145939,2146644,2146754,2146929,2146680,2146680,2146003,2145666,2145154,S
2144016,2144016,2144016,2144016,2144016,2144016,2144167,2145153,2145783,2145808,2145739,2145251,2145901,2145373,2144226,2140955,2138712,2137947,2136466,2137827,2141300,2148194,2151857,2153877,2154899,2155045,2154729,2154467,2154591,2154318,2154351,2154450,2154442,2154632,2154414,2154199,2154244,2154144,2154144,2154144,2154144,2154144,2154144,S
2141236,2141031,2140618,2140360,2140277,2140277,2139772,2139694,2139527,2139105,2139105,2139116,2138526,2136612,2135080,2135080,2130926,2127345,2123971,2124432,2124432,2128155,2132332,2137279,2141864,2141864,2144661,2146958,2145416,2145093,2145093,2144489,2143754,2144015,2143275,2143275,2142295,2141798,2141892,2141799,2141799,2141793,2141879,S
2150456,2150315,2149708,2149708,2149092,2149092,2147861,2146463,2144556,2144171,2144171,2144133,2146672,2149110,2152270,2152270,2155724,2158102,2158670,2161654,2161654,2166372,2172738,2180879,2188706,2192885,2192885,2194077,2193434,2192516,2192516,2192610,2192336,2190050,2190050,2190050,2189477,2188376,2186858,2185472,2185472,2184327,2182142,S
2125401,2125401,2125075,2125075,2124824,2124562,2124171,2123844,2123844,2123803,2123646,2123515,2123318,2123318,2122689,2121954,2121283,2120446,2120446,2119573,2119352,2119175,2119623,2119623,2120703,2121291,2120835,2120024,2120024,2119733,2119341,2119372,2118765,2118765,2118355,2118332,2117825,2117679,2117679,2117675,2118025,2117797,2117797,S
2154962,2154962,2154962,2155165,2155325,2155155,2154119,2154119,2153518,2153114,2152825,2152508,2152508,2152124,2151970,2151204,2150739,2150739,2151117,2151913,2152855,2154856,2154856,2156174,2156448,2155465,2154545,2154545,2153169,2152193,2151452,2150659,2150659,2150077,2149541,2149130,2149137,2149137,2149104,2149070,2149070,2149070,2149070,S
2143280,2143280,2143280,2143062,2143099,2143099,2143096,2143059,2143317,2143337,2143337,2143081,2143213,2143772,2144489,2144489,2144531,2143783,2143716,2145070,2145070,2146397,2147806,2148761,2148652,2148652,2148372,2147760,2147706,2147680,2147680,2147618,2147531,2147775,2148386,2148386,2149048,2149589,2149552,2149764,2149764,2149764,2149764,S
2159591,2159364,2158849,2158429,2157785,2157785,2157565,2157078,2156334,2155777,2155777,2155211,2154847,2154186,2153200,2153200,2151826,2150119,2149339,2149442,2149442,2150566,2151666,2151931,2151931,2151931,2152078,2152078,2151758,2151610,2151610,2152528,2152546,2152378,2152000,2152000,2151383,2150691,2149882,2150298,2150298,2150209,2149419,S
2110484,2110484,2110292,2110312,2111091,2111222,2111222,2111043,2111039,2110964,2110747,2110747,2110442,2110133,2108844,2107042,2107042,2102186,2102186,2100970,2100970,2101409,2107358,2107358,2109900,2109900,2112625,2114976,2114976,2115055,2115055,2115463,2115090,2115023,2115184,2115184,2115255,2115152,2115481,2115602,2115602,2116001,2115785,S
2154997,2155385,2156274,2156905,2157307,2157307,2157227,2156966,2157264,2157007,2157007,2155657,2155657,2155170,2154818,2154818,2153364,2152281,2150508,2147879,2147879,2147879,2150537,2152203,2161810,2161810,2161810,2167040,2169225,2169225,2167975,2167975,2167479,2167065,2167065,2166827,2166440,2166376,2166333,2166333,2166247,2166400,2166591,S
2101316,2101571,2101702,2101702,2102056,2102277,2102512,2102371,2102371,2101519,2100791,2099861,2099349,2099349,2098332,2097519,2097290,2096139,2096139,2096268,2096434,2098230,2099840,2099840,2102274,2104116,2104810,2104583,2104583,2104642,2105018,2105533,2105822,2105822,2105556,2105640,2105595,2105764,2105764,2105882,2105943,2105926,2105522,S
2113383,2113383,2114167,2115444,2116848,2117474,2117474,2117654,2117887,2116303,2116556,2116556,2114893,2113532,2111861,2110202,2110202,2112431,2115656,2121548,2125444,2125444,2128820,2133557,2136329,2140354,2140354,2139843,2141565,2141203,2142163,2142163,2141972,2141757,2141434,2141319,2141319,2140719,2139769,2139431,2138479,2138479,2137864,S
2119717,2119898,2120475,2120303,2120605,2120605,2119575,2118409,2117185,2115883,2115883,2114272,2112957,2111501,2110862,2110161,2110161,2109489,2109970,2111007,2111007,2112795,2115992,2117499,2116611,2116335,2116335,2117356,2118932,2120233,2120233,2121122,2121664,2123778,2124034,2124034,2124823,2124872,2125066,2124351,2124351,2122767,2121108,S
1978074,1978047,1977880,1977823,1977745,1977574,1977072,1976176,1975960,1975431,1975257,1974834,1974272,1972846,1971213,1968946,1968048,1967486,1967319,1967907,1969547,1969648,1971209,1971866,1973739,1975256,1975375,1975397,1973990,1974060,1973867,1973875,1973409,1972901,1972794,1972808,1972307,1971171,1971327,1971012,1970335,1970264,1970510,S
