3090202,3090202,3090202,3090202,3089483,3088268,3087179,3087179,3086646,3086148,3085492,3085268,3085268,3085057,3085066,3085330,3085341,3085341,3085788,3084554,3082157,3077249,3077249,3073900,3072652,3072761,3073984,3073984,3078212,3082319,3083666,3083818,3083818,3083746,3084353,3085610,3086792,3086792,3087909,3087909,3087909,3087909,3087909,H
3079828,3079828,3079828,3079828,3079828,3080365,3080365,3080623,3081183,3081666,3081394,3080465,3080465,3079525,3079015,3078846,3078886,3078886,3079387,3080104,3077911,3077911,3069907,3069907,3068647,3067429,3067429,3067693,3072527,3076699,3080516,3080516,3084467,3088223,3091216,3093295,3093295,3093757,3093453,3093453,3093453,3093453,3093453,H
3103133,3103133,3103133,3103133,3103133,3102181,3102181,3101806,3101461,3101281,3100928,3100928,3100762,3100809,3101043,3101376,3101376,3101546,3101836,3101476,3101476,3101476,3099535,3100890,3100979,3101589,3101589,3100333,3096797,3093114,3089998,3089998,3088361,3088672,3089478,3092145,3092145,3094359,3095896,3095896,3095896,3095896,3095896,H
3070749,3070749,3070749,3070749,3070749,3070749,3071129,3071129,3070724,3069694,3068875,3068176,3068176,3067899,3067654,3066590,3064659,3064659,3061052,3057444,3056270,3054446,3054446,3052846,3050274,3049914,3052422,3052422,3053645,3054995,3055463,3054390,3054390,3054081,3053769,3054015,3054544,3054544,3054544,3054544,3054544,3054544,3054544,H
3061375,3061375,3061380,3061927,3062407,3062871,3062871,3062168,3060988,3059504,3058300,3058300,3057446,3056902,3056574,3056475,3056475,3057410,3058070,3055557,3055557,3055557,3054068,3051450,3049151,3047309,3047309,3045901,3044699,3043823,3044762,3044762,3046444,3047619,3049496,3051821,3051821,3053598,3055119,3056520,3057820,3057820,3057820,H
2971724,2971724,2971724,2971724,2970850,2970418,2970277,2970361,2970361,2970367,2970504,2970957,2971173,2971464,2971464,2971747,2971926,2972370,2973043,2973043,2972990,2969794,2965827,2962917,2962917,2961607,2961796,2963275,2965514,2965514,2966753,2966340,2970703,2977155,2977155,2984240,2994189,3002652,3007451,3007451,3007451,3007451,3007451,H
3088880,3087256,3085863,3084989,3084231,3084231,3083649,3082924,3082174,3081831,3081831,3081557,3081360,3081291,3081347,3081347,3081455,3081948,3083263,3084181,3084181,3085679,3086218,3085881,3083798,3083798,3079707,3079707,3078273,3076632,3076632,3075760,3078327,3078327,3079449,3079449,3080495,3080810,3080740,3081216,3081216,3081661,3082321,H
3008567,3007953,3007772,3007403,3007403,3007342,3007549,3007882,3007882,3008195,3008577,3008897,3009155,3009155,3009529,3009976,3010385,3010424,3010424,3009139,3007053,3004119,3000377,3000377,2999918,2997346,2995457,2995708,2995708,2996124,2998326,3001246,3005166,3005166,3007718,3012959,3019789,3026388,3026388,3030452,3034511,3038989,3042433,H
3083577,3083577,3083577,3083577,3083577,3084534,3084833,3084259,3083276,3083276,3082738,3082591,3082853,3082403,3082403,3080390,3078163,3079285,3079285,3079810,3080546,3080340,3080511,3080511,3079458,3078347,3077089,3075754,3075754,3077333,3079606,3081480,3083239,3083239,3085259,3086276,3087060,3087748,3087748,3087748,3087748,3087748,3087748,H
3060724,3060083,3059483,3059449,3059481,3059481,3060040,3060976,3061821,3062598,3062598,3063463,3064866,3065949,3067181,3067181,3068438,3069677,3071098,3071254,3071254,3068942,3065426,3062483,3059458,3059458,3058642,3058156,3057690,3057038,3057038,3057051,3057687,3059901,3062789,3062789,3064888,3065599,3066126,3066853,3066853,3067665,3068048,H
3083300,3083300,3083682,3084099,3084793,3085173,3085173,3084526,3082969,3081633,3081161,3081161,3080611,3080481,3080305,3080314,3080314,3080456,3080518,3079828,3077686,3077686,3074826,3073256,3071300,3070049,3070049,3067729,3067139,3065688,3065840,3065840,3066890,3068088,3068865,3069554,3069554,3070454,3071279,3072068,3072871,3072871,3072871,H
2708896,2708819,2708932,2709137,2709257,2709257,2709556,2709747,2709858,2709610,2709610,2709428,2709022,2708807,2708780,2708780,2708816,2708329,2708220,2707367,2707367,2706693,2706637,2706207,2705553,2705553,2705601,2704892,2704316,2704003,2704003,2702510,2703371,2703231,2703173,2703173,2703448,2703157,2703086,2702896,2702896,2702757,2702512,H
2702180,2702180,2702180,2701885,2701825,2701647,2701429,2701429,2701333,2701341,2701327,2701265,2701265,2701145,2701143,2701153,2701207,2701207,2701305,2699146,2696327,2696327,2695341,2694339,2693302,2693259,2693259,2694207,2695188,2695752,2696273,2696297,2696297,2696242,2696362,2696305,2696305,2696348,2696411,2696306,2696139,2696139,2696139,H
2771129,2771129,2771129,2770939,2770775,2770627,2770668,2770668,2770697,2770603,2770978,2771192,2771192,2770693,2769898,2769121,2768759,2768759,2768656,2768435,2769093,2768503,2768503,2767605,2765935,2764514,2764165,2764165,2763292,2763553,2765337,2768774,2768774,2772113,2776258,2778298,2779625,2779625,2780765,2781568,2782645,2782645,2782645,H
2805081,2804956,2804587,2804587,2804488,2804449,2804610,2804787,2804787,2805184,2805614,2806182,2806684,2806684,2807282,2807491,2806884,2805791,2805791,2804623,2803734,2803007,2802631,2802631,2802780,2802953,2803859,2805712,2805712,2807685,2808678,2808920,2808676,2808676,2810243,2811642,2813611,2814779,2814779,2814693,2813518,2812382,2811733,H
2778814,2778814,2778814,2778814,2778814,2779040,2779040,2779578,2780173,2780977,2781559,2781559,2781589,2780543,2779310,2778373,2778373,2777755,2777166,2774673,2773363,2773363,2773892,2775529,2777801,2780523,2780523,2783655,2786038,2788023,2789456,2789456,2790437,2791362,2790733,2789095,2789095,2787368,2786150,2786150,2786150,2786150,2786150,H
2798880,2798880,2798880,2800041,2800649,2800117,2798805,2798805,2797881,2797513,2797355,2797355,2797317,2797343,2797356,2797629,2798197,2798197,2799759,2803000,2802181,2801234,2801234,2800360,2799227,2798082,2794907,2794907,2792497,2789951,2788909,2788914,2788914,2789027,2789038,2789181,2789181,2789706,2790707,2791704,2792493,2792493,2792493,H
2742032,2740714,2739641,2739068,2739068,2738594,2738129,2737930,2737930,2737875,2738103,2738615,2739216,2739216,2740128,2741011,2742010,2743064,2743064,2744068,2745264,2745153,2741623,2741623,2736266,2731392,2724989,2719403,2719403,2713407,2708271,2703620,2701139,2701139,2704140,2710270,2715344,2718100,2718100,2719841,2721450,2722100,2722573,H
2705647,2704898,2704397,2704397,2704380,2704312,2704591,2704982,2704982,2705810,2705771,2706257,2707360,2707360,2708281,2709322,2710758,2711622,2711622,2712245,2712990,2710720,2704098,2704098,2698873,2695084,2691926,2690475,2690475,2689420,2687952,2687468,2687961,2687961,2690236,2692757,2693887,2695917,2695917,2698216,2700335,2701646,2701683,H
2724217,2722353,2720803,2720803,2719377,2718395,2717260,2716431,2716431,2716290,2716046,2716336,2716520,2716520,2719216,2710010,2708089,2705576,2705576,2705222,2706529,2707093,2707576,2707576,2710316,2715221,2722512,2731809,2731809,2738570,2742989,2745515,2747218,2747218,2748395,2749771,2751801,2753418,2753418,2755635,2757653,2759134,2759230,H
2750695,2749950,2749950,2749436,2749149,2748894,2748765,2748765,2748766,2748688,2748825,2748853,2748853,2749232,2749736,2749852,2750333,2750333,2746575,2741773,2740541,2740247,2740247,2738663,2736502,2735099,2732636,2732636,2732305,2731615,2732971,2734355,2734355,2736285,2738447,2741701,2744607,2744607,2747461,2748656,2748966,2748990,2748990,H
2818254,2818254,2818254,2818254,2818254,2815638,2813496,2810916,2807128,2803763,2800407,2797447,2795098,2792383,2789717,2787344,2785445,2783717,2782143,2780176,2774977,2771382,2768315,2771490,2771411,2769907,2768283,2770694,2775364,2779346,2782988,2787123,2789703,2791766,2792911,2793538,2793851,2793943,2794183,2794183,2794183,2794183,2794183,H
2668973,2668035,2668035,2666159,2663959,2662334,2661063,2661063,2660290,2659724,2659355,2658290,2658290,2657177,2656809,2656344,2655954,2655954,2656130,2656628,2657089,2656676,2656676,2655683,2652531,2643830,2637496,2637496,2640743,2651147,2658613,2663772,2663772,2671480,2679539,2685095,2688188,2688188,2690829,2694457,2697122,2698800,2698800,H
2755287,2755132,2754550,2754279,2754279,2754207,2754417,2754385,2752959,2752959,2751838,2754480,2757674,2760703,2760703,2762313,2763353,2764001,2764685,2764685,2765104,2765193,2765322,2766458,2766458,2760011,2754306,2750926,2750579,2750579,2753874,2757331,2764132,2769763,2769763,2772923,2775112,2775454,2775839,2775839,2777340,2779317,2779894,H
2685948,2685948,2685082,2685082,2684617,2684193,2683814,2683606,2683606,2683480,2683430,2683374,2683327,2683327,2683276,2682727,2682474,2681233,2681233,2671112,2672512,2670152,2667749,2667749,2665304,2664946,2670825,2682828,2682828,2696328,2705744,2709245,2710866,2710866,2711344,2712022,2711840,2710604,2710604,2708447,2707640,2708125,2708125,H
2790565,2788468,2788468,2786288,2784511,2783247,2782294,2782294,2781374,2780817,2780493,2780066,2780066,2780019,2780058,2780126,2779406,2779406,2777328,2776300,2776795,2772354,2772354,2773099,2771409,2769519,2768192,2768192,2768958,2773549,2777310,2780585,2780585,2782755,2785122,2786322,2787571,2787571,2788388,2789268,2789526,2788497,2788497,H
2758152,2758857,2759552,2759552,2760290,2760789,2760025,2758485,2758485,2756729,2755666,2755130,2755285,2755285,2755583,2755781,2755998,2756093,2756093,2756812,2758533,2758507,2757549,2757549,2756576,2755335,2753679,2751287,2751287,2747669,2744258,2745801,2748962,2748962,2752253,2753769,2755157,2755994,2755994,2756778,2757485,2758495,2759825,H
2760473,2761244,2761907,2761907,2762440,2762816,2763518,2763908,2763908,2763590,2762830,2761521,2760815,2760815,2760644,2760672,2760740,2758990,2758990,2756487,2751641,2752524,2749313,2749313,2750813,2752484,2754653,2759510,2759510,2763223,2768243,2771169,2773168,2773168,2774346,2775659,2777789,2780734,2780734,2783543,2786190,2788707,2790434,H
2758083,2758083,2759572,2760992,2762642,2764037,2764037,2765333,2766581,2767548,2768056,2768056,2767640,2766720,2766001,2765457,2765457,2765382,2765857,2762825,2759895,2759895,2757191,2756630,2754069,2754810,2754810,2757614,2761000,2766032,2774112,2774112,2781714,2787194,2789596,2790685,2790685,2793546,2796317,2799779,2802606,2802606,2804547,H
2767998,2767998,2767998,2768439,2769058,2769644,2770516,2770516,2771158,2771942,2772802,2772802,2772623,2771458,2769296,2768101,2768101,2766451,2764665,2762011,2755997,2755997,2754170,2753572,2752223,2753229,2753229,2758086,2762348,2767646,2772708,2772708,2775876,2778075,2778597,2779469,2779469,2780867,2782669,2784949,2784949,2784949,2784949,H
2794343,2794343,2794343,2793595,2793595,2791795,2790464,2789426,2789134,2789134,2788753,2788655,2788513,2788739,2788739,2789657,2790224,2790647,2791013,2791013,2789095,2788050,2786720,2786205,2786205,2785605,2784618,2783744,2784289,2784289,2786899,2791055,2794954,2798149,2798149,2800481,2802132,2803548,2804440,2804440,2804440,2804440,2804440,H
2764019,2763223,2762730,2762711,2762711,2762663,2762623,2762882,2763642,2763642,2764225,2765086,2765937,2766769,2766769,2767516,2767074,2764069,2760588,2760588,2758434,2755299,2752624,2750013,2750013,2749434,2752177,2755557,2759648,2759648,2763207,2766009,2768384,2770672,2770672,2772319,2774223,2775008,2774384,2774384,2773469,2772941,2772653,H
2700547,2699813,2699813,2699053,2698939,2699065,2699488,2699488,2699761,2700346,2700946,2701632,2701632,2702327,2702834,2702539,2701325,2701325,2697597,2694612,2692001,2690767,2690767,2688682,2686605,2684644,2685609,2685609,2689488,2694002,2698712,2701719,2701719,2703731,2705893,2708650,2708650,2711805,2715016,2717991,2720478,2720478,2721883,H
2779035,2777706,2775671,2775671,2774078,2773054,2772492,2772125,2772125,2771975,2771559,2771854,2772205,2772205,2772789,2773520,2775024,2772088,2772088,2769842,2770434,2768613,2765917,2765917,2761661,2758893,2760243,2763836,2763836,2768112,2771352,2774337,2776374,2776374,2778604,2780600,2782499,2784322,2784322,2786184,2788017,2789744,2790094,H
2769047,2769047,2769047,2769949,2770407,2770407,2769905,2768121,2766224,2764282,2764282,2762830,2761859,2761574,2761206,2761206,2761398,2757744,2755811,2750435,2750435,2745891,2744560,2743965,2745830,2745830,2750386,2754524,2758807,2761677,2761677,2762986,2764136,2765332,2766757,2766757,2768202,2769451,2770083,2770979,2770979,2770979,2770979,H
2713872,2713872,2713872,2713739,2713748,2713903,2714004,2714004,2714282,2714414,2713725,2712561,2712561,2711319,2710494,2709591,2711128,2711128,2713734,2713863,2708739,2706390,2706390,2705318,2703193,2705539,2710781,2710781,2721181,2728659,2735154,2738434,2738434,2739913,2740702,2741982,2743110,2743110,2744471,2746725,2746725,2746725,2746725,H
2770532,2770532,2770752,2770752,2770728,2771078,2771778,2772702,2772702,2773501,2774702,2775848,2776938,2776938,2778055,2778401,2777230,2770907,2770907,2761796,2752565,2750333,2747609,2747609,2747286,2748216,2752556,2757658,2757658,2761658,2764592,2766865,2768242,2768242,2769253,2770612,2771314,2770257,2770257,2768114,2766326,2765523,2765523,H
2761938,2761809,2762201,2762545,2762545,2763197,2763887,2764562,2765379,2765379,2766001,2766841,2766867,2766241,2766241,2764867,2762868,2762047,2759046,2759046,2759166,2757997,2758403,2760083,2760083,2761973,2765879,2769292,2774033,2774033,2778140,2780883,2783281,2784753,2784753,2785037,2784177,2782680,2781645,2781645,2781094,2780744,2780520,H
2768079,2768507,2769124,2769124,2769588,2770111,2769903,2768542,2768542,2766984,2765707,2764950,2764640,2764640,2764165,2762384,2758998,2755363,2755363,2752643,2750530,2746792,2744296,2744296,2741225,2738831,2737830,2741306,2741306,2746425,2752120,2757499,2761223,2761223,2764605,2767264,2769526,2771362,2771362,2773168,2775097,2777021,2778768,H
3090862,3090862,3090862,3090862,3090862,3090862,3090862,3090862,3091462,3092236,3092236,3092724,3092682,3092052,3091311,3091311,3090731,3090755,3090890,3090890,3090890,3090681,3090457,3089593,3089680,3089680,3093626,3097459,3099150,3100901,3100901,3103634,3103634,3103642,3103470,3103470,3103470,3103470,3103470,3103470,3103470,3103470,3103470,M
3097306,3097306,3097306,3097936,3097936,3097982,3097266,3096309,3095498,3095498,3095032,3095040,3094934,3094991,3094991,3094783,3094783,3093740,3091999,3091999,3088050,3088050,3086485,3085107,3085107,3083271,3081895,3081314,3083203,3083203,3086855,3089482,3091979,3093591,3093591,3094396,3095203,3095802,3096380,3096380,3096380,3096380,3096380,M
3088576,3088576,3088576,3088576,3087995,3087995,3087839,3087639,3087610,3087960,3087960,3088241,3088673,3089184,3089802,3089802,3089987,3088612,3088471,3086800,3086800,3085595,3083861,3082397,3080898,3080898,3079803,3078387,3078889,3079301,3079301,3079507,3080409,3081200,3082504,3082504,3083815,3084725,3085968,3085968,3085968,3085968,3085968,M
3062014,3062014,3062014,3062424,3062424,3062920,3063432,3064135,3064929,3064929,3065089,3064443,3063178,3063178,3062191,3061525,3061142,3060855,3060855,3060480,3060432,3060473,3060663,3060663,3060592,3059682,3058989,3057833,3057833,3057290,3055849,3055517,3056845,3056845,3058401,3059425,3059501,3059194,3059194,3058688,3058688,3058688,3058688,M
2994838,2994838,2994838,2994838,2994838,2994838,2994838,2994698,2994845,2995134,2995668,2995668,2996487,2997413,2998384,2999088,2999088,3000104,3001107,3001867,3001220,3001220,2997631,2991119,2984472,2978864,2978864,2976991,2976991,2981365,2991561,2991561,3001195,3008697,3014217,3018381,3018381,3018381,3018381,3018381,3018381,3018381,3018381,M
3078268,3078268,3078268,3078268,3078579,3078893,3078893,3079360,3079868,3080415,3081019,3081019,3080748,3079124,3077337,3075663,3075663,3074260,3073145,3071547,3069636,3069636,3067488,3065651,3065011,3064883,3064883,3065009,3064606,3064165,3063443,3063443,3062330,3061378,3061410,3062361,3062361,3064262,3065928,3065928,3065928,3065928,3065928,M
3032595,3032595,3032595,3032595,3032595,3032595,3032595,3032595,3032595,3032175,3031970,3031962,3032233,3032646,3033345,3033998,3034830,3035387,3036677,3037136,3036512,3035228,3032899,3030443,3028212,3026704,3026993,3028272,3029410,3030853,3032126,3033237,3034238,3035382,3035382,3035382,3035382,3035382,3035382,3035382,3035382,3035382,3035382,M
3025236,3025236,3025236,3025236,3025236,3025236,3025236,3025236,3025255,3025210,3024816,3024646,3024961,3025303,3025749,3026263,3026635,3027549,3028272,3029243,3030070,3030528,3031078,3032357,3034530,3036272,3037090,3037693,3039181,3041736,3044022,3045782,3047292,3048137,3048970,3049338,3049338,3049338,3049338,3049338,3049338,3049338,3049338,M
3086905,3086905,3086905,3086905,3087582,3087582,3088157,3088723,3088071,3086776,3086776,3085507,3084509,3083755,3083619,3083619,3083183,3082798,3081433,3079504,3079504,3075808,3072223,3069374,3068292,3068292,3068861,3070737,3073200,3075556,3075556,3076787,3076496,3075793,3075793,3075014,3074783,3074541,3074308,3074308,3074308,3074308,3074308,M
3056094,3055962,3055941,3055941,3055939,3055898,3056473,3057025,3057025,3057796,3058276,3059227,3059508,3059508,3058977,3057773,3056966,3056409,3056409,3055916,3055521,3055319,3054703,3054703,3054308,3054135,3054489,3054807,3054807,3055699,3056849,3058473,3060228,3060228,3064226,3064226,3065095,3064877,3064877,3064365,3064365,3064761,3064980,M
3052988,3047858,3047858,3043121,3038771,3035186,3032337,3032337,3029368,3026580,3021977,3021977,3021977,3019837,3017972,3016153,3014565,3014565,3012982,3011857,3009946,3007357,3007357,3002637,2995631,2986339,2979723,2979723,2972205,2966225,2960067,2956089,2956089,2954996,2958621,2966041,2975774,2975774,2985231,2991137,2994158,2995365,2995365,M
2868344,2868344,2868344,2865911,2865911,2863859,2862062,2860896,2860246,2860246,2859619,2858845,2858437,2857982,2857982,2857630,2857346,2856623,2854435,2854435,2851334,2847106,2841824,2836421,2836421,2832721,2831132,2830398,2832399,2832399,2837591,2842880,2845885,2848096,2848096,2850267,2852137,2853558,2854565,2854565,2854565,2854565,2854565,M
2677249,2677249,2677249,2677249,2677401,2677560,2677894,2678042,2678042,2678344,2678499,2678418,2678103,2678103,2678218,2678160,2677860,2677494,2677494,2677653,2677566,2676821,2676821,2676987,2677094,2677589,2678100,2678599,2678599,2678807,2679292,2679778,2680157,2680157,2680551,2680410,2680269,2680269,2680376,2680376,2680376,2680376,2680376,M
2802680,2802681,2802681,2801990,2800483,2798992,2797577,2797577,2796259,2795014,2793999,2792806,2792806,2791967,2791150,2790700,2790287,2789719,2789719,2789699,2789400,2789316,2789316,2788954,2788881,2788532,2787988,2787988,2786940,2786222,2785263,2783665,2783665,2782890,2783962,2785486,2786800,2786800,2787455,2788100,2788650,2788860,2788860,M
2804834,2803896,2802351,2802351,2800200,2798021,2795807,2794143,2794143,2792633,2790992,2789804,2789068,2789068,2788598,2787793,2787079,2786154,2786154,2785945,2785485,2785556,2785948,2785948,2786734,2786900,2786386,2785979,2785979,2784596,2785124,2785360,2784801,2784801,2784800,2785737,2785677,2785739,2785739,2786019,2785863,2786222,2786029,M
2796956,2795648,2794682,2794682,2793818,2793365,2792759,2792192,2792192,2791857,2791805,2791721,2791769,2791769,2792328,2791752,2791575,2791721,2791721,2790499,2788961,2787469,2786402,2786402,2786697,2787934,2788924,2790006,2790006,2791062,2791969,2792990,2793642,2793642,2793915,2794176,2794319,2794549,2794549,2794192,2793031,2791314,2789288,M
2776609,2775731,2774791,2773756,2772966,2772966,2772055,2771583,2770911,2770911,2770690,2770418,2770296,2770322,2770322,2770373,2770806,2771398,2771891,2771891,2771129,2768903,2766534,2765543,2765543,2764084,2764268,2763584,2765557,2765557,2768330,2771906,2775379,2777852,2777852,2779851,2781791,2783363,2784571,2784571,2785997,2787292,2787556,M
2795441,2795441,2793631,2793631,2792534,2791396,2790781,2790104,2790104,2789396,2788989,2788856,2788856,2788762,2789058,2789381,2790004,2790004,2790691,2791432,2792535,2791523,2791523,2791079,2788223,2785255,2782937,2782937,2780697,2781764,2783139,2784305,2784305,2785701,2786747,2787776,2788693,2788693,2789720,2790546,2791318,2792254,2792254,M
2777242,2775159,2772486,2772486,2770675,2769189,2768186,2767226,2767226,2766404,2765906,2765476,2765456,2765456,2765659,2765893,2766331,2766825,2766825,2766717,2765228,2761925,2758538,2758538,2757696,2753800,2752559,2751043,2751043,2753467,2754743,2757906,2762375,2762375,2767589,2772458,2775314,2777381,2777381,2779002,2780471,2781880,2781880,M
2740426,2740951,2741514,2742004,2742680,2742680,2743294,2744172,2744438,2744438,2743470,2742336,2741588,2741176,2741176,2740973,2741081,2741008,2740548,2740548,2738645,2735761,2733388,2731443,2731443,2729452,2728124,2728014,2729287,2729287,2734190,2739106,2742969,2744603,2744603,2745522,2746577,2747481,2748100,2748100,2748912,2749421,2750051,M
2757100,2757574,2758140,2758608,2758608,2759354,2759620,2759212,2758268,2758268,2757582,2756845,2756083,2754755,2754755,2752904,2751349,2750143,2748808,2748808,2747462,2745757,2744497,2742733,2742733,2741618,2740843,2740730,2741143,2741143,2742342,2744640,2747174,2749207,2749207,2750531,2751789,2753067,2753649,2753649,2754310,2754876,2755535,M
2748939,2748111,2748111,2747428,2746995,2746903,2747233,2747233,2747476,2747258,2747285,2747412,2747412,2747430,2747439,2747404,2747387,2747387,2747366,2747145,2746511,2744568,2744568,2743386,2741802,2739985,2737211,2737211,2735351,2734374,2734701,2736283,2736283,2739821,2744430,2748682,2751948,2751948,2754886,2757098,2758042,2758612,2758612,M
2697509,2697509,2697039,2696580,2696580,2696253,2695997,2695956,2695183,2695183,2693557,2692440,2693000,2694118,2694118,2695859,2696541,2697406,2697731,2697731,2696042,2691268,2686077,2682437,2682437,2683738,2688837,2693616,2696811,2696811,2699863,2701713,2703137,2703984,2703984,2704036,2703261,2702556,2702033,2702033,2701538,2701290,2701290,M
2756674,2755269,2755269,2754146,2753237,2752435,2751957,2751957,2751219,2750714,2750536,2750208,2750208,2749821,2749895,2749946,2749381,2749381,2746744,2746744,2745335,2744060,2744060,2742018,2738546,2735500,2732918,2732918,2731238,2730094,2731151,2734166,2734166,2740071,2746043,2752432,2755652,2755652,2756637,2756831,2757020,2756140,2754383,M
2703301,2703301,2702731,2702287,2702287,2702405,2702469,2702614,2702390,2702390,2702134,2701856,2702243,2702349,2702349,2702360,2702616,2702747,2702765,2702765,2702599,2700421,2695075,2688674,2688674,2681952,2677289,2674129,2675625,2675625,2684698,2694075,2701032,2705959,2705959,2708832,2710943,2711718,2711901,2711901,2711742,2711708,2711708,M
2687329,2687329,2687796,2688456,2689106,2689647,2689647,2689888,2689934,2690244,2690482,2690482,2690615,2690920,2691244,2691298,2691298,2691355,2691152,2690015,2688351,2688351,2685447,2682574,2681233,2682542,2682542,2686326,2693064,2700904,2706904,2706904,2710510,2712485,2713520,2713995,2713995,2714449,2714028,2713680,2713449,2713449,2712646,M
2770342,2770342,2770342,2770161,2770161,2770230,2770440,2770888,2771674,2771674,2772541,2773518,2774473,2775559,2775559,2776589,2777694,2779161,2780365,2780365,2780731,2778391,2774244,2771823,2771823,2769386,2767649,2767367,2769817,2773035,2773035,2776422,2779356,2781175,2782674,2782674,2784069,2785429,2786408,2786408,2786408,2786408,2786408,M
2766421,2766033,2766033,2765913,2765784,2765645,2765550,2765550,2765881,2766600,2767070,2767806,2767806,2768335,2769293,2769394,2767590,2767590,2765675,2764530,2761861,2758021,2758021,2753526,2751011,2748296,2747779,2747779,2749099,2754191,2759289,2764170,2764170,2768371,2771505,2774506,2775472,2775472,2775085,2774416,2773824,2773592,2773592,M
2798706,2797183,2797183,2796377,2795752,2795173,2794580,2794580,2794417,2794405,2794613,2795073,2795073,2795647,2795769,2796759,2797145,2797145,2796416,2794937,2793928,2793579,2793579,2793125,2791804,2789777,2788496,2788496,2787646,2786967,2788032,2790794,2790794,2792856,2794795,2796388,2798237,2798237,2798900,2798398,2796927,2795858,2795858,M
2792006,2789888,2788368,2788368,2787180,2786739,2786060,2785628,2785628,2785523,2785640,2785702,2786353,2786353,2787121,2787740,2788402,2789341,2789341,2789852,2790680,2791659,2791868,2791868,2792051,2791841,2791548,2790480,2790480,2790171,2790182,2791289,2794929,2794929,2799175,2802626,2805860,2808063,2808063,2810136,2811848,2813426,2814383,M
2778710,2778710,2777347,2777347,2775499,2774528,2774013,2774226,2774226,2774209,2774253,2774292,2774628,2774628,2775211,2775768,2776695,2777320,2777320,2778147,2778425,2779952,2782164,2782164,2782353,2781606,2781355,2781966,2781966,2783053,2784128,2784296,2783691,2783691,2782880,2782347,2782109,2782291,2782291,2782600,2783019,2783821,2783821,M
2772820,2772820,2772888,2773114,2773330,2773330,2773818,2773611,2772573,2771236,2771236,2770130,2769456,2768794,2767326,2767326,2765263,2762871,2758753,2754980,2754980,2752117,2749934,2749032,2748662,2748662,2750441,2754124,2757053,2760486,2760486,2761816,2761841,2762056,2761959,2761959,2762143,2762407,2762614,2763157,2763157,2763882,2763882,M
2793885,2793885,2793885,2793885,2792368,2791300,2791300,2790799,2790536,2790061,2790043,2790043,2789846,2790038,2790535,2791118,2791118,2792229,2792905,2794452,2792988,2792988,2791350,2789455,2788109,2789602,2789602,2791746,2793848,2795733,2797133,2797133,2798423,2799276,2800304,2801094,2801094,2801387,2800712,2800712,2800712,2800712,2800712,M
2807117,2806931,2806931,2806908,2805995,2803849,2801800,2801800,2799897,2798682,2797720,2796847,2796847,2796051,2795361,2794854,2795402,2795402,2796991,2798119,2797421,2796031,2796031,2794452,2792982,2791411,2791411,2788232,2785609,2782987,2781326,2781326,2779876,2779136,2785039,2790065,2790065,2794127,2797326,2800051,2802304,2802304,2803924,M
2714511,2715104,2715104,2715837,2716334,2716137,2714899,2714899,2713696,2712817,2712626,2712552,2712552,2712519,2712415,2712792,2713045,2713045,2713081,2712594,2711203,2709322,2709322,2706846,2703902,2702009,2699115,2699115,2695992,2690865,2687149,2685716,2685716,2687935,2696158,2706296,2706296,2714961,2721281,2725070,2727697,2727697,2730137,M
2741940,2741940,2742423,2743373,2744452,2745463,2745463,2746354,2747141,2748229,2748747,2748747,2748114,2747201,2745923,2745073,2745073,2740222,2736998,2732950,2728817,2728817,2725864,2722309,2720025,2719261,2719261,2721795,2725525,2729404,2733389,2733389,2737575,2740084,2741562,2742172,2742172,2742763,2743340,2744315,2745364,2745364,2746385,M
2781859,2781859,2781859,2781859,2782460,2783233,2783833,2784876,2784876,2785834,2786654,2787727,2787782,2787782,2786210,2784307,2782715,2782715,2781368,2780056,2779261,2778872,2778872,2778380,2778403,2779939,2782259,2782259,2784316,2786284,2788138,2789683,2789683,2791357,2791758,2790850,2789226,2789226,2787932,2787932,2787932,2787932,2787932,M
2769181,2768881,2769094,2769268,2769268,2769853,2770134,2770695,2771038,2771038,2771779,2770931,2768759,2766359,2766359,2764471,2763411,2762341,2762211,2762211,2759781,2758132,2755962,2754870,2754870,2754041,2755174,2758429,2761731,2761731,2764555,2764796,2763344,2761935,2761935,2761337,2761695,2762476,2762476,2762316,2761118,2760009,2759532,M
2756874,2756961,2756961,2757363,2757963,2758769,2759579,2759579,2760294,2760996,2761774,2762564,2762564,2763341,2764478,2764549,2763109,2763109,2761001,2759144,2757617,2756640,2756640,2756835,2757445,2757579,2760218,2760218,2763149,2764212,2765354,2767066,2768596,2768596,2769596,2770278,2770856,2770856,2770834,2770400,2769013,2766831,2766831,M
3076847,3076847,3076847,3076847,3076847,3076847,3076847,3076114,3075728,3075728,3075539,3075389,3075341,3075228,3075228,3075625,3075859,3075893,3076312,3076312,3076297,3076639,3076676,3077093,3077093,3077829,3079112,3079840,3080418,3080418,3080868,3081212,3081367,3081367,3081367,3081623,3082031,3082031,3082031,3082031,3082031,3082031,3082031,S
2951484,2951484,2951484,2951484,2951484,2951484,2950671,2949735,2949735,2948978,2948298,2947579,2946310,2946310,2944512,2942543,2941076,2939963,2939963,2939251,2937976,2935433,2932538,2932538,2930047,2928427,2929172,2931184,2931184,2933387,2935008,2936226,2937091,2937091,2937759,2938180,2938189,2937488,2937488,2937488,2937488,2937488,2937488,S
3057954,3057954,3057954,3057954,3057954,3058528,3058528,3059180,3059373,3058936,3057465,3057465,3056188,3055248,3053823,3053823,3053823,3053243,3052921,3052585,3052696,3052696,3053007,3053845,3054545,3054666,3054666,3053656,3052964,3052154,3051761,3051761,3051366,3051930,3053210,3053406,3053406,3049253,3049253,3049253,3049253,3049253,3049253,S
3069343,3069343,3069343,3069343,3069343,3069343,3069343,3068583,3067860,3067547,3067321,3067321,3067356,3067382,3067704,3067904,3067904,3068062,3068106,3068207,3066650,3066650,3064416,3061193,3058964,3057773,3057773,3057903,3058605,3058639,3058352,3058352,3058630,3058699,3058513,3058513,3058541,3058622,3058622,3058622,3058622,3058622,3058622,S
3055248,3055248,3055248,3055248,3055248,3055248,3055770,3056331,3057057,3057977,3057977,3058181,3057354,3056207,3055123,3055123,3054378,3053698,3053180,3052540,3052540,3050553,3048691,3046872,3045879,3045879,3046012,3046531,3047541,3048736,3048736,3049899,3051008,3052099,3053073,3053073,3052822,3051974,3051974,3051974,3051974,3051974,3051974,S
3070766,3070766,3070766,3070766,3070766,3070766,3070766,3069645,3067761,3067761,3066195,3065032,3064129,3063305,3063305,3062590,3062050,3061391,3061390,3061390,3061565,3061777,3061066,3061066,3061066,3060260,3059952,3060117,3060798,3060798,3062029,3062950,3063038,3061594,3061594,3059842,3058435,3058435,3058435,3058435,3058435,3058435,3058435,S
3075258,3075258,3075258,3075258,3075258,3075258,3075258,3075258,3075924,3076510,3076052,3074575,3073037,3071900,3071427,3071003,3070811,3070141,3069138,3067877,3067877,3067009,3065995,3065667,3066154,3067031,3069118,3071231,3072907,3074804,3075700,3075500,3074683,3074091,3074173,3074173,3074173,3074173,3074173,3074173,3074173,3074173,3074173,S
3029643,3029643,3029643,3029643,3029200,3029200,3028905,3028775,3028875,3029281,3029281,3029430,3029582,3030089,3030601,3030601,3031063,3031148,3029803,3026909,3026909,3023791,3020651,3018375,3017603,3017603,3017971,3019324,3022483,3026045,3026045,3029158,3031813,3034434,3036357,3036357,3037804,3038934,3040117,3040117,3040117,3040117,3040117,S
2977864,2977864,2977864,2977864,2977864,2977074,2976433,2976433,2976162,2975715,2975395,2975112,2975112,2974833,2974984,2974839,2974064,2974064,2971162,2967517,2964267,2961862,2961862,2961271,2962187,2963562,2964464,2964464,2965211,2965808,2966361,2966113,2966871,2966871,2967235,2967483,2967550,2967550,2967711,2967711,2967711,2967711,2967711,S
3067753,3067753,3067753,3067753,3067888,3067888,3068043,3067475,3065928,3064209,3064209,3062923,3061792,3061322,3060369,3060369,3059875,3059527,3058374,3056698,3056698,3055095,3053342,3051871,3050254,3049137,3048446,3048815,3050168,3050168,3052143,3053467,3054416,3055002,3055002,3055476,3056079,3056153,3056354,3056354,3056354,3056354,3056354,S
3086274,3086274,3086274,3086274,3086274,3087247,3088298,3088298,3089524,3090390,3090344,3089185,3089185,3088072,3087283,3087326,3087410,3087410,3087375,3087288,3086881,3086946,3086946,3086820,3086813,3086625,3087082,3087082,3088362,3090309,3091192,3090800,3089740,3089740,3089289,3089150,3089623,3089623,3089671,3089671,3089671,3089671,3089671,S
2994980,2994980,2994980,2994924,2995358,2995610,2995610,2995536,2995325,2994171,2992684,2992684,2991004,2989622,2988373,2987242,2987242,2986234,2984967,2983775,2983002,2983002,2981122,2978915,2976004,2973216,2973216,2970387,2968489,2968610,2971123,2971123,2974568,2976251,2976666,2976917,2976917,2977100,2977089,2976961,2976961,2976961,2976961,S
2820317,2820317,2818508,2816909,2815213,2813764,2813764,2812077,2810484,2809281,2808333,2808333,2807480,2806785,2806265,2805727,2805727,2805459,2805080,2804741,2804394,2804394,2804332,2803340,2801275,2799274,2799274,2798303,2796647,2796640,2796089,2796089,2795883,2795239,2796147,2798112,2798112,2799377,2800947,2801702,2802456,2802456,2802989,S
2833945,2833945,2833105,2832907,2832907,2832683,2832637,2832759,2832906,2832906,2832723,2831985,2830156,2828180,2828180,2826623,2825116,2823984,2823264,2823264,2822398,2821457,2821238,2820754,2820754,2820121,2819515,2818931,2818213,2818213,2817929,2817884,2816961,2816747,2816747,2816320,2816258,2815991,2816086,2816086,2816190,2816190,2816190,S
2681379,2681212,2681076,2680923,2680923,2681041,2681086,2681267,2681534,2681534,2680816,2679588,2678653,2678035,2678035,2677659,2676167,2674591,2673162,2673162,2672116,2672692,2674086,2674710,2674710,2674751,2674808,2676360,2678061,2678061,2679592,2679783,2679283,2679372,2679372,2679694,2680410,2680798,2681535,2681535,2681705,2681579,2681281,S
2798686,2797805,2797180,2797180,2796670,2796328,2796195,2795701,2795701,2795454,2795491,2795801,2796112,2796112,2796525,2796856,2797318,2797252,2797252,2797429,2797496,2797365,2796367,2796367,2795172,2794647,2795045,2795824,2795824,2796333,2796448,2796535,2796795,2796795,2797463,2797765,2797802,2797802,2798229,2798599,2799047,2799436,2799436,S
2784122,2784122,2784122,2784122,2782800,2782800,2781738,2781090,2780316,2779510,2779510,2778776,2778641,2778248,2778133,2778133,2778029,2777482,2777643,2777643,2777662,2779578,2781923,2783024,2783024,2783189,2782656,2783260,2784357,2784357,2784932,2785026,2785109,2785030,2785030,2784839,2784622,2784368,2784377,2784377,2784377,2784377,2784377,S
2797475,2797475,2796775,2796118,2795482,2795482,2794818,2793816,2792089,2789991,2789991,2787986,2786623,2785709,2784530,2784530,2783946,2783420,2783078,2782522,2782522,2781900,2781038,2779814,2778563,2778563,2777374,2776589,2776202,2775927,2775927,2776345,2776873,2778281,2779029,2779029,2779595,2780078,2780199,2780673,2780673,2781379,2781379,S
2800643,2800643,2800933,2801413,2801819,2801510,2801510,2800416,2799168,2797974,2797087,2797087,2796628,2796142,2795550,2794810,2794810,2794939,2794564,2795795,2796519,2796519,2797326,2797926,2797538,2796362,2796362,2794133,2791871,2790177,2790269,2790269,2790971,2792093,2793431,2794530,2794530,2795815,2797008,2798393,2799758,2799758,2799758,S
2782343,2781926,2781739,2781739,2781508,2781346,2781174,2781150,2781150,2781170,2780458,2778688,2776720,2776720,2775179,2774176,2773416,2772590,2772590,2772028,2771578,2771306,2771198,2771198,2771563,2771263,2770064,2768302,2768302,2765848,2764564,2764168,2763839,2763839,2764034,2764824,2765472,2766072,2766072,2766487,2766809,2767411,2767849,S
2765101,2765101,2765101,2766383,2767277,2767624,2768252,2768252,2768652,2768952,2769365,2769861,2769861,2770252,2770747,2771158,2771881,2771881,2772159,2772071,2770460,2766966,2766966,2763864,2761836,2759889,2757372,2757372,2757144,2759351,2761901,2764516,2764516,2766826,2768849,2770250,2771431,2771431,2772372,2772414,2772414,2772414,2772414,S
2722322,2722322,2722322,2722322,2722322,2722322,2722322,2722340,2722097,2722097,2722197,2722325,2722852,2722941,2722638,2721480,2720379,2719518,2719034,2718605,2718380,2717247,2715414,2713215,2711617,2710994,2712422,2715729,2720143,2723984,2726878,2728518,2729645,2730265,2730278,2729501,2729501,2729501,2729501,2729501,2729501,2729501,2729501,S
2743175,2743175,2743175,2743175,2743175,2743175,2743175,2743175,2740672,2738607,2736494,2733703,2729915,2725964,2722721,2720303,2718727,2717003,2715560,2714146,2712371,2710067,2708257,2706003,2704302,2702668,2702116,2703930,2708669,2713841,2717150,2719251,2719947,2719725,2719626,2719628,2719628,2719628,2719628,2719628,2719628,2719628,2719628,S
2724195,2724195,2724195,2724013,2724063,2723837,2723905,2724042,2723973,2723767,2724010,2723956,2723268,2721952,2720745,2719857,2719249,2718642,2717303,2715643,2713897,2713897,2712839,2711100,2710510,2710979,2710972,2709900,2709407,2709789,2711965,2716463,2721516,2724826,2727305,2729619,2731336,2731936,2732746,2733558,2733558,2733558,2733558,S
2669250,2669250,2669250,2669250,2669250,2669250,2666624,2664317,2662133,2660248,2658438,2657022,2655817,2654592,2653791,2652948,2652141,2651332,2650763,2650207,2648977,2646521,2643171,2639708,2635651,2632195,2630035,2629755,2631891,2635162,2639425,2642659,2643953,2644270,2644529,2644587,2644737,2644524,2644524,2644524,2644524,2644524,2644524,S
2810189,2810189,2810189,2810189,2811349,2812293,2813514,2813514,2814685,2816032,2816456,2815943,2815943,2815035,2814608,2814776,2814696,2814696,2814948,2813688,2812709,2811987,2811987,2811594,2813859,2815813,2818116,2818116,2820239,2822130,2823929,2825700,2825700,2826122,2825653,2824878,2824279,2824279,2823908,2823908,2823908,2823908,2823908,S
2755777,2755777,2755777,2755777,2755777,2756846,2756846,2758159,2759537,2760790,2762307,2762307,2763536,2763341,2761711,2760120,2760120,2759097,2758426,2758439,2757640,2757640,2756345,2754479,2754269,2757167,2757167,2761144,2764815,2768001,2770717,2773188,2775541,2777214,2777682,2777682,2776672,2775393,2774487,2774487,2774487,2774487,2774487,S
2759537,2759537,2757891,2756735,2755776,2755291,2755291,2754786,2754184,2753972,2754085,2754085,2754134,2754181,2754285,2753936,2753936,2752551,2749870,2747809,2745468,2745468,2742692,2740501,2740943,2744601,2744601,2750665,2755911,2760022,2762833,2762833,2765495,2767760,2769607,2771183,2771183,2772595,2773903,2775356,2776877,2776877,2776877,S
2799399,2799399,2796608,2794254,2792440,2791019,2791019,2790180,2789153,2788707,2788423,2788423,2788416,2788970,2789565,2790369,2790369,2791369,2792659,2793116,2793461,2793461,2791437,2789345,2787340,2786864,2786864,2788998,2791724,2795080,2798021,2798021,2800372,2802511,2804378,2806110,2806110,2807728,2809196,2810683,2812306,2812306,2812306,S
2759989,2759989,2759989,2759793,2759705,2759478,2759412,2759412,2759470,2759850,2760327,2760783,2760783,2761689,2762327,2762805,2763011,2763011,2762065,2759954,2759238,2760105,2760105,2761639,2763592,2764984,2766386,2766386,2767786,2768950,2769965,2770679,2770679,2771492,2771884,2772318,2771986,2771986,2770774,2769162,2769162,2769162,2769162,S
2786433,2786433,2786433,2786433,2786433,2785402,2784029,2782739,2781938,2781938,2781493,2781464,2781076,2781164,2781164,2781552,2781567,2781615,2780890,2780890,2779991,2779888,2780593,2781612,2781612,2783296,2783925,2784681,2785242,2785242,2785633,2786413,2786731,2786993,2786993,2787338,2787891,2788543,2789262,2789262,2789262,2789262,2789262,S
2838092,2837492,2837114,2836703,2836703,2836595,2836519,2836830,2837289,2837289,2837603,2836915,2835627,2833862,2833862,2832716,2831895,2831253,2830359,2830359,2829338,2828840,2828021,2827825,2827825,2827976,2828764,2829880,2828813,2828813,2827134,2824844,2823728,2822912,2822912,2821998,2821135,2820898,2820715,2820715,2820405,2820769,2820839,S
2815805,2815021,2815021,2814510,2814385,2814073,2813999,2813999,2813804,2813868,2814019,2814241,2814241,2814500,2814782,2814651,2813792,2813792,2812741,2811933,2811757,2811655,2811655,2811180,2811063,2810983,2811003,2811003,2811183,2811956,2813533,2815320,2815320,2816022,2815672,2815383,2815482,2815482,2815789,2816149,2816323,2816628,2816628,S
2730449,2730449,2729737,2729389,2729351,2729241,2729241,2729141,2729277,2729607,2730376,2730376,2731090,2731698,2732334,2732334,2732782,2733258,2733893,2733497,2733497,2732116,2730006,2728808,2726584,2726584,2723908,2721047,2719061,2718680,2718680,2720225,2724253,2727638,2731519,2731519,2734499,2737098,2738969,2740141,2740141,2740993,2740349,S
2797835,2797835,2797835,2797835,2797835,2798315,2798315,2798595,2799102,2799527,2800169,2800169,2800888,2801539,2800387,2798125,2798125,2796178,2794946,2793934,2793166,2793166,2792201,2791462,2790958,2791024,2791024,2792202,2793282,2794742,2797475,2800477,2800477,2802938,2804450,2803790,2803790,2802004,2799831,2799831,2799831,2799831,2799831,S
2711509,2711509,2711509,2709089,2706625,2704509,2704509,2702862,2701672,2700508,2699514,2699514,2698583,2697722,2696850,2695340,2695340,2692312,2688442,2683415,2679408,2679408,2676659,2676964,2680490,2685378,2685378,2689652,2692159,2693957,2694543,2694543,2695019,2695237,2695334,2694703,2694703,2692952,2690949,2689565,2689565,2689565,2689565,S
2757955,2757955,2757955,2757955,2757955,2757062,2756194,2756194,2755412,2754783,2754208,2754208,2753664,2753326,2753263,2753156,2753156,2752673,2750773,2747394,2744279,2744279,2741695,2741254,2744206,2749189,2749189,2753677,2757481,2760548,2763072,2764829,2764829,2766174,2766930,2767879,2767879,2769047,2769841,2769841,2769841,2769841,2769841,S
2752232,2751304,2751304,2750623,2750125,2749742,2749775,2749775,2749963,2750151,2750480,2750863,2750863,2751119,2751460,2751909,2752166,2752166,2751611,2749734,2748135,2748571,2748571,2748147,2748637,2750052,2752489,2752489,2755677,2758882,2761882,2763984,2763984,2765356,2766434,2767297,2767664,2767664,2768081,2768242,2767373,2765357,2765357,S
2097144,2097144,2097144,2097144,2097144,2097144,2097144,2097144,2097098,2097178,2097179,2097179,2097093,2097159,2097127,2097110,2097110,2097041,2097178,2097210,2097085,2097085,2097177,2097235,2097227,2097225,2097225,2097160,2097135,2097107,2097158,2097158,2097185,2097225,2097173,2097173,2097173,2097173,2097173,2097173,2097173,2097173,2097173,S
